doc_id,block_type,para_id,sent_id,is_para_final,page_n,textstring_orig,textstring_rich,textstring_simple
micraelius_pommernland03_1639,head,0,0,True,1,Johannis Micraelij Drittes Buch Deß Alten Saͤchſiſchen Pommerlandes/ Darin befindlich/ Was ſich ſeyther Suantibori Zeiten biß auff den Held Bogislaum X. in vnterſcheidlichen Regierungen zugetragen habe. Gedruckt zu Alten Stetin/ Bey vnd in Vorlegung Georg Rheten/ Anno M. DC. XXXIX.,johannis micraelij drittes buch deß alten saͤchſiſchen pommerlandes darin befindlich was ſich ſeyther suantibori zeiten biß auff den held bogislaum x in vnterſcheidlichen regierungen zugetragen habe gedruckt zu alten stetin bey vnd in vorlegung georg rheten anno m dc xxxix,iohannis micraelii drittes buch dess alten sachsischen pommerlandes darin befindlich was sich seyther suantibori zeiten biss auff den held bogislaum x in unterscheidlichen regierungen zugetragen habe gedruckt zu alten stetin bey und in uorlegung georg rheten anno m dc xxxix
micraelius_pommernland03_1639,body,1,0,True,3,"Denen Edlen/ Wol Ehrenveſten/ Groß Achtbahrn/ Hoch- vnd Wolgelahrten/ auch Hochvnd Wolweiſen Herꝛen/ Buͤrgermeiſteren/ Syndicis, Caͤmmerern vnd Rahts verwandten/ der vornehmen Pommeriſchen Stifftiſchen vnd reſpectivè Hanſee vnd Biſchofflichen Haupt- vnd Reſidentz Staͤdte Collberg Vnd Coͤßlin/ Meinen inſonders großguͤnſtigen/ hochgeehreten Herꝛen vnd Goͤnnern.",denen edlen wol ehrenveſten groß achtbahrn hoch vnd wolgelahrten auch hochvnd wolweiſen herꝛen buͤrgermeiſteren syndicis caͤmmerern vnd rahts verwandten der vornehmen pommeriſchen stifftiſchen vnd reſpectivè hanſee vnd biſchofflichen haupt vnd reſidentz staͤdte collberg vnd coͤßlin meinen inſonders großguͤnſtigen hochgeehreten herꝛen vnd goͤnnern,denen edlen wol ehrenuesten gross achtbahrn hoch und wolgelahrten auch hochund wolweisen heren burgermeisteren syndicis cammerern und rahts uerwandten der uornehmen pommerischen stifftischen und respectiue hansee und bischofflichen haupt und residentz stadte collberg und cosslin meinen insonders grossgunstigen hochgeehreten heren und gonnern
micraelius_pommernland03_1639,body,2,0,False,3,"EDle/ Wol Ehrnveſte/ Groß Achtbahre/ Hoch- vnd Wolgelarte/ Hoch- vnd Wolweiſe/ inſonders großguͤnſtige hochgeehrte Herꝛen/ wann Jch bey meinen meditationibus, ſo Jch bey Beſchreibung des Alten Pommerlandes fuͤhre/ Senecæ Wort/ ſo in ſeinem herꝛlichen Buche de Conſolatione gefunden werden/ betrachte/ weñ er ſpricht: Vix invenias ullam terram, quam etiam nunc indigenæ colant: permixta omnia & inſititia ſunt.",edle wol ehrnveſte groß achtbahre hoch vnd wolgelarte hoch vnd wolweiſe inſonders großguͤnſtige hochgeehrte herꝛen wann jch bey meinen meditationibus ſo jch bey beſchreibung des alten pommerlandes fuͤhre senecæ wort ſo in ſeinem herꝛlichen buche de conſolatione gefunden werden betrachte weñ er ſpricht vix invenias ullam terram quam etiam nunc indigenæ colant permixta omnia & inſititia ſunt,edle wol ehrnueste gross achtbahre hoch und wolgelarte hoch und wolweise insonders grossgunstige hochgeehrte heren wann ich bey meinen meditationibus so ich bey beschreibung des alten pommerlandes fuhre senecae wort so in seinem herlichen buche de consolatione gefunden werden betrachte wenn er spricht uix inuenias ullam terram quam etiam nunc indigenae colant permixta omnia et insititia sunt
micraelius_pommernland03_1639,body,2,1,False,3,Alius alii ſucceſſit.,alius alii ſucceſſit,alius alii successit
micraelius_pommernland03_1639,body,2,2,False,3,"Hic concupivit, quod alii faſtidio fuit.",hic concupivit quod alii faſtidio fuit,hic concupiuit quod alii fastidio fuit
micraelius_pommernland03_1639,body,2,3,False,3,"Unde ille expulerat, ejectus eſt: So beduͤncket mich/ dz er recht zugetroffen habe.",unde ille expulerat ejectus eſt so beduͤncket mich dz er recht zugetroffen habe,unde ille expulerat eiectus est so beduncket mich dz er recht zugetroffen habe
micraelius_pommernland03_1639,body,2,4,False,3,Man mag gehen/ in welches Land man wil/ ſo ſind daſelbſt allgemach die Einkoͤmlinge maͤchtiger/ als die erſte Einwohner geworden.,man mag gehen in welches land man wil ſo ſind daſelbſt allgemach die einkoͤmlinge maͤchtiger als die erſte einwohner geworden,man mag gehen in welches land man wil so sind daselbst allgemach die einkomlinge machtiger als die erste einwohner geworden
micraelius_pommernland03_1639,body,2,5,False,3,Hiſpanien/ Jtalien/ Galliẽ ſind nebenſt Teutſchland die maͤchtigſte Provincien in Europa.,hiſpanien jtalien galliẽ ſind nebenſt teutſchland die maͤchtigſte provincien in europa,hispanien italien gallien sind nebenst teutschland die machtigste prouincien in europa
micraelius_pommernland03_1639,body,2,6,False,3,Man frage jhre Geſchichtbuͤcher/ da wird man alsfort ſehen/ wie jhre erſte Einwohner entweder gar Zeitig weichen/ oder ſich mit frembden Gaͤſten vermengen/ vnd gleichſam als ein New Volck werden muͤſſen.,man frage jhre geſchichtbuͤcher da wird man alsfort ſehen wie jhre erſte einwohner entweder gar zeitig weichen oder ſich mit frembden gaͤſten vermengen vnd gleichſam als ein new volck werden muͤſſen,man frage ihre geschichtbucher da wird man alsfort sehen wie ihre erste einwohner entweder gar zeitig weichen oder sich mit frembden gasten uermengen und gleichsam als ein new uolck werden mussen
micraelius_pommernland03_1639,body,2,7,False,4,Dann wie der Baum/ der auff einen frembden Stamm gepfropffet wird/ beſſer zutraͤget/ als der auß ſeinem Kern waͤchſet: Alſo ſuchen die Voͤlcker jhre groͤſſeſte Lob in frembden Laͤndern.,dann wie der baum der auff einen frembden stamm gepfropffet wird beſſer zutraͤget als der auß ſeinem kern waͤchſet alſo ſuchen die voͤlcker jhre groͤſſeſte lob in frembden laͤndern,dann wie der baum der auff einen frembden stamm gepfropffet wird besser zutraget als der auss seinem kern wachset also suchen die uolcker ihre grosseste lob in frembden landern
micraelius_pommernland03_1639,body,2,8,False,4,Dannenher iſt kein wunder/ das auch vnſere Vorfahren/ da ſie der Tugend nachſtrebeten/ jhre Gluͤck anders wo geſuchet/ vnd das mitlerweil andere Voͤlcker ſich in jhre Lande geſetzet haben.,dannenher iſt kein wunder das auch vnſere vorfahren da ſie der tugend nachſtrebeten jhre gluͤck anders wo geſuchet vnd das mitlerweil andere voͤlcker ſich in jhre lande geſetzet haben,dannenher ist kein wunder das auch unsere uorfahren da sie der tugend nachstrebeten ihre gluck anders wo gesuchet und das mitlerweil andere uolcker sich in ihre lande gesetzet haben
micraelius_pommernland03_1639,body,2,9,False,4,Doch wie ein guter Wandersmann/ wenn er ſeine Reiſe verrichtet/ wieder an ſeine Heymath gedencket/ vnd alle ſein vermoͤgen daſelbſt haͤußlich anwendet/ alſo haben auch vnſere Vorfahren/ die alte Teutſchen/ ſich Weiland auß dieſem jhrem Lande erhaben/ vnd daſſelbe quitiret/ aber da ſie endlich ſich genugſamb getumlet/ vnd viele Landſproͤßlein allenthalben hinter ſich gelaſſen/ iſt endlich der Rauch jhres Vaterlandes jhnen viele angenehmer geworden/ als aller frembder Laͤnder Luſt vnd Ergetzligkeit.,doch wie ein guter wandersmann wenn er ſeine reiſe verrichtet wieder an ſeine heymath gedencket vnd alle ſein vermoͤgen daſelbſt haͤußlich anwendet alſo haben auch vnſere vorfahren die alte teutſchen ſich weiland auß dieſem jhrem lande erhaben vnd daſſelbe quitiret aber da ſie endlich ſich genugſamb getumlet vnd viele landſproͤßlein allenthalben hinter ſich gelaſſen iſt endlich der rauch jhres vaterlandes jhnen viele angenehmer geworden als aller frembder laͤnder luſt vnd ergetzligkeit,doch wie ein guter wandersmann wenn er seine reise uerrichtet wieder an seine heymath gedencket und alle sein uermogen daselbst hausslich anwendet also haben auch unsere uorfahren die alte teutschen sich weiland auss diesem ihrem lande erhaben und dasselbe quitiret aber da sie endlich sich genugsamb getumlet und uiele landsprosslein allenthalben hinter sich gelassen ist endlich der rauch ihres uaterlandes ihnen uiele angenehmer geworden als aller frembder lander lust und ergetzligkeit
micraelius_pommernland03_1639,body,2,10,False,4,Vnſere Pommeriſche Suevier/ Gothen/ Wandali/ vnd Ruͤgianer hetten anderweit jhre Heyl eine Zeitlang geſuchet/ vnd vncerdeß war jhre Land den Sarmatiſchen Wenden durch ſtetige beywohnung vnd vberſchwemmung gleichſam Preiß gegeben.,vnſere pommeriſche suevier gothen wandali vnd ruͤgianer hetten anderweit jhre heyl eine zeitlang geſuchet vnd vncerdeß war jhre land den sarmatiſchen wenden durch ſtetige beywohnung vnd vberſchwemmung gleichſam preiß gegeben,unsere pommerische sueuier gothen wandali und rugianer hetten anderweit ihre heyl eine zeitlang gesuchet und uncerdess war ihre land den sarmatischen wenden durch stetige beywohnung und uberschwemmung gleichsam preiss gegeben
micraelius_pommernland03_1639,body,2,11,False,4,Daſſelbe hette ſich auch nebenſt den hintergelaſſenen Einwohnern in die Kleidung/ Sitten vnd Sprache der Wenden dermaſſen geſchicket/ das wenig Teutſch im Lande mehr vbrig war.,daſſelbe hette ſich auch nebenſt den hintergelaſſenen einwohnern in die kleidung sitten vnd sprache der wenden dermaſſen geſchicket das wenig teutſch im lande mehr vbrig war,dasselbe hette sich auch nebenst den hintergelassenen einwohnern in die kleidung sitten und sprache der wenden dermassen geschicket das wenig teutsch im lande mehr ubrig war
micraelius_pommernland03_1639,body,2,12,False,4,Als aber die alte Pommeriſche Teutſchen jhren Lauff der Wanderſchafft vollendet/ vnd druͤber das ſuͤſſe Joch Chriſti hetten tragen lernen/ wolten ſie ſolchen jhren gewinn jhrem alten Vaterlande mittheilen/ vnd dannenher hat ſich Niemand mehr als die Sachſen bemuͤhet/ das dz Land zwiſchen der Elbe vnd Weyſſel/ das iſt/ das vhralte Vaterland der rechten Suevier/ Wandalier vnd Gothen/ moͤchte zu Chriſto bekehret werden/ geſtalt ſie dann dazu der Teutſchen Kaͤyſer vnd der beyden Koͤnige auß Dennemarck vnd Polen huͤlffe erfordert vnd erlanget haben.,als aber die alte pommeriſche teutſchen jhren lauff der wanderſchafft vollendet vnd druͤber das ſuͤſſe joch chriſti hetten tragen lernen wolten ſie ſolchen jhren gewinn jhrem alten vaterlande mittheilen vnd dannenher hat ſich niemand mehr als die sachſen bemuͤhet das dz land zwiſchen der elbe vnd weyſſel das iſt das vhralte vaterland der rechten suevier wandalier vnd gothen moͤchte zu chriſto bekehret werden geſtalt ſie dann dazu der teutſchen kaͤyſer vnd der beyden koͤnige auß dennemarck vnd polen huͤlffe erfordert vnd erlanget haben,als aber die alte pommerische teutschen ihren lauff der wanderschafft uollendet und druber das susse ioch christi hetten tragen lernen wolten sie solchen ihren gewinn ihrem alten uaterlande mittheilen und dannenher hat sich niemand mehr als die sachsen bemuhet das dz land zwischen der elbe und weyssel das ist das uhralte uaterland der rechten sueuier wandalier und gothen mochte zu christo bekehret werden gestalt sie dann dazu der teutschen kayser und der beyden konige auss dennemarck und polen hulffe erfordert und erlanget haben
micraelius_pommernland03_1639,body,2,13,False,4,Dieſer Nahme der Sachſen iſt vom Tacito nicht geſetzet/ es moͤchte dann ſein/ das er die Sachſen durch die Foſos verſtuͤnde/ die er zwiſchen den Cheruskern vnd Cimbren/ das iſt/ zwiſchen den Braunſchweigern vnd Holſteinern leget.,dieſer nahme der sachſen iſt vom tacito nicht geſetzet es moͤchte dann ſein das er die sachſen durch die foſos verſtuͤnde die er zwiſchen den cheruskern vnd cimbren das iſt zwiſchen den braunſchweigern vnd holſteinern leget,dieser nahme der sachsen ist uom tacito nicht gesetzet es mochte dann sein das er die sachsen durch die fosos uerstunde die er zwischen den cheruskern und cimbren das ist zwischen den braunschweigern und holsteinern leget
micraelius_pommernland03_1639,body,2,14,False,4,Aber ſolches Land were gar zu klein fuͤr die weitberuͤmbte Sachſen/ die faſt ein gantz Koͤnigreich beſeſſen haben.,aber ſolches land were gar zu klein fuͤr die weitberuͤmbte sachſen die faſt ein gantz koͤnigreich beſeſſen haben,aber solches land were gar zu klein fur die weitberumbte sachsen die fast ein gantz konigreich besessen haben
micraelius_pommernland03_1639,body,2,15,False,4,Reinneccius fuhret ſie von den Aſiatiſchen Sacis oder Tectoſagibus her.,reinneccius fuhret ſie von den aſiatiſchen sacis oder tectoſagibus her,reinneccius fuhret sie uon den asiatischen sacis oder tectosagibus her
micraelius_pommernland03_1639,body,2,16,False,4,Aber der Muͤhe darfen wir nicht.,aber der muͤhe darfen wir nicht,aber der muhe darfen wir nicht
micraelius_pommernland03_1639,body,2,17,False,4,Es kan auch nicht zur genuͤge behauptet werden.,es kan auch nicht zur genuͤge behauptet werden,es kan auch nicht zur genuge behauptet werden
micraelius_pommernland03_1639,body,2,18,False,4,"Vnſere Sachſen ſind die rechte Landſaſſen oder Landſaten/ αὠτόχϑονες, Aborigines & Indigenæ, die in dem Lande zwiſchen der Weyſſel vnd Elbe von anfang gewohnet/ vnd der Niederteutſchen Sprache gebrauchet haben.",vnſere sachſen ſind die rechte landſaſſen oder landſaten αὠτόχϑονες aborigines & indigenæ die in dem lande zwiſchen der weyſſel vnd elbe von anfang gewohnet vnd der niederteutſchen sprache gebrauchet haben,unsere sachsen sind die rechte landsassen oder landsaten aborigines et indigenae die in dem lande zwischen der weyssel und elbe uon anfang gewohnet und der niederteutschen sprache gebrauchet haben
micraelius_pommernland03_1639,body,2,19,False,4,Vnd da ſie zuvorn ins gemein Suevi/ wie auch in abſonderlichen Laͤndern Gothen/ Vandali/ Longobardi/ Rugiani geheiſſen wuͤrden/ hat endlich der Sachſen Nahme den Niederteutſchen an der Elbe vnd Weſer gefallen/ vnd nicht vnbillig.,vnd da ſie zuvorn ins gemein suevi wie auch in abſonderlichen laͤndern gothen vandali longobardi rugiani geheiſſen wuͤrden hat endlich der sachſen nahme den niederteutſchen an der elbe vnd weſer gefallen vnd nicht vnbillig,und da sie zuuorn ins gemein sueui wie auch in absonderlichen landern gothen uandali longobardi rugiani geheissen wurden hat endlich der sachsen nahme den niederteutschen an der elbe und weser gefallen und nicht unbillig
micraelius_pommernland03_1639,body,2,20,False,4,Dann nach deme ſie die groſſe Zuͤge wieder die Roͤmer/ den andern Teutſchen zu huͤlffe/ verrichtet/ vnd faſt mit der gantzen Mannſchafft jhre vorige Land quitiret/ vnd ſolches vnterdeß von den Wenden vom Weſten vnd Suͤden vberſchwemmet fahen/ haben ſie dieſelbe/ wie billig/ nicht fuͤr die rechte Saſſen oder Einwohner/ ſondern ſich allein dafuͤr geachtet/ vnd nicht ehe auff gehoͤret wieder ſie zu fechten/ biß ſie jhre Altſaßiſche Gebraͤuche vnd Sprache in Jhre Vaterland wiederumb gebracht/ welches doch nicht ſo geſchwinde hat geſchehen koͤnnen.,dann nach deme ſie die groſſe zuͤge wieder die roͤmer den andern teutſchen zu huͤlffe verrichtet vnd faſt mit der gantzen mannſchafft jhre vorige land quitiret vnd ſolches vnterdeß von den wenden vom weſten vnd suͤden vberſchwemmet fahen haben ſie dieſelbe wie billig nicht fuͤr die rechte saſſen oder einwohner ſondern ſich allein dafuͤr geachtet vnd nicht ehe auff gehoͤret wieder ſie zu fechten biß ſie jhre altſaßiſche gebraͤuche vnd sprache in jhre vaterland wiederumb gebracht welches doch nicht ſo geſchwinde hat geſchehen koͤnnen,dann nach deme sie die grosse zuge wieder die romer den andern teutschen zu hulffe uerrichtet und fast mit der gantzen mannschafft ihre uorige land quitiret und solches unterdess uon den wenden uom westen und suden uberschwemmet fahen haben sie dieselbe wie billig nicht fur die rechte sassen oder einwohner sondern sich allein dafur geachtet und nicht ehe auff gehoret wieder sie zu fechten biss sie ihre altsassische gebrauche und sprache in ihre uaterland wiederumb gebracht welches doch nicht so geschwinde hat geschehen konnen
micraelius_pommernland03_1639,body,2,21,False,5,"Ptolomæus zwar hat ſchon zu ſeiner Zeit die Saxones eben an den Ort/ da Tacitus die Foſos, hingeleget/ aber damit hat er nur ein Theil der gantzen Nation/ die ſich hernach Saͤchſiſch genennet/ gemeinet/ vnd der Nahme eines geringen Volckes iſt hernach auff viele andere geleget.",ptolomæus zwar hat ſchon zu ſeiner zeit die saxones eben an den ort da tacitus die foſos hingeleget aber damit hat er nur ein theil der gantzen nation die ſich hernach saͤchſiſch genennet gemeinet vnd der nahme eines geringen volckes iſt hernach auff viele andere geleget,ptolomaeus zwar hat schon zu seiner zeit die saxones eben an den ort da tacitus die fosos hingeleget aber damit hat er nur ein theil der gantzen nation die sich hernach sachsisch genennet gemeinet und der nahme eines geringen uolckes ist hernach auff uiele andere geleget
micraelius_pommernland03_1639,body,2,22,False,5,Eben wie der Nahme der Germanier nur erſtlich den Tungris beym Rein zuſtand/ hernach auff alle Teutſchredende Leute gebracht iſt.,eben wie der nahme der germanier nur erſtlich den tungris beym rein zuſtand hernach auff alle teutſchredende leute gebracht iſt,eben wie der nahme der germanier nur erstlich den tungris beym rein zustand hernach auff alle teutschredende leute gebracht ist
micraelius_pommernland03_1639,body,2,23,False,5,"Dann ſo ſchreibet Tacitus: Der Nahme Germaniæ iſt new vnd vor wenig Zeit gebrauchet worden: Dann da fuͤnff Voͤlcker/ ſo am Reine wohneten (nemlich die Eburoner/ Conduſer/ Segner/ Cereſer vnd Pemaner) erſtlich vber den Rein ſetzeten/ vnd die Gallos außtrieben/ hat man ſie wegen der Furcht/ die man Jhrenthalben im Lande hette/ Germanos, das iſt/ Guermaͤnner oder Gerremaͤnner/ Kriegshelden/ vnd die in der Guerra oder im Kriege rechte Maͤnner weren/ geheiſſen/ ſie aber haben einen andern Nahmen beliebet/ das ſie ſich Tungros, das iſt/ entweder die Jungherꝛen/ oder die Ancken vnd d’ Vncken nenneten.",dann ſo ſchreibet tacitus der nahme germaniæ iſt new vnd vor wenig zeit gebrauchet worden dann da fuͤnff voͤlcker ſo am reine wohneten nemlich die eburoner conduſer segner cereſer vnd pemaner erſtlich vber den rein ſetzeten vnd die gallos außtrieben hat man ſie wegen der furcht die man jhrenthalben im lande hette germanos das iſt guermaͤnner oder gerremaͤnner kriegshelden vnd die in der guerra oder im kriege rechte maͤnner weren geheiſſen ſie aber haben einen andern nahmen beliebet das ſie ſich tungros das iſt entweder die jungherꝛen oder die ancken vnd d vncken nenneten,dann so schreibet tacitus der nahme germaniae ist new und uor wenig zeit gebrauchet worden dann da funff uolcker so am reine wohneten nemlich die eburoner conduser segner cereser und pemaner erstlich uber den rein setzeten und die gallos ausstrieben hat man sie wegen der furcht die man ihrenthalben im lande hette germanos das ist guermanner oder gerremanner kriegshelden und die in der guerra oder im kriege rechte manner weren geheissen sie aber haben einen andern nahmen beliebet das sie sich tungros das ist entweder die iungheren oder die ancken und d uncken nenneten
micraelius_pommernland03_1639,body,2,24,False,5,Der Nahme Germanien aber iſt hernach dem gantzen Teutſchen Lande gemein geworden.,der nahme germanien aber iſt hernach dem gantzen teutſchen lande gemein geworden,der nahme germanien aber ist hernach dem gantzen teutschen lande gemein geworden
micraelius_pommernland03_1639,body,2,25,False,5,"Dann das wollen die Wort Taciti/ wie ſie alſo recht auß einem Bambergiſchen vnd Bononienſiſchen Exemplari von Cluverio corrigiret ſeyn: Cæterum Germaniæ vocabulum recens, & nuper additum: quoniam qui primi Rhenum transgreſſi Gallos expulerint, nunc Tungri, tunc Germani vocati ſunt.",dann das wollen die wort taciti wie ſie alſo recht auß einem bambergiſchen vnd bononienſiſchen exemplari von cluverio corrigiret ſeyn cæterum germaniæ vocabulum recens & nuper additum quoniam qui primi rhenum transgreſſi gallos expulerint nunc tungri tunc germani vocati ſunt,dann das wollen die wort taciti wie sie also recht auss einem bambergischen und bononiensischen exemplari uon cluuerio corrigiret seyn caeterum germaniae uocabulum recens et nuper additum quoniam qui primi rhenum transgressi gallos expulerint nunc tungri tunc germani uocati sunt
micraelius_pommernland03_1639,body,2,26,False,5,"Ita Nationis nomen, non gentis, evaluiſſe paulatim, ut omnes primum victores à victis ob metum, mox à ſe ipſis invento nomine vocarentur.",ita nationis nomen non gentis evaluiſſe paulatim ut omnes primum victores à victis ob metum mox à ſe ipſis invento nomine vocarentur,ita nationis nomen non gentis eualuisse paulatim ut omnes primum uictores a uictis ob metum mox a se ipsis inuento nomine uocarentur
micraelius_pommernland03_1639,body,2,27,False,5,"Wann dieſes alſo in acht genommen wird/ ſo iſt es vnnoͤtig/ das man der Germanier Nahmen entweder von den Aſiatiſchen Carmanern herholet/ oder von dem Thogorma decurtiret/ oder vom Lateiniſchen Germano fratte, oder à Germinando, oder vom Hebreiſchen Worte/ das arme duͤrfftige Außlaͤnder bedeutet/ derivieret/ oder Heermaͤnner oder Garmaͤnner darauß machet/ wie doch alle dieſe Meinungen jhre aſſertores haben/ ſondern Tacitus ſaget/ das er aus Furcht den Tungris, das iſt/ fuͤnff Reinlaͤndiſchen Voͤlckern/ ſo vber den Rein feindlich giengen/ von den Gallis gegeben ſey.",wann dieſes alſo in acht genommen wird ſo iſt es vnnoͤtig das man der germanier nahmen entweder von den aſiatiſchen carmanern herholet oder von dem thogorma decurtiret oder vom lateiniſchen germano fratte oder à germinando oder vom hebreiſchen worte das arme duͤrfftige außlaͤnder bedeutet derivieret oder heermaͤnner oder garmaͤnner darauß machet wie doch alle dieſe meinungen jhre aſſertores haben ſondern tacitus ſaget das er aus furcht den tungris das iſt fuͤnff reinlaͤndiſchen voͤlckern ſo vber den rein feindlich giengen von den gallis gegeben ſey,wann dieses also in acht genommen wird so ist es unnotig das man der germanier nahmen entweder uon den asiatischen carmanern herholet oder uon dem thogorma decurtiret oder uom lateinischen germano fratte oder a germinando oder uom hebreischen worte das arme durfftige ausslander bedeutet deriuieret oder heermanner oder garmanner darauss machet wie doch alle diese meinungen ihre assertores haben sondern tacitus saget das er aus furcht den tungris das ist funff reinlandischen uolckern so uber den rein feindlich giengen uon den gallis gegeben sey
micraelius_pommernland03_1639,body,2,28,False,5,Dann dieſelbe haben uͤber die Guermaͤnner oder Soldaten geſchrien/ wann ſie dieſelbe vernommen haben/ vnd ſolcher Guermaͤnner Nahme iſt hernach gemein geworden.,dann dieſelbe haben uͤber die guermaͤnner oder soldaten geſchrien wann ſie dieſelbe vernommen haben vnd ſolcher guermaͤnner nahme iſt hernach gemein geworden,dann dieselbe haben uber die guermanner oder soldaten geschrien wann sie dieselbe uernommen haben und solcher guermanner nahme ist hernach gemein geworden
micraelius_pommernland03_1639,body,2,29,False,5,Jn vnſerm Pommerlande haben wir im Vckermundiſchen Lande ein Staͤdtlein/ das heiſſet Germen: Das iſt warlich kein Lateiniſch Wort/ wie einer meinen moͤchte/ ſondern an dieſem Orte werden ohn allen Zweiffel gute Guermaͤnner/ nemblich die tapffere Vgri/ die in den Gothiſchen/ Lombardiſchen vnd Rugianiſchen Zuͤgen mit in die Roͤmiſche Provincien fort gegangen ſeyn/ vorzeiten gewohnet haben.,jn vnſerm pommerlande haben wir im vckermundiſchen lande ein staͤdtlein das heiſſet germen das iſt warlich kein lateiniſch wort wie einer meinen moͤchte ſondern an dieſem orte werden ohn allen zweiffel gute guermaͤnner nemblich die tapffere vgri die in den gothiſchen lombardiſchen vnd rugianiſchen zuͤgen mit in die roͤmiſche provincien fort gegangen ſeyn vorzeiten gewohnet haben,in unserm pommerlande haben wir im uckermundischen lande ein stadtlein das heisset germen das ist warlich kein lateinisch wort wie einer meinen mochte sondern an diesem orte werden ohn allen zweiffel gute guermanner nemblich die tapffere ugri die in den gothischen lombardischen und rugianischen zugen mit in die romische prouincien fort gegangen seyn uorzeiten gewohnet haben
micraelius_pommernland03_1639,body,2,30,False,5,Vnd ſolcher Kriegiſche Nahme iſt vor Taciti Zeiten etlichen Teutſchen aus Forcht/ hernach allen denen/ die in Teutſchland zwiſchen Rein/ Elbe vnd Weyſſel/ ja gar biß in Schweden vnd Dennemarck wohnen/ gegeben.,vnd ſolcher kriegiſche nahme iſt vor taciti zeiten etlichen teutſchen aus forcht hernach allen denen die in teutſchland zwiſchen rein elbe vnd weyſſel ja gar biß in schweden vnd dennemarck wohnen gegeben,und solcher kriegische nahme ist uor taciti zeiten etlichen teutschen aus forcht hernach allen denen die in teutschland zwischen rein elbe und weyssel ia gar biss in schweden und dennemarck wohnen gegeben
micraelius_pommernland03_1639,body,2,31,False,6,Alſo hat auch der Saͤchſiſche Nahme erſtlich etlich wenigen Voͤlckern zugeſoͤret/ wie dann auch dannenher die Elſaſſer/ Holtſaſſer/ das ſind die Holſteiner/ vnd Waltſaſſen genennet ſein/ aber allgemach iſt dieſer Nahme auff alle geerbet/ die des Niedet eutſchen Dialects/ zwiſchen der Weſer/ Elb/ vnd Weyſſel/ gebrauchen.,alſo hat auch der saͤchſiſche nahme erſtlich etlich wenigen voͤlckern zugeſoͤret wie dann auch dannenher die elſaſſer holtſaſſer das ſind die holſteiner vnd waltſaſſen genennet ſein aber allgemach iſt dieſer nahme auff alle geerbet die des niedet eutſchen dialects zwiſchen der weſer elb vnd weyſſel gebrauchen,also hat auch der sachsische nahme erstlich etlich wenigen uolckern zugesoret wie dann auch dannenher die elsasser holtsasser das sind die holsteiner und waltsassen genennet sein aber allgemach ist dieser nahme auff alle geerbet die des niedet eutschen dialects zwischen der weser elb und weyssel gebrauchen
micraelius_pommernland03_1639,body,2,32,False,6,Vnd deren ſolche Sprache gemein iſt/ ſind nicht wenig.,vnd deren ſolche sprache gemein iſt ſind nicht wenig,und deren solche sprache gemein ist sind nicht wenig
micraelius_pommernland03_1639,body,2,33,False,6,Dann wie Natan Chytræus in ſeinen Nomenclatore darthut/ ſo erſtrecket ſich die Niederteutſche Sprache/ die Goropius vnd Becanus Cimbricam nennen/ aber d;ie; rechte alte/ Sueviſche vnd Gothiſche Sprache iſt/ in jhren Dialectis auff dreyhundert Teutſche Meile in die laͤnge/ von der Lyfflandiſchen Narva an biß gar in Flandern/ die breite nicht gerechnet.,dann wie natan chytræus in ſeinen nomenclatore darthut ſo erſtrecket ſich die niederteutſche sprache die goropius vnd becanus cimbricam nennen aber die rechte alte sueviſche vnd gothiſche sprache iſt in jhren dialectis auff dreyhundert teutſche meile in die laͤnge von der lyfflandiſchen narva an biß gar in flandern die breite nicht gerechnet,dann wie natan chytraeus in seinen nomenclatore darthut so erstrecket sich die niederteutsche sprache die goropius und becanus cimbricam nennen aber die rechte alte sueuische und gothische sprache ist in ihren dialectis auff dreyhundert teutsche meile in die lange uon der lyfflandischen narua an biss gar in flandern die breite nicht gerechnet
micraelius_pommernland03_1639,body,2,34,False,6,Ja die alte Suevi ;h;aben auch noch die rechte Saͤchſiſche Wurtzel jhrer alten Niederteutſchen Sprache mit in Helvetiam gebracht/ vnd daſelbſt den Swyzern oder Sweyzeren/ das iſt/ Suevizern/ jhren Nahmen vnd ein groß theil jhres Jdiomatis mit ertheilet.,ja die alte suevi haben auch noch die rechte saͤchſiſche wurtzel jhrer alten niederteutſchen sprache mit in helvetiam gebracht vnd daſelbſt den swyzern oder sweyzeren das iſt suevizern jhren nahmen vnd ein groß theil jhres jdiomatis mit ertheilet,ia die alte sueui haben auch noch die rechte sachsische wurtzel ihrer alten niederteutschen sprache mit in heluetiam gebracht und daselbst den swyzern oder sweyzeren das ist sueuizern ihren nahmen und ein gross theil ihres idiomatis mit ertheilet
micraelius_pommernland03_1639,body,2,35,False,6,Dakegen hat die ſi;b;ilirende/ vnd mit vielen harten Diphthongis erfuͤllete Hochteutſche Sprache der Froncken auch ſich hin vñ her außgebreitet/ vnd die Suevi oder Suobeni/ die ſich in Schwaben ſetzeten/ haben ſie gar gelernet.,dakegen hat die ſibilirende vnd mit vielen harten diphthongis erfuͤllete hochteutſche sprache der froncken auch ſich hin vñ her außgebreitet vnd die suevi oder suobeni die ſich in schwaben ſetzeten haben ſie gar gelernet,dakegen hat die sibilirende und mit uielen harten diphthongis erfullete hochteutsche sprache der froncken auch sich hin und her aussgebreitet und die sueui oder suobeni die sich in schwaben setzeten haben sie gar gelernet
micraelius_pommernland03_1639,body,2,36,False,6,Die Oberſaͤchſiſche auch/ in Meyſſen vnd Thuͤringen/ haben ſie ſich belieben laſſen/ als jhnen von den Hochteutſchen die huͤlffreiche Hand geleiſtet ward/ das ſie die Wendiſche Voͤlcker/ ſo bey jhnen auch ſehr vberhand genommen hetten/ heben moͤchten.,die oberſaͤchſiſche auch in meyſſen vnd thuͤringen haben ſie ſich belieben laſſen als jhnen von den hochteutſchen die huͤlffreiche hand geleiſtet ward das ſie die wendiſche voͤlcker ſo bey jhnen auch ſehr vberhand genommen hetten heben moͤchten,die obersachsische auch in meyssen und thuringen haben sie sich belieben lassen als ihnen uon den hochteutschen die hulffreiche hand geleistet ward das sie die wendische uolcker so bey ihnen auch sehr uberhand genommen hetten heben mochten
micraelius_pommernland03_1639,body,2,37,False,6,Wir andere Sachſenleute haben nun auch eine Zeitlang an vnſer Mutterſprache einen ſolchen Eckel gehabt/ das vnſere Kinder nicht ein Vater Vnſer/ wo nicht in Hochteutſcher Sprache/ beten/ vnd wir keine Pommeriſche Predigt faſt mehr in gantz Pommern hoͤren moͤgen/ weil es alles muß Hochteutſch gebetet/ geprediget/ geſungen/ geſchrieben/ geredet vnd verabſcheidet werden/ vnd vnſer maͤnnliches Atticiſſirendes Tau muß allenthalben der Sigmatiſirenden Sprache weichen.,wir andere sachſenleute haben nun auch eine zeitlang an vnſer mutterſprache einen ſolchen eckel gehabt das vnſere kinder nicht ein vater vnſer wo nicht in hochteutſcher sprache beten vnd wir keine pommeriſche predigt faſt mehr in gantz pommern hoͤren moͤgen weil es alles muß hochteutſch gebetet geprediget geſungen geſchrieben geredet vnd verabſcheidet werden vnd vnſer maͤnnliches atticiſſirendes tau muß allenthalben der sigmatiſirenden sprache weichen,wir andere sachsenleute haben nun auch eine zeitlang an unser muttersprache einen solchen eckel gehabt das unsere kinder nicht ein uater unser wo nicht in hochteutscher sprache beten und wir keine pommerische predigt fast mehr in gantz pommern horen mogen weil es alles muss hochteutsch gebetet geprediget gesungen geschrieben geredet und uerabscheidet werden und unser mannliches atticissirendes tau muss allenthalben der sigmatisirenden sprache weichen
micraelius_pommernland03_1639,body,2,38,False,6,Vnterdeß kan genugſam aus Lamberto Schaffneburgenſi vnd anderen dargethan werden/ das die Saͤchſiſche/ Sueviſche oder Gothiſche Sprache die rechte alte Teutſche Sprache iſt/ wie dann auch Beatus Rhenanus auß Plinio ſolches darthut/ der Erlisborn vnd nicht Erlisbrun geſchrieben hat.,vnterdeß kan genugſam aus lamberto schaffneburgenſi vnd anderen dargethan werden das die saͤchſiſche sueviſche oder gothiſche sprache die rechte alte teutſche sprache iſt wie dann auch beatus rhenanus auß plinio ſolches darthut der erlisborn vnd nicht erlisbrun geſchrieben hat,unterdess kan genugsam aus lamberto schaffneburgensi und anderen dargethan werden das die sachsische sueuische oder gothische sprache die rechte alte teutsche sprache ist wie dann auch beatus rhenanus auss plinio solches darthut der erlisborn und nicht erlisbrun geschrieben hat
micraelius_pommernland03_1639,body,2,39,False,6,Die Nomina propria der alten Teutſchen Helden bezeugen es auch/ welche nicht beſſer/ als aus der alten Saͤchſiſchen Sprache koͤnnen reſtituiret werden.,die nomina propria der alten teutſchen helden bezeugen es auch welche nicht beſſer als aus der alten saͤchſiſchen sprache koͤnnen reſtituiret werden,die nomina propria der alten teutschen helden bezeugen es auch welche nicht besser als aus der alten sachsischen sprache konnen restituiret werden
micraelius_pommernland03_1639,body,2,40,False,6,Vnd da Victor Epiſcopus Uticenſis in libro de perſecutione Vandalica eines Biſchofes Felicis gedencket/ welcher hat muſſen von andern getragen werden/ ſpricht er/ das er ex transverſo ſuper Burgonem vinctus q. quoddam lignum truncum getragen ſey.,vnd da victor epiſcopus uticenſis in libro de perſecutione vandalica eines biſchofes felicis gedencket welcher hat muſſen von andern getragen werden ſpricht er das er ex transverſo ſuper burgonem vinctus q quoddam lignum truncum getragen ſey,und da uictor episcopus uticensis in libro de persecutione uandalica eines bischofes felicis gedencket welcher hat mussen uon andern getragen werden spricht er das er ex transuerso super burgonem uinctus q quoddam lignum truncum getragen sey
micraelius_pommernland03_1639,body,2,41,False,6,"Darauß abzunehmen/ weil Burgo, oder eine Boͤrge/ von welchem Worte weder die Lateiniſche/ noch andere Teutſche etwas gewiſſes wiſſen/ den Pommern vnd Niederſaͤchſiſchen vom Boͤren/ das iſt/ heben vnd tragen/ heiſſet/ das die Vandali nicht Hochteutſch/ ſondern ſolche Sprache/ die annoch bey vnſern Leuten bekand iſt/ geredet haben.",darauß abzunehmen weil burgo oder eine boͤrge von welchem worte weder die lateiniſche noch andere teutſche etwas gewiſſes wiſſen den pommern vnd niederſaͤchſiſchen vom boͤren das iſt heben vnd tragen heiſſet das die vandali nicht hochteutſch ſondern ſolche sprache die annoch bey vnſern leuten bekand iſt geredet haben,darauss abzunehmen weil burgo oder eine borge uon welchem worte weder die lateinische noch andere teutsche etwas gewisses wissen den pommern und niedersachsischen uom boren das ist heben und tragen heisset das die uandali nicht hochteutsch sondern solche sprache die annoch bey unsern leuten bekand ist geredet haben
micraelius_pommernland03_1639,body,2,42,False,7,Aber wie geſaget/ daß Alte mus dem Newen weichen: Vndwerkan wieder eines gantzen Landes gewohnheit?,aber wie geſaget daß alte mus dem newen weichen vndwerkan wieder eines gantzen landes gewohnheit,aber wie gesaget dass alte mus dem newen weichen undwerkan wieder eines gantzen landes gewohnheit
micraelius_pommernland03_1639,body,2,43,False,7,Jch auch habe mir nicht fuͤrgenommen allhie eine Satyram wider eines oder des andern Landes Mißbraͤuche zu ſchreiben.,jch auch habe mir nicht fuͤrgenommen allhie eine satyram wider eines oder des andern landes mißbraͤuche zu ſchreiben,ich auch habe mir nicht furgenommen allhie eine satyram wider eines oder des andern landes missbrauche zu schreiben
micraelius_pommernland03_1639,body,2,44,False,7,Es iſt genug/ dz wir wiſſen/ wie bey der Vermengung der Voͤlcker in allen Laͤndern/ vnſer Vaterland ſich auch wol eine Zeitlang zur Wendiſchen Zung vnd Manier gewendet/ nunmehr aber wiederumb von ſolchen Einwohnern bewohnet wird/ die ſich/ wie die erſte Einhab er des Landes/ Teutſch vnd zwar Saͤchſiſch/ das iſt/ alt Sueviſch/ Gothiſch vnd Wandaliſch ruͤhmen.,es iſt genug dz wir wiſſen wie bey der vermengung der voͤlcker in allen laͤndern vnſer vaterland ſich auch wol eine zeitlang zur wendiſchen zung vnd manier gewendet nunmehr aber wiederumb von ſolchen einwohnern bewohnet wird die ſich wie die erſte einhab er des landes teutſch vnd zwar saͤchſiſch das iſt alt sueviſch gothiſch vnd wandaliſch ruͤhmen,es ist genug dz wir wissen wie bey der uermengung der uolcker in allen landern unser uaterland sich auch wol eine zeitlang zur wendischen zung und manier gewendet nunmehr aber wiederumb uon solchen einwohnern bewohnet wird die sich wie die erste einhab er des landes teutsch und zwar sachsisch das ist alt sueuisch gothisch und wandalisch ruhmen
micraelius_pommernland03_1639,body,2,45,False,7,Dann die Gothen haben ſich nebenſt jhren Nachbawren/ den andern Sueviern/ ſo jhren eigentlichen Sitz zwiſchen der Weyſſel vnd Elbe hetten/ als ſie etliche jhrer Landsleute in die Roͤmiſche Provincien geſchicket/ an der Weſer niedergelaſſen/ vnd ſind Oſt- vnd Weſtwahlen/ ins gemeine aber Sachſen genennet.,dann die gothen haben ſich nebenſt jhren nachbawren den andern sueviern ſo jhren eigentlichen sitz zwiſchen der weyſſel vnd elbe hetten als ſie etliche jhrer landsleute in die roͤmiſche provincien geſchicket an der weſer niedergelaſſen vnd ſind oſt vnd weſtwahlen ins gemeine aber sachſen genennet,dann die gothen haben sich nebenst ihren nachbawren den andern sueuiern so ihren eigentlichen sitz zwischen der weyssel und elbe hetten als sie etliche ihrer landsleute in die romische prouincien geschicket an der weser niedergelassen und sind ost und westwahlen ins gemeine aber sachsen genennet
micraelius_pommernland03_1639,body,2,46,False,7,Die Thuͤringer ſind auch ein Gothiſch Volck geweſen/ vnd haben ſich bey der Sala niedergelaſſen/ vnd daſelbſt Gotha gebawet.,die thuͤringer ſind auch ein gothiſch volck geweſen vnd haben ſich bey der sala niedergelaſſen vnd daſelbſt gotha gebawet,die thuringer sind auch ein gothisch uolck gewesen und haben sich bey der sala niedergelassen und daselbst gotha gebawet
micraelius_pommernland03_1639,body,2,47,True,7,Dieſe Gothiſche Sachſen haben vns/ nach deme dieſes Land durch die groſſe Hereszuͤge außgeleeret/ vnd den Wenden zur Wohnung geworden war/ wiederumb jhre Sprache/ Sitten/ Geſetze/ Gewehr/ Kleidung/ ja auch den Chriſtlichen Glauben/ durch Gottes Gnade/ vnd der beywohnenden Potentaten Cooperation/ wieder gegeben.,dieſe gothiſche sachſen haben vns nach deme dieſes land durch die groſſe hereszuͤge außgeleeret vnd den wenden zur wohnung geworden war wiederumb jhre sprache sitten geſetze gewehr kleidung ja auch den chriſtlichen glauben durch gottes gnade vnd der beywohnenden potentaten cooperation wieder gegeben,diese gothische sachsen haben uns nach deme dieses land durch die grosse hereszuge aussgeleeret und den wenden zur wohnung geworden war wiederumb ihre sprache sitten gesetze gewehr kleidung ia auch den christlichen glauben durch gottes gnade und der beywohnenden potentaten cooperation wieder gegeben
micraelius_pommernland03_1639,body,3,0,False,7,Vnd alſo ſind auch/ Hochgeehrte Herꝛen/ Ewer Nahmhaffte vnd wolerbawete Staͤdte/ ob ſie wol gar mit der Caſſubiſchen Sprache eine Zeitlang vberſchwemmet waren/ nebenſt dem andern Pommerlande/ wiederumb zu jhren Vhralten Teutſchen Rechten wieder gelanget.,vnd alſo ſind auch hochgeehrte herꝛen ewer nahmhaffte vnd wolerbawete staͤdte ob ſie wol gar mit der caſſubiſchen sprache eine zeitlang vberſchwemmet waren nebenſt dem andern pommerlande wiederumb zu jhren vhralten teutſchen rechten wieder gelanget,und also sind auch hochgeehrte heren ewer nahmhaffte und wolerbawete stadte ob sie wol gar mit der cassubischen sprache eine zeitlang uberschwemmet waren nebenst dem andern pommerlande wiederumb zu ihren uhralten teutschen rechten wieder gelanget
micraelius_pommernland03_1639,body,3,1,False,7,Ewer/ vnd das in der Naͤhe/ vmb Ruͤgenwald vnd in Hinter Pommern/ gelegene Land/ iſt dem Tacito das alte Edele Rugianerland/ vnd Jornandes/ der vor eylff hundert Jahren von den Gothiſchen verrichtungen geſchrieben/ da Er die Ruͤgen in Vlmeruͤgen vnd Ethel Ruͤgen theilet/ giebet faſt den Beweißthumb/ weil die Stadt Collberg von Dithmaro (der fuͤr ſechshundert Jahr gelebet/ vnd ſchon dasmahl einen Biſchoff zu Collberg Reinbernerum gekand hat) Chollenberg/ vnd der Berg fuͤr Coͤßlin auch alſo genennet wird/ das in dieſer jegend die tapffere Vlmruͤger gewohnet haben.,ewer vnd das in der naͤhe vmb ruͤgenwald vnd in hinter pommern gelegene land iſt dem tacito das alte edele rugianerland vnd jornandes der vor eylff hundert jahren von den gothiſchen verrichtungen geſchrieben da er die ruͤgen in vlmeruͤgen vnd ethel ruͤgen theilet giebet faſt den beweißthumb weil die stadt collberg von dithmaro der fuͤr ſechshundert jahr gelebet vnd ſchon dasmahl einen biſchoff zu collberg reinbernerum gekand hat chollenberg vnd der berg fuͤr coͤßlin auch alſo genennet wird das in dieſer jegend die tapffere vlmruͤger gewohnet haben,ewer und das in der nahe umb rugenwald und in hinter pommern gelegene land ist dem tacito das alte edele rugianerland und iornandes der uor eylff hundert iahren uon den gothischen uerrichtungen geschrieben da er die rugen in ulmerugen und ethel rugen theilet giebet fast den beweissthumb weil die stadt collberg uon dithmaro der fur sechshundert iahr gelebet und schon dasmahl einen bischoff zu collberg reinbernerum gekand hat chollenberg und der berg fur cosslin auch also genennet wird das in dieser iegend die tapffere ulmruger gewohnet haben
micraelius_pommernland03_1639,body,3,2,False,7,Denn Vlm oder ein Holm iſt ein feſte Land/ davon leichtlich Holmberg/ Chollenberg/ Cholberg/ Collbergk kan deduciret werden.,denn vlm oder ein holm iſt ein feſte land davon leichtlich holmberg chollenberg cholberg collbergk kan deduciret werden,denn ulm oder ein holm ist ein feste land dauon leichtlich holmberg chollenberg cholberg collbergk kan deduciret werden
micraelius_pommernland03_1639,body,3,3,False,7,Was aber die Edele Rugianer verrichtet/ iſt aus der Hiſtory bekand/ vnd wir frewen vns billig/ das vnſere Vorfahren das Lob in der Welt erjaget/ das ſie die Stadt Rom in jhrem hoͤchſten flor zu erſt bezwungen.,was aber die edele rugianer verrichtet iſt aus der hiſtory bekand vnd wir frewen vns billig das vnſere vorfahren das lob in der welt erjaget das ſie die stadt rom in jhrem hoͤchſten flor zu erſt bezwungen,was aber die edele rugianer uerrichtet ist aus der history bekand und wir frewen uns billig das unsere uorfahren das lob in der welt eriaget das sie die stadt rom in ihrem hochsten flor zu erst bezwungen
micraelius_pommernland03_1639,body,3,4,False,7,Vnterdeß wollen E. E. W. vnd G. dieſes mein drittes Buch vom alten Saͤchſiſchen Pommerlande eines guͤtigen Auges wuͤrdigen/ vnd es mit ſolchem geneigeten gewogenen Hertzen auffnehmen/ darauß Jch verſpuͤren kan/ das meine devotion/ ſo Jch zu E. E. W. vnd G. ſchuldpflichtig trage/ wol gedeutet vnd auffgenommen ſey.,vnterdeß wollen e e w vnd g dieſes mein drittes buch vom alten saͤchſiſchen pommerlande eines guͤtigen auges wuͤrdigen vnd es mit ſolchem geneigeten gewogenen hertzen auffnehmen darauß jch verſpuͤren kan das meine devotion ſo jch zu e e w vnd g ſchuldpflichtig trage wol gedeutet vnd auffgenommen ſey,unterdess wollen e e w und g dieses mein drittes buch uom alten sachsischen pommerlande eines gutigen auges wurdigen und es mit solchem geneigeten gewogenen hertzen auffnehmen darauss ich uerspuren kan das meine deuotion so ich zu e e w und g schuldpflichtig trage wol gedeutet und auffgenommen sey
micraelius_pommernland03_1639,body,3,5,True,7,Vnd weil die Goͤttliche Providentz mir vnter den Ewrigen erſtlich das Leben verleyhen wollen/ das Jch in der Biſchoͤfflichen Reſidentz Stadt Coͤßlin gebohren vnd erzogen bin/ vnd in der Stifftiſchen Hauptſtadt Collberg viele meiner liebſten Landsleute/ Oheimb vnd Schwaͤger wohnend habe/ ja mich aller Stifftierer in Pommern Landesman ſchelten kan/ als lebe Jch der vnzweifelichen Hoffnung/ es werde E. E. W. vnd G. mein danckbare vnd dienſtwilligſte Gemuͤth/ darmit Jch mich jhnen ſampt vnd ſonders/ als jhre Alumnus/ vnd vnter jhnen erzogenes Landeskind/ verpflichtet erkenne/ jhnen gefallen laſſen/ vnd meine Großguͤnſtige Herren jmmerfort verbleiben/ wie Jch dann nochmahlen fur den Jhrigen Mich erkenne/ vnd befehle ſie ſampt vnd ſonders nebenſt jhren gantzen Communen dem Vaͤterlichen Gnadenſchutz Gottes zu ſtets wehrenden Zeiten.,vnd weil die goͤttliche providentz mir vnter den ewrigen erſtlich das leben verleyhen wollen das jch in der biſchoͤfflichen reſidentz stadt coͤßlin gebohren vnd erzogen bin vnd in der stifftiſchen hauptſtadt collberg viele meiner liebſten landsleute oheimb vnd schwaͤger wohnend habe ja mich aller stifftierer in pommern landesman ſchelten kan als lebe jch der vnzweifelichen hoffnung es werde e e w vnd g mein danckbare vnd dienſtwilligſte gemuͤth darmit jch mich jhnen ſampt vnd ſonders als jhre alumnus vnd vnter jhnen erzogenes landeskind verpflichtet erkenne jhnen gefallen laſſen vnd meine großguͤnſtige herren jmmerfort verbleiben wie jch dann nochmahlen fur den jhrigen mich erkenne vnd befehle ſie ſampt vnd ſonders nebenſt jhren gantzen communen dem vaͤterlichen gnadenſchutz gottes zu ſtets wehrenden zeiten,und weil die gottliche prouidentz mir unter den ewrigen erstlich das leben uerleyhen wollen das ich in der bischofflichen residentz stadt cosslin gebohren und erzogen bin und in der stifftischen hauptstadt collberg uiele meiner liebsten landsleute oheimb und schwager wohnend habe ia mich aller stifftierer in pommern landesman schelten kan als lebe ich der unzweifelichen hoffnung es werde e e w und g mein danckbare und dienstwilligste gemuth darmit ich mich ihnen sampt und sonders als ihre alumnus und unter ihnen erzogenes landeskind uerpflichtet erkenne ihnen gefallen lassen und meine grossgunstige herren immerfort uerbleiben wie ich dann nochmahlen fur den ihrigen mich erkenne und befehle sie sampt und sonders nebenst ihren gantzen communen dem uaterlichen gnadenschutz gottes zu stets wehrenden zeiten
micraelius_pommernland03_1639,body,4,0,True,8,E. E. W. vnd G. Dienſtgefliſſener M. JOHANNES MICRÆLIUS Rector Scholæ Senatoriæ Stetinenſis.,e e w vnd g dienſtgefliſſener m johannes micrælius rector scholæ senatoriæ stetinenſis,e e w und g dienstgeflissener m iohannes micraelius rector scholae senatoriae stetinensis
micraelius_pommernland03_1639,head,5,0,True,303,Johannis Micrælij Das Dritte Buch Vom Alten Saͤchſiſchen Pommerlande.,johannis micrælij das dritte buch vom alten saͤchſiſchen pommerlande,iohannis micraelii das dritte buch uom alten sachsischen pommerlande
micraelius_pommernland03_1639,body,6,0,False,303,AVff was weyſe das Pommerland/ ſo vnter den Alten Teutſchen zwar bewohnet/ aber nach Manier faſt des gantzen Alten Teutſchlandes/ mit keinen ſonderlich faͤſten Staͤdten beſchloſſen geweſen/ vnd dannenher ſolche Einwohner gehabt/ die ſich aus jhren Wohnungen leichtlich begeben/ vnd an anderen Oerteren einen newen Sitz geſuchet haben/ allgemach vnter der Wendiſchen Nation/ die ſich von den Sarmatiſchen Graͤntzen herein begab/ vnd ſich mit den Alten Einwohnern/ ſoviele deroſelben in frembde Laͤnder nicht verrucket waren/ zu einerley Volcke vermengete/ vnd ſie zum Gebrauch jhrer Sprache vnd zu anderen Wendiſchen Sitten mit guter Manier brachte/ ſehr an ſchoͤnen/ faͤſten/ bemawreten Staͤdten/ wie auch an Handel vnd Wandel/ vñ darauß flieſſendem Reichthumb/ zugenommen habe; Wie auch/ als die Pommeren noch den Goͤtzen in Heydniſchem Vnglauben dieneten/ viele Kaͤyſer/ Koͤnige/ Fuͤrſten vnd Biſchoͤffe ſich offtermahln bemuͤhet haben/ den Chriſtlichen Glauben bey jhnen/ theils durch abgefaͤrtigete Muͤnche vnd Prediger/ theils mit dem Schwerdſchlag vnd Zwange anzurichten/ vnd wie daruͤber viele Kriege entſtanden/ vnd viele Blut vergoſſen/ vnd der Glaube woll vnterſchiedliche mahl angenommen/ aber widerumb verworffen ſey/ biß endlich Biſchoff Otto von Bamberg/ der Pommerſche Apoſtel/ die Predigt des Evangelij mit groſſem Eyfer vnd Beſcheidenheit getrieben/ vnd alles noch vbrige Aberglaubiſche Weſen abgeſchaffet/ ſolches alles iſt in vorigem Buche vmbſtaͤndlich/ ſo viele man aus den Alten Scribenten Nachrichtung hat/ außgefuͤhret/ vnd zugleich dargethan/ daß die Pommerſche/ aus dem Alten Teutſchen Gebluͤte entſproſſene/ Fuͤrſten/ ob ſie wol jhre Land ohne Erkendnus eines Oberherren einhetten/ dennoch ſich guthwillig zun zeiten Friderici Barbaroſſæ vnter das Reich begeben/ vnd Teutſche Sitten angenommen/ aber ſich daruͤber dermaſſen gezwiſtet vnd getrennet haben/ daß das halbe Pommern von Meſtowyn dem letzten Fuͤrſten in Hinter Pommern an Polen gebracht iſt.,avff was weyſe das pommerland ſo vnter den alten teutſchen zwar bewohnet aber nach manier faſt des gantzen alten teutſchlandes mit keinen ſonderlich faͤſten staͤdten beſchloſſen geweſen vnd dannenher ſolche einwohner gehabt die ſich aus jhren wohnungen leichtlich begeben vnd an anderen oerteren einen newen sitz geſuchet haben allgemach vnter der wendiſchen nation die ſich von den sarmatiſchen graͤntzen herein begab vnd ſich mit den alten einwohnern ſoviele deroſelben in frembde laͤnder nicht verrucket waren zu einerley volcke vermengete vnd ſie zum gebrauch jhrer sprache vnd zu anderen wendiſchen sitten mit guter manier brachte ſehr an ſchoͤnen faͤſten bemawreten staͤdten wie auch an handel vnd wandel vñ darauß flieſſendem reichthumb zugenommen habe wie auch als die pommeren noch den goͤtzen in heydniſchem vnglauben dieneten viele kaͤyſer koͤnige fuͤrſten vnd biſchoͤffe ſich offtermahln bemuͤhet haben den chriſtlichen glauben bey jhnen theils durch abgefaͤrtigete muͤnche vnd prediger theils mit dem schwerdſchlag vnd zwange anzurichten vnd wie daruͤber viele kriege entſtanden vnd viele blut vergoſſen vnd der glaube woll vnterſchiedliche mahl angenommen aber widerumb verworffen ſey biß endlich biſchoff otto von bamberg der pommerſche apoſtel die predigt des evangelij mit groſſem eyfer vnd beſcheidenheit getrieben vnd alles noch vbrige aberglaubiſche weſen abgeſchaffet ſolches alles iſt in vorigem buche vmbſtaͤndlich ſo viele man aus den alten scribenten nachrichtung hat außgefuͤhret vnd zugleich dargethan daß die pommerſche aus dem alten teutſchen gebluͤte entſproſſene fuͤrſten ob ſie wol jhre land ohne erkendnus eines oberherren einhetten dennoch ſich guthwillig zun zeiten friderici barbaroſſæ vnter das reich begeben vnd teutſche sitten angenommen aber ſich daruͤber dermaſſen gezwiſtet vnd getrennet haben daß das halbe pommern von meſtowyn dem letzten fuͤrſten in hinter pommern an polen gebracht iſt,auff was weyse das pommerland so unter den alten teutschen zwar bewohnet aber nach manier fast des gantzen alten teutschlandes mit keinen sonderlich fasten stadten beschlossen gewesen und dannenher solche einwohner gehabt die sich aus ihren wohnungen leichtlich begeben und an anderen oerteren einen newen sitz gesuchet haben allgemach unter der wendischen nation die sich uon den sarmatischen grantzen herein begab und sich mit den alten einwohnern souiele deroselben in frembde lander nicht uerrucket waren zu einerley uolcke uermengete und sie zum gebrauch ihrer sprache und zu anderen wendischen sitten mit guter manier brachte sehr an schonen fasten bemawreten stadten wie auch an handel und wandel und darauss fliessendem reichthumb zugenommen habe wie auch als die pommeren noch den gotzen in heydnischem unglauben dieneten uiele kayser konige fursten und bischoffe sich offtermahln bemuhet haben den christlichen glauben bey ihnen theils durch abgefartigete munche und prediger theils mit dem schwerdschlag und zwange anzurichten und wie daruber uiele kriege entstanden und uiele blut uergossen und der glaube woll unterschiedliche mahl angenommen aber widerumb uerworffen sey biss endlich bischoff otto uon bamberg der pommersche apostel die predigt des euangelii mit grossem eyfer und bescheidenheit getrieben und alles noch ubrige aberglaubische wesen abgeschaffet solches alles ist in uorigem buche umbstandlich so uiele man aus den alten scribenten nachrichtung hat aussgefuhret und zugleich dargethan dass die pommersche aus dem alten teutschen geblute entsprossene fursten ob sie wol ihre land ohne erkendnus eines oberherren einhetten dennoch sich guthwillig zun zeiten friderici barbarossae unter das reich begeben und teutsche sitten angenommen aber sich daruber dermassen gezwistet und getrennet haben dass das halbe pommern uon mestowyn dem letzten fursten in hinter pommern an polen gebracht ist
micraelius_pommernland03_1639,body,6,1,True,304,Nunmehr wollen wir betrachten/ was in dem Theil vnſers Vaterlandes/ das noch hentiges Tages Pommeren heiſſet/ nach deme es die Wendiſche Sprache gantz verworffen/ vnd ſich vnter dem Roͤmiſchen Reiche Saͤchſiſch erklaͤret/ vorgegangen ſey.,nunmehr wollen wir betrachten was in dem theil vnſers vaterlandes das noch hentiges tages pommeren heiſſet nach deme es die wendiſche sprache gantz verworffen vnd ſich vnter dem roͤmiſchen reiche saͤchſiſch erklaͤret vorgegangen ſey,nunmehr wollen wir betrachten was in dem theil unsers uaterlandes das noch hentiges tages pommeren heisset nach deme es die wendische sprache gantz uerworffen und sich unter dem romischen reiche sachsisch erklaret uorgegangen sey
micraelius_pommernland03_1639,body,7,0,False,304,So iſt aus vorigem Buche befindlich/ das vnter Fuͤrſt Svantibori Kindern zweene das Hinter Pommeren/ von dem Chollenberge an biß zur Weyſſel zu rechenen/ eingenom̃en/ vnd das jhre Nachkommen endlich ſolch Land/ außgenommen was die Vor Pommeriſche Fuͤrſten mit bewapneter Hand biß an vnd vber Stolpe erhalten/ an die Polen gebracht/ mit welchen doch die Creutzherren ſich lange zeit daruͤber geſchlagen haben.,so iſt aus vorigem buche befindlich das vnter fuͤrſt svantibori kindern zweene das hinter pommeren von dem chollenberge an biß zur weyſſel zu rechenen eingenom̃en vnd das jhre nachkommen endlich ſolch land außgenommen was die vor pommeriſche fuͤrſten mit bewapneter hand biß an vnd vber stolpe erhalten an die polen gebracht mit welchen doch die creutzherren ſich lange zeit daruͤber geſchlagen haben,so ist aus uorigem buche befindlich das unter furst suantibori kindern zweene das hinter pommeren uon dem chollenberge an biss zur weyssel zu rechenen eingenommen und das ihre nachkommen endlich solch land aussgenommen was die uor pommerische fursten mit bewapneter hand biss an und uber stolpe erhalten an die polen gebracht mit welchen doch die creutzherren sich lange zeit daruber geschlagen haben
micraelius_pommernland03_1639,body,7,1,True,305,Jn Vor Pom̃eren baweten ſich auffs newe zwey Fuͤrſtliche Haͤuſer/ eins zu Stettin/ aus Ratibori I. Geſchlecht/ das ander zu Wolgaſt/ von Wartislai I. Gebluͤte.,jn vor pom̃eren baweten ſich auffs newe zwey fuͤrſtliche haͤuſer eins zu stettin aus ratibori i geſchlecht das ander zu wolgaſt von wartislai i gebluͤte,in uor pommeren baweten sich auffs newe zwey furstliche hauser eins zu stettin aus ratibori i geschlecht das ander zu wolgast uon wartislai i geblute
micraelius_pommernland03_1639,body,8,0,False,305,Aber Ratibori Geſchlecht gieng bald ab. Dann vnter ſeinen zween Soͤhnen/ die er verließ/ ſtarb Svantipolcus bald nach dem Vater: Wartislaus II. aber regierete wol xxxv. Jahr in ſanffter Ruhe/ wolte ſich nichtes an der Wolgaſtiſchen Herren Kriege kehren/ vnd da jhme nichtes deſto weniger der Koͤnig aus Dennemarck fuͤr ſein Stettin zu Waſſer kam/ kauffete er mit einer Summa Geldes Friede/ vnd ließ kriegen/ wer da wolte.,aber ratibori geſchlecht gieng bald ab dann vnter ſeinen zween soͤhnen die er verließ ſtarb svantipolcus bald nach dem vater wartislaus ii aber regierete wol xxxv jahr in ſanffter ruhe wolte ſich nichtes an der wolgaſtiſchen herren kriege kehren vnd da jhme nichtes deſto weniger der koͤnig aus dennemarck fuͤr ſein stettin zu waſſer kam kauffete er mit einer summa geldes friede vnd ließ kriegen wer da wolte,aber ratibori geschlecht gieng bald ab dann unter seinen zween sohnen die er uerliess starb suantipolcus bald nach dem uater wartislaus ii aber regierete wol xxxu iahr in sanffter ruhe wolte sich nichtes an der wolgastischen herren kriege kehren und da ihme nichtes desto weniger der konig aus dennemarck fur sein stettin zu wasser kam kauffete er mit einer summa geldes friede und liess kriegen wer da wolte
micraelius_pommernland03_1639,body,8,1,False,305,Er verfiel im Jahr mclxxxvj. vnd ließ einen einigen Sohn nach Bartholomæum/ welcher ein hohes Alter erreichet/ vnd viele Jahr nach ſeines Vatern Todte zu Stettin biß ins mccxlix. Jahr in guter Ruhe regieret hat.,er verfiel im jahr mclxxxvj vnd ließ einen einigen sohn nach bartholomæum welcher ein hohes alter erreichet vnd viele jahr nach ſeines vatern todte zu stettin biß ins mccxlix jahr in guter ruhe regieret hat,er uerfiel im iahr mclxxxui und liess einen einigen sohn nach bartholomaeum welcher ein hohes alter erreichet und uiele iahr nach seines uatern todte zu stettin biss ins mccxlix iahr in guter ruhe regieret hat
micraelius_pommernland03_1639,body,8,2,False,305,Vnd ob er wol zweene Junge Herrlein Wartislaum vnd Svantiborum zur Welt gezeuget/ hat er doch keinen davon erziehen koͤnnen/ weil ſie jung verſtorben.,vnd ob er wol zweene junge herrlein wartislaum vnd svantiborum zur welt gezeuget hat er doch keinen davon erziehen koͤnnen weil ſie jung verſtorben,und ob er wol zweene iunge herrlein wartislaum und suantiborum zur welt gezeuget hat er doch keinen dauon erziehen konnen weil sie iung uerstorben
micraelius_pommernland03_1639,body,8,3,True,305,Alſo verfiel die Stetiniſche Regierung an Wartißlai I. Erben.,alſo verfiel die stetiniſche regierung an wartißlai i erben,also uerfiel die stetinische regierung an wartisslai i erben
micraelius_pommernland03_1639,body,9,0,False,305,Dieſer Wartißlaus I. als er im Jahr mcxxxvj. von einem vnglaubigen Loytzer erſchlagen ward/ verließ er der Wolgaſtiſchen Regierung zweene Soͤhne Bogißlaum I. (den ſonſt etliche wegen des Hinter Pom̃eriſchen Bogißlai ſeines Vatern Brudern Bogißlaum II. nennen/) vnd Caſimirum I. Dieſer Caſimirus iſt im Jahr mclxxij. verſtorben/ vnd hat nur einen Sohn Svantiborum II. nachgelaſſen.,dieſer wartißlaus i als er im jahr mcxxxvj von einem vnglaubigen loytzer erſchlagen ward verließ er der wolgaſtiſchen regierung zweene soͤhne bogißlaum i den ſonſt etliche wegen des hinter pom̃eriſchen bogißlai ſeines vatern brudern bogißlaum ii nennen vnd caſimirum i dieſer caſimirus iſt im jahr mclxxij verſtorben vnd hat nur einen sohn svantiborum ii nachgelaſſen,dieser wartisslaus i als er im iahr mcxxxui uon einem unglaubigen loytzer erschlagen ward uerliess er der wolgastischen regierung zweene sohne bogisslaum i den sonst etliche wegen des hinter pommerischen bogisslai seines uatern brudern bogisslaum ii nennen und casimirum i dieser casimirus ist im iahr mclxxii uerstorben und hat nur einen sohn suantiborum ii nachgelassen
micraelius_pommernland03_1639,body,9,1,False,306,Dann zweene andere Junge Herrlein Adolff vnd Wartißlaff ſind jhme Jung verfallen.,dann zweene andere junge herrlein adolff vnd wartißlaff ſind jhme jung verfallen,dann zweene andere iunge herrlein adolff und wartisslaff sind ihme iung uerfallen
micraelius_pommernland03_1639,body,9,2,False,306,Von gemeltem Svantiboro aber/ wird faſt nichtes in den Pommeriſchen Hiſtorien vermeldet/ ob er wol lxij. Jahr nach ſeinem Vater gelebet.,von gemeltem svantiboro aber wird faſt nichtes in den pommeriſchen hiſtorien vermeldet ob er wol lxij jahr nach ſeinem vater gelebet,uon gemeltem suantiboro aber wird fast nichtes in den pommerischen historien uermeldet ob er wol lxii iahr nach seinem uater gelebet
micraelius_pommernland03_1639,body,9,3,False,306,Wie auch von ſeinem einzigen Sohn Caſimiro III. nichts befindlich iſt/ mit deme die Stam Linij Caſimiri I. im Jahr mcclxxij. gar verloſchen iſt.,wie auch von ſeinem einzigen sohn caſimiro iii nichts befindlich iſt mit deme die stam linij caſimiri i im jahr mcclxxij gar verloſchen iſt,wie auch uon seinem einzigen sohn casimiro iii nichts befindlich ist mit deme die stam linii casimiri i im iahr mcclxxii gar uerloschen ist
micraelius_pommernland03_1639,body,9,4,False,306,Alſo kompt endlich das gantze Pommerland auff Bogißlai I. Nachkommen: Wie aber dieſer Bogißlaus ſich als ein weydlicher Held mit vielen vnterſchiedlichen Koͤnigen vnd Fuͤrſten vberworffen/ iſt im vorigen Buche genugſam außgefuͤhret.,alſo kompt endlich das gantze pommerland auff bogißlai i nachkommen wie aber dieſer bogißlaus ſich als ein weydlicher held mit vielen vnterſchiedlichen koͤnigen vnd fuͤrſten vberworffen iſt im vorigen buche genugſam außgefuͤhret,also kompt endlich das gantze pommerland auff bogisslai i nachkommen wie aber dieser bogisslaus sich als ein weydlicher held mit uielen unterschiedlichen konigen und fursten uberworffen ist im uorigen buche genugsam aussgefuhret
micraelius_pommernland03_1639,body,9,5,True,306,Vnd ob er wol endlich in ſeinem Alter die Waffen abzulegen gedachte/ ſo konte er jhrer von wegen ſeines nothleidenden Nachbahren des Fuͤrſten aus Mechelenburg nicht muͤſſig gehen/ deme er ſeine Huͤlffe nicht verſagen wolte.,vnd ob er wol endlich in ſeinem alter die waffen abzulegen gedachte ſo konte er jhrer von wegen ſeines nothleidenden nachbahren des fuͤrſten aus mechelenburg nicht muͤſſig gehen deme er ſeine huͤlffe nicht verſagen wolte,und ob er wol endlich in seinem alter die waffen abzulegen gedachte so konte er ihrer uon wegen seines nothleidenden nachbahren des fursten aus mechelenburg nicht mussig gehen deme er seine hulffe nicht uersagen wolte
micraelius_pommernland03_1639,body,10,0,False,306,Mit dieſem Handel aber war es ſo beſchaffen.,mit dieſem handel aber war es ſo beſchaffen,mit diesem handel aber war es so beschaffen
micraelius_pommernland03_1639,body,10,1,False,306,Als Kaͤyſer Friedrich Barbaroſſa/ mit dem Rothen Barthe/ Hertzog Heinrichen den Loͤwen wegen ſeines Verbrechens in die Acht erkleret/ vnd das Hertzogthumb Sachſen jhm abgenom̃en/ vnd es Bernhardo Ottonis Sohn/ des Marggraffen von Brandenburg Bruder/ verlehnet hette/ wolte Hertzog Burewin aus Mechelenburg des verjageten Hertzog Heinrichs Eydam/ mit dem Graffen von Schwerin/ in dieſen Handel nicht einſtimmen/ vnd als deſſenthalben der newe Hertzog von Sachſen Bernhardus den Fuͤrſten aus Ruͤgen Jaromar auff ſeine Seite brachte/ vnd ſich vnterſtand/ die Graffen von Schwerin aus dem Sattel zuheben/ vnd das inſonderheit dem Fuͤrſten aus Mechelenburg Nicoloto Burewins Vettern zuguthe/ deſſen Vater Wartißlaff vom Hertzog Heinrich dem Loͤwen mit dem Strange erwuͤrget war/ fiel Burewin ſeinen Vettern Nicolotum an/ vnd verjagete jhn gantz von Land vnd Leuten.,als kaͤyſer friedrich barbaroſſa mit dem rothen barthe hertzog heinrichen den loͤwen wegen ſeines verbrechens in die acht erkleret vnd das hertzogthumb sachſen jhm abgenom̃en vnd es bernhardo ottonis sohn des marggraffen von brandenburg bruder verlehnet hette wolte hertzog burewin aus mechelenburg des verjageten hertzog heinrichs eydam mit dem graffen von schwerin in dieſen handel nicht einſtimmen vnd als deſſenthalben der newe hertzog von sachſen bernhardus den fuͤrſten aus ruͤgen jaromar auff ſeine seite brachte vnd ſich vnterſtand die graffen von schwerin aus dem sattel zuheben vnd das inſonderheit dem fuͤrſten aus mechelenburg nicoloto burewins vettern zuguthe deſſen vater wartißlaff vom hertzog heinrich dem loͤwen mit dem strange erwuͤrget war fiel burewin ſeinen vettern nicolotum an vnd verjagete jhn gantz von land vnd leuten,als kayser friedrich barbarossa mit dem rothen barthe hertzog heinrichen den lowen wegen seines uerbrechens in die acht erkleret und das hertzogthumb sachsen ihm abgenommen und es bernhardo ottonis sohn des marggraffen uon brandenburg bruder uerlehnet hette wolte hertzog burewin aus mechelenburg des ueriageten hertzog heinrichs eydam mit dem graffen uon schwerin in diesen handel nicht einstimmen und als dessenthalben der newe hertzog uon sachsen bernhardus den fursten aus rugen iaromar auff seine seite brachte und sich unterstand die graffen uon schwerin aus dem sattel zuheben und das insonderheit dem fursten aus mechelenburg nicoloto burewins uettern zuguthe dessen uater wartisslaff uom hertzog heinrich dem lowen mit dem strange erwurget war fiel burewin seinen uettern nicolotum an und ueriagete ihn gantz uon land und leuten
micraelius_pommernland03_1639,body,10,2,False,307,Derſelbe namb ſeine Zuflucht zu Marggraff Otten von Brandenburg/ Hertzog Bernhardi Bruder/ vnd thete aus Havelberg in Mechelenburg groſſen Schaden: Ein gleiches thete auch Jaromar aus Ruͤgen/ vnd da Burewin mit etlichen Schiffen in Ruͤgen fiel/ ward er von Jaromaro geſchlagen/ gefangen/ vnd in Dennemarck in verwahrung gefuͤhret.,derſelbe namb ſeine zuflucht zu marggraff otten von brandenburg hertzog bernhardi bruder vnd thete aus havelberg in mechelenburg groſſen schaden ein gleiches thete auch jaromar aus ruͤgen vnd da burewin mit etlichen schiffen in ruͤgen fiel ward er von jaromaro geſchlagen gefangen vnd in dennemarck in verwahrung gefuͤhret,derselbe namb seine zuflucht zu marggraff otten uon brandenburg hertzog bernhardi bruder und thete aus hauelberg in mechelenburg grossen schaden ein gleiches thete auch iaromar aus rugen und da burewin mit etlichen schiffen in rugen fiel ward er uon iaromaro geschlagen gefangen und in dennemarck in uerwahrung gefuhret
micraelius_pommernland03_1639,body,10,3,False,307,Solches war vnſerm Hertzog Bogißlaffen nicht zudulden/ Jnſonderheit weil er an ſtat ſeines vorigen Nachbahrens/ damit er ſich wol vertragen hette/ Nicolotum/ als ſeinen Feind/ neben ſich ſolte ſitzen ſehen: Samlet derowegen ſein Volck/ nimbt Burewins Land ein/ vnd bekompt Nicolotum/ der es zu einem Treffen wagete/ gefangen/ vnd ließ jhn nicht ehe loß/ biß Burewin zu ſeinem Lande vnd Fuͤrſtenthumb wieder gelangete.,solches war vnſerm hertzog bogißlaffen nicht zudulden jnſonderheit weil er an ſtat ſeines vorigen nachbahrens damit er ſich wol vertragen hette nicolotum als ſeinen feind neben ſich ſolte ſitzen ſehen samlet derowegen ſein volck nimbt burewins land ein vnd bekompt nicolotum der es zu einem treffen wagete gefangen vnd ließ jhn nicht ehe loß biß burewin zu ſeinem lande vnd fuͤrſtenthumb wieder gelangete,solches war unserm hertzog bogisslaffen nicht zudulden insonderheit weil er an stat seines uorigen nachbahrens damit er sich wol uertragen hette nicolotum als seinen feind neben sich solte sitzen sehen samlet derowegen sein uolck nimbt burewins land ein und bekompt nicolotum der es zu einem treffen wagete gefangen und liess ihn nicht ehe loss biss burewin zu seinem lande und furstenthumb wieder gelangete
micraelius_pommernland03_1639,body,10,4,False,307,Welches warlich ein recht Freundſtuͤcke war/ weßwegen auch die Hertzogen aus Mechelenburg/ die ſich zu dieſem Burewin in gerader Linij rechnen/ vnſeren loͤblichen Pommeriſchen Fuͤrſten hoͤchlich verbunden waren/ als von denen jhre Vorfahren nun zum andern mahl bey jhrem Lande ſind erhalten worden.,welches warlich ein recht freundſtuͤcke war weßwegen auch die hertzogen aus mechelenburg die ſich zu dieſem burewin in gerader linij rechnen vnſeren loͤblichen pommeriſchen fuͤrſten hoͤchlich verbunden waren als von denen jhre vorfahren nun zum andern mahl bey jhrem lande ſind erhalten worden,welches warlich ein recht freundstucke war wesswegen auch die hertzogen aus mechelenburg die sich zu diesem burewin in gerader linii rechnen unseren loblichen pommerischen fursten hochlich uerbunden waren als uon denen ihre uorfahren nun zum andern mahl bey ihrem lande sind erhalten worden
micraelius_pommernland03_1639,body,10,5,True,307,Nach dieſem iſt Hertzog Bogißlaff im Jahr mclxxxviij. in Gott ſeliglich entſchlaffen/ als er lij. Jahr regieret/ vnd kurtz zuvor ſeine beyde Soͤhne Caſimirum II. vnd Bogißlaum II. von Bernone/ dem Biſchoff zu Mechelenburg/ der ſie zu aller Gottesfurcht hette erziehen muͤſſen/ anheimb hette holen laſſen.,nach dieſem iſt hertzog bogißlaff im jahr mclxxxviij in gott ſeliglich entſchlaffen als er lij jahr regieret vnd kurtz zuvor ſeine beyde soͤhne caſimirum ii vnd bogißlaum ii von bernone dem biſchoff zu mechelenburg der ſie zu aller gottesfurcht hette erziehen muͤſſen anheimb hette holen laſſen,nach diesem ist hertzog bogisslaff im iahr mclxxxuiii in gott seliglich entschlaffen als er lii iahr regieret und kurtz zuuor seine beyde sohne casimirum ii und bogisslaum ii uon bernone dem bischoff zu mechelenburg der sie zu aller gottesfurcht hette erziehen mussen anheimb hette holen lassen
micraelius_pommernland03_1639,body,11,0,False,308,Dieſe ſeine beyde Soͤhne als ſie an die Regierung traten/ funden ſie durch ſo viele Kriege jhres Vaters ein ſehr verwuͤſtetes Land.,dieſe ſeine beyde soͤhne als ſie an die regierung traten funden ſie durch ſo viele kriege jhres vaters ein ſehr verwuͤſtetes land,diese seine beyde sohne als sie an die regierung traten funden sie durch so uiele kriege ihres uaters ein sehr uerwustetes land
micraelius_pommernland03_1639,body,11,1,False,308,Deßwegen/ ob ſie wol wegen des Landes Barth an den Fuͤrſten zu Ruͤgen/ vnd wegen Belgard an jhre Vettern in Hinter Pommern eine Vrſache zum Kriege hetten nehmen koͤnnen/ ſo eracheten ſie doch den Frieden zu auffnehmung des Landes erſprießlicher/ vnd verſchrieben zu mehrer erbawung deſſelben aus andern Teutſchen vnd Saͤchſiſchen Laͤndern vnd Staͤdten/ mit verheiſſung groſſer Privilegien/ die in jhren Laͤndern Staͤdte erbaweten/ vnd das Land in Auffnehmen braͤchten/ vnd nebenſt andern jhren Vnterthanen gleiches Schutzes vnd Rechtens erwarteten.,deßwegen ob ſie wol wegen des landes barth an den fuͤrſten zu ruͤgen vnd wegen belgard an jhre vettern in hinter pommern eine vrſache zum kriege hetten nehmen koͤnnen ſo eracheten ſie doch den frieden zu auffnehmung des landes erſprießlicher vnd verſchrieben zu mehrer erbawung deſſelben aus andern teutſchen vnd saͤchſiſchen laͤndern vnd staͤdten mit verheiſſung groſſer privilegien die in jhren laͤndern staͤdte erbaweten vnd das land in auffnehmen braͤchten vnd nebenſt andern jhren vnterthanen gleiches schutzes vnd rechtens erwarteten,desswegen ob sie wol wegen des landes barth an den fursten zu rugen und wegen belgard an ihre uettern in hinter pommern eine ursache zum kriege hetten nehmen konnen so eracheten sie doch den frieden zu auffnehmung des landes erspriesslicher und uerschrieben zu mehrer erbawung desselben aus andern teutschen und sachsischen landern und stadten mit uerheissung grosser priuilegien die in ihren landern stadte erbaweten und das land in auffnehmen brachten und nebenst andern ihren unterthanen gleiches schutzes und rechtens erwarteten
micraelius_pommernland03_1639,body,11,2,False,308,Vnd weil eben im Braunſchweigiſchen vnd Luͤneburgiſchen Lande newe Auffruhr war/ da der verjagete Hertzog Heinrich der Loͤwe ſein Land wieder erſtreiten wolte/ das dannenher zwiſchen jhme vnd dem Kaͤyſer Kriegentſtand/ als haben ſich viele vom Adel vnd Vnadel auffgemachet/ vnd ſind wie man ſaget/ alſo in diß Land die Ramel/ Blanckenburge/ Platen Horne/ Lancken/ Muͤnchhanſen/ Winterfelde/ vnd andere mehr zu vns hereingekommen/ welchen die Fuͤrſten wuͤſte Feldmarckten eingethan/ vnd jhnen verlehnet/ das ſie ſolche mit Saͤchſiſchen Bawren/ die ſie dazu ſchaffen muſten/ begateten/ vnd nach jhrer beſten Gelegenheit braucheten.,vnd weil eben im braunſchweigiſchen vnd luͤneburgiſchen lande newe auffruhr war da der verjagete hertzog heinrich der loͤwe ſein land wieder erſtreiten wolte das dannenher zwiſchen jhme vnd dem kaͤyſer kriegentſtand als haben ſich viele vom adel vnd vnadel auffgemachet vnd ſind wie man ſaget alſo in diß land die ramel blanckenburge platen horne lancken muͤnchhanſen winterfelde vnd andere mehr zu vns hereingekommen welchen die fuͤrſten wuͤſte feldmarckten eingethan vnd jhnen verlehnet das ſie ſolche mit saͤchſiſchen bawren die ſie dazu ſchaffen muſten begateten vnd nach jhrer beſten gelegenheit braucheten,und weil eben im braunschweigischen und luneburgischen lande newe auffruhr war da der ueriagete hertzog heinrich der lowe sein land wieder erstreiten wolte das dannenher zwischen ihme und dem kayser kriegentstand als haben sich uiele uom adel und unadel auffgemachet und sind wie man saget also in diss land die ramel blanckenburge platen horne lancken munchhansen winterfelde und andere mehr zu uns hereingekommen welchen die fursten wuste feldmarckten eingethan und ihnen uerlehnet das sie solche mit sachsischen bawren die sie dazu schaffen musten begateten und nach ihrer besten gelegenheit braucheten
micraelius_pommernland03_1639,body,11,3,False,308,Den Buͤrgers Leuten/ ſind auch beſondere Oerter angewieſen/ da ſie entweder newe Staͤdte bawen/ oder die Flecken/ ſo ſie fuͤr ſich funden/ mit Mawren vmbgeben koͤnten.,den buͤrgers leuten ſind auch beſondere oerter angewieſen da ſie entweder newe staͤdte bawen oder die flecken ſo ſie fuͤr ſich funden mit mawren vmbgeben koͤnten,den burgers leuten sind auch besondere oerter angewiesen da sie entweder newe stadte bawen oder die flecken so sie fur sich funden mit mawren umbgeben konten
micraelius_pommernland03_1639,body,11,4,True,309,Vnd ſind darauff im Jahr mcxc. Golnow/ Ancklam/ Vkermuͤnde/ Penckun/ Freyenwalde/ Regenwalde/ Damm/ Grimmen/ theils von newe erbawet/ theils ſo ſchon geweſen/ den Sachſen eingereumet/ vnd mit Saͤchſiſchem Recht belehnet worden.,vnd ſind darauff im jahr mcxc golnow ancklam vkermuͤnde penckun freyenwalde regenwalde damm grimmen theils von newe erbawet theils ſo ſchon geweſen den sachſen eingereumet vnd mit saͤchſiſchem recht belehnet worden,und sind darauff im iahr mcxc golnow ancklam ukermunde penckun freyenwalde regenwalde damm grimmen theils uon newe erbawet theils so schon gewesen den sachsen eingereumet und mit sachsischem recht belehnet worden
micraelius_pommernland03_1639,body,12,0,False,309,Vnd weil anfaͤnglich die Wenden an den Oertern/ da ſie wohneten/ die newen Einkoͤmlinge nicht wolten bey ſich leiden/ vnd ſie zu keiner Ehren Emptern gelangen laſſen/ ſo haben ſie doch damit nichtes anders ausgerichtet/ als das die Gaͤſte auch ſolche Ordnungen vnter ſich auffrichteten/ das hinfort kein Wend vnter jnen zu einigem Ampt ſolte gelaſſen werden.,vnd weil anfaͤnglich die wenden an den oertern da ſie wohneten die newen einkoͤmlinge nicht wolten bey ſich leiden vnd ſie zu keiner ehren emptern gelangen laſſen ſo haben ſie doch damit nichtes anders ausgerichtet als das die gaͤſte auch ſolche ordnungen vnter ſich auffrichteten das hinfort kein wend vnter jnen zu einigem ampt ſolte gelaſſen werden,und weil anfanglich die wenden an den oertern da sie wohneten die newen einkomlinge nicht wolten bey sich leiden und sie zu keiner ehren emptern gelangen lassen so haben sie doch damit nichtes anders ausgerichtet als das die gaste auch solche ordnungen unter sich auffrichteten das hinfort kein wend unter inen zu einigem ampt solte gelassen werden
micraelius_pommernland03_1639,body,12,1,False,309,Daruͤber ward zwar das Land ſehre zerruͤttet: Aber weil der Sachſen Gebraͤuche nunmehr hoͤfflicher vnd beſcheidener waren/ als der Wenden/ vnd die Freyheit der Teutſchen den Alten Pommeren/ als bey denen annoch das Teutſche Gebluͤt wirckete/ auch zugefallen anfieng/ als ſind daruͤber der Wenden Staͤdte gar wuͤſte geworden/ vnd die newe Saͤchſiſche Staͤdte zu einem groſſen Auffnehmen gerahten.,daruͤber ward zwar das land ſehre zerruͤttet aber weil der sachſen gebraͤuche nunmehr hoͤfflicher vnd beſcheidener waren als der wenden vnd die freyheit der teutſchen den alten pommeren als bey denen annoch das teutſche gebluͤt wirckete auch zugefallen anfieng als ſind daruͤber der wenden staͤdte gar wuͤſte geworden vnd die newe saͤchſiſche staͤdte zu einem groſſen auffnehmen gerahten,daruber ward zwar das land sehre zerruttet aber weil der sachsen gebrauche nunmehr hofflicher und bescheidener waren als der wenden und die freyheit der teutschen den alten pommeren als bey denen annoch das teutsche geblut wirckete auch zugefallen anfieng als sind daruber der wenden stadte gar wuste geworden und die newe sachsische stadte zu einem grossen auffnehmen gerahten
micraelius_pommernland03_1639,body,12,2,False,309,Weßwegen die Pommern endlich allenthalben die Sachſen/ als jhre aͤlteſte Landes Leute/ eingenommen/ vnd ſich nach jhren Geſetzen vnd Gewohnheiten gerichtet/ jhre Sprache allgemach gelernet/ vnd ſich mit jhnen gar in einander gemiſchet/ alſo dz in lx. oder lxx. Jahren die Wendiſche Sprache gar in Pom̃ern verloſchen iſt.,weßwegen die pommern endlich allenthalben die sachſen als jhre aͤlteſte landes leute eingenommen vnd ſich nach jhren geſetzen vnd gewohnheiten gerichtet jhre sprache allgemach gelernet vnd ſich mit jhnen gar in einander gemiſchet alſo dz in lx oder lxx jahren die wendiſche sprache gar in pom̃ern verloſchen iſt,wesswegen die pommern endlich allenthalben die sachsen als ihre alteste landes leute eingenommen und sich nach ihren gesetzen und gewohnheiten gerichtet ihre sprache allgemach gelernet und sich mit ihnen gar in einander gemischet also dz in lx oder lxx iahren die wendische sprache gar in pommern uerloschen ist
micraelius_pommernland03_1639,body,12,3,True,309,Welche aber von den Wenden ſolche neweweyſe ſich nicht wolten gefallen laſſen/ die wichen in Hinter Pommeren allgemach/ vnd lieſſen ſich allda bey den Caſſuben nieder/ wolten auch die andern Vor Pommern nicht mehr vor jhre Landes Leute erkennen/ ſonderten ſich gantz von jhnen ab/ vnd nenneten ſie nur die Teutſche oder die Sachſen.,welche aber von den wenden ſolche neweweyſe ſich nicht wolten gefallen laſſen die wichen in hinter pommeren allgemach vnd lieſſen ſich allda bey den caſſuben nieder wolten auch die andern vor pommern nicht mehr vor jhre landes leute erkennen ſonderten ſich gantz von jhnen ab vnd nenneten ſie nur die teutſche oder die sachſen,welche aber uon den wenden solche neweweyse sich nicht wolten gefallen lassen die wichen in hinter pommeren allgemach und liessen sich allda bey den cassuben nieder wolten auch die andern uor pommern nicht mehr uor ihre landes leute erkennen sonderten sich gantz uon ihnen ab und nenneten sie nur die teutsche oder die sachsen
micraelius_pommernland03_1639,body,13,0,True,310,Ein ebenmaͤſſiges iſt von Fuͤrſt Jaromar in Ruͤgen geſchehen/ der auch den Sachſen ſein Land auff beſagete weyſe einreumete/ woruͤber die Stadt Bergen in Ruͤgen/ vnd folgends im Jahr mccix. die Stadt Strallſund/ ſo nach Crantzij meinung jhren Nahmen von der Jnſul Strela haben ſol/ durch beforderung vnd huͤlffe des Koͤniges in Daͤnnemarck/ erbawet iſt.,ein ebenmaͤſſiges iſt von fuͤrſt jaromar in ruͤgen geſchehen der auch den sachſen ſein land auff beſagete weyſe einreumete woruͤber die stadt bergen in ruͤgen vnd folgends im jahr mccix die stadt strallſund ſo nach crantzij meinung jhren nahmen von der jnſul strela haben ſol durch beforderung vnd huͤlffe des koͤniges in daͤnnemarck erbawet iſt,ein ebenmassiges ist uon furst iaromar in rugen geschehen der auch den sachsen sein land auff besagete weyse einreumete woruber die stadt bergen in rugen und folgends im iahr mccix die stadt strallsund so nach crantzii meinung ihren nahmen uon der insul strela haben sol durch beforderung und hulffe des koniges in dannemarck erbawet ist
micraelius_pommernland03_1639,body,14,0,False,310,Dieſen Baw der Stadt Strallſund haben beyde Junge Pommeriſche Herren als nachtheilig angezogen/ vnd deßwegen ehe ſie mit Graben befeſtiget worden/ ſolch Werck zuverhindern/ ſie das dritte Jahr hernach/ als ſie angeleget iſt/ angefallen/ die Haͤuſer drinnen/ vnd die Thoͤre verbrandt/ vnd viele Leute erſchlagen vnd gefangen: Aber/ weil ſie mit dem Marckgraffen von Brandenburg auch zuthun bekamen/ hat der Fuͤrſt von Ruͤgen mit huͤlffe des Koͤniges aus Dennemarck wiederumb einen Streiff auff Loytz vnd Demmin gethan/ ſolche Staͤdte vnter ſich gebracht/ Demmin feſter gebawet/ vnd hernach vnverhindert den Baw der Stadt Strallſund fortgeſetzet: Welcher endlich im xxj. Jahr nach deme er erſtlich angefangen/ von Witzlaff Fuͤrſt Jaromiri Sohn/ iſt vollendet worden.,dieſen baw der stadt strallſund haben beyde junge pommeriſche herren als nachtheilig angezogen vnd deßwegen ehe ſie mit graben befeſtiget worden ſolch werck zuverhindern ſie das dritte jahr hernach als ſie angeleget iſt angefallen die haͤuſer drinnen vnd die thoͤre verbrandt vnd viele leute erſchlagen vnd gefangen aber weil ſie mit dem marckgraffen von brandenburg auch zuthun bekamen hat der fuͤrſt von ruͤgen mit huͤlffe des koͤniges aus dennemarck wiederumb einen streiff auff loytz vnd demmin gethan ſolche staͤdte vnter ſich gebracht demmin feſter gebawet vnd hernach vnverhindert den baw der stadt strallſund fortgeſetzet welcher endlich im xxj jahr nach deme er erſtlich angefangen von witzlaff fuͤrſt jaromiri sohn iſt vollendet worden,diesen baw der stadt strallsund haben beyde iunge pommerische herren als nachtheilig angezogen und desswegen ehe sie mit graben befestiget worden solch werck zuuerhindern sie das dritte iahr hernach als sie angeleget ist angefallen die hauser drinnen und die thore uerbrandt und uiele leute erschlagen und gefangen aber weil sie mit dem marckgraffen uon brandenburg auch zuthun bekamen hat der furst uon rugen mit hulffe des koniges aus dennemarck wiederumb einen streiff auff loytz und demmin gethan solche stadte unter sich gebracht demmin fester gebawet und hernach unuerhindert den baw der stadt strallsund fortgesetzet welcher endlich im xxi iahr nach deme er erstlich angefangen uon witzlaff furst iaromiri sohn ist uollendet worden
micraelius_pommernland03_1639,body,14,1,True,310,Dieſer Witzlaff iſt ſonſten ein tapffer Fuͤrſt geweſen/ vnd hat dem Koͤnig in Dennemarck/ als er in Lyfland wieder die Vnglaͤubige Eſten vnd Harrier kriegete/ ſtattliche Huͤlffe geleiſtet/ vnd da die Daͤhnen ſchon in die Flucht geſchlagen waren/ den Streit mit ſeinen mc. Rugianern wieder ergaͤntzet/ den Sieg erhalten/ vnd die Lyflaͤnder zum Chriſtlichen Glauben zubringen ſich ſehr bemuͤhet.,dieſer witzlaff iſt ſonſten ein tapffer fuͤrſt geweſen vnd hat dem koͤnig in dennemarck als er in lyfland wieder die vnglaͤubige eſten vnd harrier kriegete ſtattliche huͤlffe geleiſtet vnd da die daͤhnen ſchon in die flucht geſchlagen waren den streit mit ſeinen mc rugianern wieder ergaͤntzet den sieg erhalten vnd die lyflaͤnder zum chriſtlichen glauben zubringen ſich ſehr bemuͤhet,dieser witzlaff ist sonsten ein tapffer furst gewesen und hat dem konig in dennemarck als er in lyfland wieder die unglaubige esten und harrier kriegete stattliche hulffe geleistet und da die dahnen schon in die flucht geschlagen waren den streit mit seinen mc rugianern wieder ergantzet den sieg erhalten und die lyflander zum christlichen glauben zubringen sich sehr bemuhet
micraelius_pommernland03_1639,body,15,0,False,311,Der Streit aber zwiſchen Marck vnd Pommeren/ entſtand im Jahr mccxiij. wegen der Land Grentze: Vnd fiel der Marckgraff den Hertzogen ins Vkerland/ vnd thate groſſen Schaden: Aber die Fuͤrſten aus Pommern hetten ein Schloß an der Oder gelegen/ mit nahmen Kentz oder Kenitz: Darauß fielen ſie auch zu vnterſchiedlichen mahlen in die Marck/ vnd trieben von Viehe weg/ was jhnen vorkam.,der streit aber zwiſchen marck vnd pommeren entſtand im jahr mccxiij wegen der land grentze vnd fiel der marckgraff den hertzogen ins vkerland vnd thate groſſen schaden aber die fuͤrſten aus pommern hetten ein schloß an der oder gelegen mit nahmen kentz oder kenitz darauß fielen ſie auch zu vnterſchiedlichen mahlen in die marck vnd trieben von viehe weg was jhnen vorkam,der streit aber zwischen marck und pommeren entstand im iahr mccxiii wegen der land grentze und fiel der marckgraff den hertzogen ins ukerland und thate grossen schaden aber die fursten aus pommern hetten ein schloss an der oder gelegen mit nahmen kentz oder kenitz darauss fielen sie auch zu unterschiedlichen mahlen in die marck und trieben uon uiehe weg was ihnen uorkam
micraelius_pommernland03_1639,body,15,1,False,311,Solche Außfaͤlle aus Kenitz zuverwehren/ bawete der Marggraff das Schloß Aderberg/ vnd bereiteten ſich alſo beyde Theile mit zimblich verbitterten Gemuͤhtern zu einem langwierigen Kriege.,solche außfaͤlle aus kenitz zuverwehren bawete der marggraff das schloß aderberg vnd bereiteten ſich alſo beyde theile mit zimblich verbitterten gemuͤhtern zu einem langwierigen kriege,solche aussfalle aus kenitz zuuerwehren bawete der marggraff das schloss aderberg und bereiteten sich also beyde theile mit zimblich uerbitterten gemuhtern zu einem langwierigen kriege
micraelius_pommernland03_1639,body,15,2,True,311,Doch ward dißmahl noch das Fewr gedempffet/ Jnſonderheit weil beyde Pommerſche Hertzogen kurtz darauff verfielen; Caſimirus zwar auff der Reyſe nach dem heiligen Grabe im Jahr mccxvij; Bogißlaus aber fuͤnff Jahr hernach/ welcher zu Kenitz auffm Schloß begraben worden.,doch ward dißmahl noch das fewr gedempffet jnſonderheit weil beyde pommerſche hertzogen kurtz darauff verfielen caſimirus zwar auff der reyſe nach dem heiligen grabe im jahr mccxvij bogißlaus aber fuͤnff jahr hernach welcher zu kenitz auffm schloß begraben worden,doch ward dissmahl noch das fewr gedempffet insonderheit weil beyde pommersche hertzogen kurtz darauff uerfielen casimirus zwar auff der reyse nach dem heiligen grabe im iahr mccxuii bogisslaus aber funff iahr hernach welcher zu kenitz auffm schloss begraben worden
micraelius_pommernland03_1639,body,16,0,False,311,Caſimirus verließ nur einen Sohn/ aus ſeinem Gemahl Jngrad/ Fuͤrſt Jaromari aus Ruͤgen Tochter/ nemlich den Wartißlaum III. welcher zu Demmin meiſtentheils Hoff gehalten hat/ vnd im Jahr mcclxiv. ohne Erben verfallen iſt.,caſimirus verließ nur einen sohn aus ſeinem gemahl jngrad fuͤrſt jaromari aus ruͤgen tochter nemlich den wartißlaum iii welcher zu demmin meiſtentheils hoff gehalten hat vnd im jahr mcclxiv ohne erben verfallen iſt,casimirus uerliess nur einen sohn aus seinem gemahl ingrad furst iaromari aus rugen tochter nemlich den wartisslaum iii welcher zu demmin meistentheils hoff gehalten hat und im iahr mcclxiu ohne erben uerfallen ist
micraelius_pommernland03_1639,body,16,1,True,311,Bogißlaus aber hatte mit Miroſlava einer gebohrnen Fuͤrſtin aus Reuſſen zweene Soͤhne gezeuget/ Bogißlaum III. welcher nur nach des Vatern Todte zwey Jahr lebete/ vnd Barnimum I. den ſie ſonſt den guten heiſſen/ vnd welcher nach Ableibung ſeiner Vettern/ Bogißlai III. Wartißlai III. vnd Caſimiri III. gantz Pommerland alleine bekommen hat.,bogißlaus aber hatte mit miroſlava einer gebohrnen fuͤrſtin aus reuſſen zweene soͤhne gezeuget bogißlaum iii welcher nur nach des vatern todte zwey jahr lebete vnd barnimum i den ſie ſonſt den guten heiſſen vnd welcher nach ableibung ſeiner vettern bogißlai iii wartißlai iii vnd caſimiri iii gantz pommerland alleine bekommen hat,bogisslaus aber hatte mit miroslaua einer gebohrnen furstin aus reussen zweene sohne gezeuget bogisslaum iii welcher nur nach des uatern todte zwey iahr lebete und barnimum i den sie sonst den guten heissen und welcher nach ableibung seiner uettern bogisslai iii wartisslai iii und casimiri iii gantz pommerland alleine bekommen hat
micraelius_pommernland03_1639,body,17,0,False,312,Dieſer Hertzog Barnimb/ als er im Jahr mccxxij. zur Regierung gekommen/ hat Greifenhagen/ Bahn/ Gartz/ Prentzlow/ ſo zuvor offene Flecken geweſen/ zu Staͤdten auffgeleget/ vnd viele Landes denſelben geſchencket/ die new auffgelegete oder vielmehr in Mawren newgefaſſete Stadt Greiffswald vom Abt zur Eldenow an ſich gebracht/ Stargard mit Luͤbiſchem Recht belehnet/ auch Greiffenberg mit Mawren vmbzogen/ vnd etlichen Edelleuten/ als Jacob von Trebekowen/ Caſimir Borcken/ vnd anderen Platz darinnen gegeben/ das ſie dieſelbe Stadt gantz auffbaweten.,dieſer hertzog barnimb als er im jahr mccxxij zur regierung gekommen hat greifenhagen bahn gartz prentzlow ſo zuvor offene flecken geweſen zu staͤdten auffgeleget vnd viele landes denſelben geſchencket die new auffgelegete oder vielmehr in mawren newgefaſſete stadt greiffswald vom abt zur eldenow an ſich gebracht stargard mit luͤbiſchem recht belehnet auch greiffenberg mit mawren vmbzogen vnd etlichen edelleuten als jacob von trebekowen caſimir borcken vnd anderen platz darinnen gegeben das ſie dieſelbe stadt gantz auffbaweten,dieser hertzog barnimb als er im iahr mccxxii zur regierung gekommen hat greifenhagen bahn gartz prentzlow so zuuor offene flecken gewesen zu stadten auffgeleget und uiele landes denselben geschencket die new auffgelegete oder uielmehr in mawren newgefassete stadt greiffswald uom abt zur eldenow an sich gebracht stargard mit lubischem recht belehnet auch greiffenberg mit mawren umbzogen und etlichen edelleuten als iacob uon trebekowen casimir borcken und anderen platz darinnen gegeben das sie dieselbe stadt gantz auffbaweten
micraelius_pommernland03_1639,body,17,1,False,312,Hat auch zu Gottes Ehre viele Kloͤſter reichlich begabet/ S. Marien Kirche zu Stettin erbawet/ vñ bey Jederman einen guten Nahmen erworben.,hat auch zu gottes ehre viele kloͤſter reichlich begabet s marien kirche zu stettin erbawet vñ bey jederman einen guten nahmen erworben,hat auch zu gottes ehre uiele kloster reichlich begabet s marien kirche zu stettin erbawet und bey iederman einen guten nahmen erworben
micraelius_pommernland03_1639,body,17,2,False,312,Vnd ob er wol ein Friedliebender Herre war/ ſo hat er doch das Schwerd zu rechter Zeit zuzucken gewuſt.,vnd ob er wol ein friedliebender herre war ſo hat er doch das schwerd zu rechter zeit zuzucken gewuſt,und ob er wol ein friedliebender herre war so hat er doch das schwerd zu rechter zeit zuzucken gewust
micraelius_pommernland03_1639,body,17,3,False,312,Drumb da er bedachte/ wie der Fuͤrſte zu Ruͤgen Witzlaff mit huͤlffe des Koͤniges aus Dennemarck/ die beyden Staͤdte Loytz vñ Demmin ſeinem Vater entwandt hette/ wolte er vor allen dingen ſich deroſelben bemaͤchtigen/ vnd ward jhme auch eine gute Gelegenheit an die Hand gegeben/ als Koͤnig Waldemar aus Dennemarck/ der bißher den Fuͤrſten aus Ruͤgen den Thron auffgehalten hatte/ durch den Graffen von Schwerin/ nebenſt ſeinem Sohne/ auch Waldemar genant/ der auch ſchon zum Koͤnige gekroͤnet war/ gefangen/ vnd auff einem Thurn vber zwey Jahr verwahret behalten ward.,drumb da er bedachte wie der fuͤrſte zu ruͤgen witzlaff mit huͤlffe des koͤniges aus dennemarck die beyden staͤdte loytz vñ demmin ſeinem vater entwandt hette wolte er vor allen dingen ſich deroſelben bemaͤchtigen vnd ward jhme auch eine gute gelegenheit an die hand gegeben als koͤnig waldemar aus dennemarck der bißher den fuͤrſten aus ruͤgen den thron auffgehalten hatte durch den graffen von schwerin nebenſt ſeinem sohne auch waldemar genant der auch ſchon zum koͤnige gekroͤnet war gefangen vnd auff einem thurn vber zwey jahr verwahret behalten ward,drumb da er bedachte wie der furste zu rugen witzlaff mit hulffe des koniges aus dennemarck die beyden stadte loytz und demmin seinem uater entwandt hette wolte er uor allen dingen sich deroselben bemachtigen und ward ihme auch eine gute gelegenheit an die hand gegeben als konig waldemar aus dennemarck der bissher den fursten aus rugen den thron auffgehalten hatte durch den graffen uon schwerin nebenst seinem sohne auch waldemar genant der auch schon zum konige gekronet war gefangen und auff einem thurn uber zwey iahr uerwahret behalten ward
micraelius_pommernland03_1639,body,17,4,True,313,Die Vrſache war dieſe:,die vrſache war dieſe,die ursache war diese
micraelius_pommernland03_1639,body,18,0,False,313,Heinrich der Grafe von Schwerin/ Guntzels Sohn/ hatte einen Edelman Hans Gans/ vom Hauſe Gralow verjaget.,heinrich der grafe von schwerin guntzels sohn hatte einen edelman hans gans vom hauſe gralow verjaget,heinrich der grafe uon schwerin guntzels sohn hatte einen edelman hans gans uom hause gralow ueriaget
micraelius_pommernland03_1639,body,18,1,False,313,Derſelbige nahm Zuflucht zum Koͤnige in Dennemarck/ der ſich der Lande auff dißſeit der Elbe ſehr anmaſſete/ vnd erhielt es/ das der Grafe ſich in Dennemarck zu vermeidung groſſer Vngelegenheit im Jahr mccxxiij. auff gegebenes Geleit zu der Sachen verhoͤrung ſtellete.,derſelbige nahm zuflucht zum koͤnige in dennemarck der ſich der lande auff dißſeit der elbe ſehr anmaſſete vnd erhielt es das der grafe ſich in dennemarck zu vermeidung groſſer vngelegenheit im jahr mccxxiij auff gegebenes geleit zu der sachen verhoͤrung ſtellete,derselbige nahm zuflucht zum konige in dennemarck der sich der lande auff dissseit der elbe sehr anmassete und erhielt es das der grafe sich in dennemarck zu uermeidung grosser ungelegenheit im iahr mccxxiii auff gegebenes geleit zu der sachen uerhorung stellete
micraelius_pommernland03_1639,body,18,2,False,313,Als er aber erſchien/ warden jhm ſolche Puncten vorgeleget/ die jhme einzugehen vnertraͤglich waren.,als er aber erſchien warden jhm ſolche puncten vorgeleget die jhme einzugehen vnertraͤglich waren,als er aber erschien warden ihm solche puncten uorgeleget die ihme einzugehen unertraglich waren
micraelius_pommernland03_1639,body,18,3,False,313,Da ſahe er wie es gefochten war.,da ſahe er wie es gefochten war,da sahe er wie es gefochten war
micraelius_pommernland03_1639,body,18,4,False,313,Er war in Frembden Haͤnden: Solte nur ſagen/ was andern geliebete/ oder er muſte eines anderen ſich vermuthen.,er war in frembden haͤnden solte nur ſagen was andern geliebete oder er muſte eines anderen ſich vermuthen,er war in frembden handen solte nur sagen was andern geliebete oder er muste eines anderen sich uermuthen
micraelius_pommernland03_1639,body,18,5,False,313,Derowegen gedachte er auff Mittel/ wie er moͤchte ohne Schaden anheimb gelangen.,derowegen gedachte er auff mittel wie er moͤchte ohne schaden anheimb gelangen,derowegen gedachte er auff mittel wie er mochte ohne schaden anheimb gelangen
micraelius_pommernland03_1639,body,18,6,False,313,Namb die Zeit in acht/ da beyde Koͤnige/ Vater vnd Sohn/ in einem Gezelte auff der Jagt lagen vnd ruheten/ vnd von jhren Daͤhnen/ die ſich beſoffen hetten/ wenig bewachet wurden.,namb die zeit in acht da beyde koͤnige vater vnd sohn in einem gezelte auff der jagt lagen vnd ruheten vnd von jhren daͤhnen die ſich beſoffen hetten wenig bewachet wurden,namb die zeit in acht da beyde konige uater und sohn in einem gezelte auff der iagt lagen und ruheten und uon ihren dahnen die sich besoffen hetten wenig bewachet wurden
micraelius_pommernland03_1639,body,18,7,False,313,Warff mit ſeinen Leuten jhnen beyden Kleider vbers Angeſichte/ das ſie kein Geſchrey macheten/ brachte ſie auff ein Schiff/ vnd fuͤhrete ſie davon.,warff mit ſeinen leuten jhnen beyden kleider vbers angeſichte das ſie kein geſchrey macheten brachte ſie auff ein schiff vnd fuͤhrete ſie davon,warff mit seinen leuten ihnen beyden kleider ubers angesichte das sie kein geschrey macheten brachte sie auff ein schiff und fuhrete sie dauon
micraelius_pommernland03_1639,body,18,8,False,313,Zuvor aber durchbohrete er die andere Daͤniſche Schiffe/ in groſſer Stille/ vnd machete ſie vntuͤchtig/ daß ſie nicht folgen konten.,zuvor aber durchbohrete er die andere daͤniſche schiffe in groſſer stille vnd machete ſie vntuͤchtig daß ſie nicht folgen konten,zuuor aber durchbohrete er die andere danische schiffe in grosser stille und machete sie untuchtig dass sie nicht folgen konten
micraelius_pommernland03_1639,body,18,9,True,313,Alſo kam er zu Schwerin mit den beyden Waldemarn an/ vnnd wurden dieſelbe zwey Jahr lang in Hafft behalten/ biß ſie endlich dem Grafen xlv. tauſent Marck Silbers erlegeten.,alſo kam er zu schwerin mit den beyden waldemarn an vnnd wurden dieſelbe zwey jahr lang in hafft behalten biß ſie endlich dem grafen xlv tauſent marck silbers erlegeten,also kam er zu schwerin mit den beyden waldemarn an unnd wurden dieselbe zwey iahr lang in hafft behalten biss sie endlich dem grafen xlu tausent marck silbers erlegeten
micraelius_pommernland03_1639,body,19,0,False,314,Nicolaus Mareſchalck/ der die Wendiſche Chronick beſchrieben/ iſt der Meinung/ als wenn Graff Heinrich darumb den Koͤnig auff der Jagt gefangen genommen/ weil er an ſeine Gemahlin/ die er bey jhme gelaſſen/ als er zum heiligen Grabe verreiſete/ etwas Vnehrliches geſinnet hette.,nicolaus mareſchalck der die wendiſche chronick beſchrieben iſt der meinung als wenn graff heinrich darumb den koͤnig auff der jagt gefangen genommen weil er an ſeine gemahlin die er bey jhme gelaſſen als er zum heiligen grabe verreiſete etwas vnehrliches geſinnet hette,nicolaus mareschalck der die wendische chronick beschrieben ist der meinung als wenn graff heinrich darumb den konig auff der iagt gefangen genommen weil er an seine gemahlin die er bey ihme gelassen als er zum heiligen grabe uerreisete etwas unehrliches gesinnet hette
micraelius_pommernland03_1639,body,19,1,False,314,Jhme ſey/ wie jhme wolle/ Jnnerhalb der zeit/ das der Alte vnd Junge Koͤnig gefangen ſitzen/ wircken ſich die Hollſteiniſche Grafen/ wie auch die Stadt Luͤbeck/ aus der Daͤhnen Haͤnde/ vnd geben ſich in den Schutz des Roͤmiſchen Reiches.,jhme ſey wie jhme wolle jnnerhalb der zeit das der alte vnd junge koͤnig gefangen ſitzen wircken ſich die hollſteiniſche grafen wie auch die stadt luͤbeck aus der daͤhnen haͤnde vnd geben ſich in den schutz des roͤmiſchen reiches,ihme sey wie ihme wolle innerhalb der zeit das der alte und iunge konig gefangen sitzen wircken sich die hollsteinische grafen wie auch die stadt lubeck aus der dahnen hande und geben sich in den schutz des romischen reiches
micraelius_pommernland03_1639,body,19,2,True,314,Vnd vnſer Hertzog Barnimb faͤllet auch mit ſeinem Bruder Sohn Wartislao III. die beyde Staͤdte Loytz vnd Demmin an/ erobert ſie/ vnd vertraͤget ſich endlich mit Witzlaff dem Fuͤrſten von Ruͤgen der maſſen/ das derſelbe Barth behalten/ vnd Loytz vnd Demmin den Pommeriſchen Fuͤrſten laſſen ſol.,vnd vnſer hertzog barnimb faͤllet auch mit ſeinem bruder sohn wartislao iii die beyde staͤdte loytz vnd demmin an erobert ſie vnd vertraͤget ſich endlich mit witzlaff dem fuͤrſten von ruͤgen der maſſen das derſelbe barth behalten vnd loytz vnd demmin den pommeriſchen fuͤrſten laſſen ſol,und unser hertzog barnimb fallet auch mit seinem bruder sohn wartislao iii die beyde stadte loytz und demmin an erobert sie und uertraget sich endlich mit witzlaff dem fursten uon rugen der massen das derselbe barth behalten und loytz und demmin den pommerischen fursten lassen sol
micraelius_pommernland03_1639,body,20,0,False,314,Mit den Marckgraffen bekam er auch etwas zuthun/ weil er mit Hertzog Wartislao III. Svantipolken dem Hinter Pom̃eriſchen Fuͤrſten/ wider die Polen vnd Ordens Herren/ mit denen ſich die Marggrafen daßmahl verbunden hetten/ Huͤlffe leiſtete.,mit den marckgraffen bekam er auch etwas zuthun weil er mit hertzog wartislao iii svantipolken dem hinter pom̃eriſchen fuͤrſten wider die polen vnd ordens herren mit denen ſich die marggrafen daßmahl verbunden hetten huͤlffe leiſtete,mit den marckgraffen bekam er auch etwas zuthun weil er mit hertzog wartislao iii suantipolken dem hinter pommerischen fursten wider die polen und ordens herren mit denen sich die marggrafen dassmahl uerbunden hetten hulffe leistete
micraelius_pommernland03_1639,body,20,1,False,314,Dann vmb ſolcher Vrſache willen fielen beyde Marggraffen Johannes I. der Churfuͤrſt/ vnd Otto III. ſein Bruder/ in das Pommeriſche Land/ das man jetzt die Newmarck heiſſet/ vnd hauſeten drinnen vbel/ vnd nahmen es faſt gantz hinweg.,dann vmb ſolcher vrſache willen fielen beyde marggraffen johannes i der churfuͤrſt vnd otto iii ſein bruder in das pommeriſche land das man jetzt die newmarck heiſſet vnd hauſeten drinnen vbel vnd nahmen es faſt gantz hinweg,dann umb solcher ursache willen fielen beyde marggraffen iohannes i der churfurst und otto iii sein bruder in das pommerische land das man ietzt die newmarck heisset und hauseten drinnen ubel und nahmen es fast gantz hinweg
micraelius_pommernland03_1639,body,20,2,False,314,Die Hertzogen waren aber auch nicht faul/ ſondern ſamleten jhre Volck/ vnd eroberten auffs newe/ was ſie verlohren hetten.,die hertzogen waren aber auch nicht faul ſondern ſamleten jhre volck vnd eroberten auffs newe was ſie verlohren hetten,die hertzogen waren aber auch nicht faul sondern samleten ihre uolck und eroberten auffs newe was sie uerlohren hetten
micraelius_pommernland03_1639,body,20,3,False,314,Da es aber mit ſolchem Kriege ein weit außſehen hette/ ward die Sache endlich nach vielen Handlungen im Jahr mccxliv. ſo vertragen/ daß Churfuͤrſt Johannes Hertzog Barnimbs Tochter Hedewig zur Ehe genommen/ vnd an ſtat des Heyrathgeldes/ die zuvor eingenommene Staͤdte in der Newmarcke vnd im Vkerlande/ vnd inſonderheit die daßmahlige Pommeriſche Stadt Prentzlow/ erlanget hat.,da es aber mit ſolchem kriege ein weit außſehen hette ward die sache endlich nach vielen handlungen im jahr mccxliv ſo vertragen daß churfuͤrſt johannes hertzog barnimbs tochter hedewig zur ehe genommen vnd an ſtat des heyrathgeldes die zuvor eingenommene staͤdte in der newmarcke vnd im vkerlande vnd inſonderheit die daßmahlige pommeriſche stadt prentzlow erlanget hat,da es aber mit solchem kriege ein weit ausssehen hette ward die sache endlich nach uielen handlungen im iahr mccxliu so uertragen dass churfurst iohannes hertzog barnimbs tochter hedewig zur ehe genommen und an stat des heyrathgeldes die zuuor eingenommene stadte in der newmarcke und im ukerlande und insonderheit die dassmahlige pommerische stadt prentzlow erlanget hat
micraelius_pommernland03_1639,body,20,4,True,315,Vnd darauff iſt auch ein ſolch guth Vertrawen vnter beyden Haͤuſern entſtanden/ das/ da Hertzog Barnimb ſein erſte vnd andere Gemahl/ als Mariennam aus Sachſen/ vnd Margaritam aus Braunſchweig/ Fuͤrſt Witzlaffs aus Ruͤgen nachgelaſſene Wittbe/ durch einen fruͤezeitigen Todt verlohren/ vnd nunmehr zur dritten Heyrath ſchreiten wolte/ Er Marggraff Otten Tochter die Mechthildem zur Ehe genommen/ vnd zugleich ſeinem̃ Sohn Bogißlao IV. Chur Fuͤrſt Johanſen Tochter/ auch Mechthild genant/ beylegen laſſen.,vnd darauff iſt auch ein ſolch guth vertrawen vnter beyden haͤuſern entſtanden das da hertzog barnimb ſein erſte vnd andere gemahl als mariennam aus sachſen vnd margaritam aus braunſchweig fuͤrſt witzlaffs aus ruͤgen nachgelaſſene wittbe durch einen fruͤezeitigen todt verlohren vnd nunmehr zur dritten heyrath ſchreiten wolte er marggraff otten tochter die mechthildem zur ehe genommen vnd zugleich ſeinem̃ sohn bogißlao iv chur fuͤrſt johanſen tochter auch mechthild genant beylegen laſſen,und darauff ist auch ein solch guth uertrawen unter beyden hausern entstanden das da hertzog barnimb sein erste und andere gemahl als mariennam aus sachsen und margaritam aus braunschweig furst witzlaffs aus rugen nachgelassene wittbe durch einen fruezeitigen todt uerlohren und nunmehr zur dritten heyrath schreiten wolte er marggraff otten tochter die mechthildem zur ehe genommen und zugleich seinemm sohn bogisslao iu chur furst iohansen tochter auch mechthild genant beylegen lassen
micraelius_pommernland03_1639,body,21,0,False,315,Doch koͤnte auch dieſe ſo feſt geſchuͤrzete Freundſchafft nitlange dawren.,doch koͤnte auch dieſe ſo feſt geſchuͤrzete freundſchafft nitlange dawren,doch konte auch diese so fest geschurzete freundschafft nitlange dawren
micraelius_pommernland03_1639,body,21,1,False,315,Dañ als Churfuͤrſt Johannes nebenſt ſeinem Bruder Ottone/ verſtorben/ vnd ſeine Soͤhne/ vnd vnter jhnen inſonderheit Marggraff Conrad/ ſich der Hinter Pommeriſchen Haͤndel annahmen/ vnd Hertzog Wartißlaffen wieder ſeinen Bruder Meſtowin beyſprungen/ auch daruͤber ſich der Stadt Dantzig bemaͤchtigeten/ hat Hertzog Barnimb nebenſt dem Hertzogen aus Polen Bolißlaffen Meſtowini Recht verthediget/ vnd die Stadt Dantzig aus Marggraffen Conradi Haͤnden wieder loß gewircket; Welches dann den ſaͤmptlichen Marggraffen dermaſſen verdroſſen/ das ſie im Jahr mcclxxiv. einen Einfall in des Colbatziſchen Cloſters Guͤter thaten/ vnd alles Land biß an Cammin verheereten.,dañ als churfuͤrſt johannes nebenſt ſeinem bruder ottone verſtorben vnd ſeine soͤhne vnd vnter jhnen inſonderheit marggraff conrad ſich der hinter pommeriſchen haͤndel annahmen vnd hertzog wartißlaffen wieder ſeinen bruder meſtowin beyſprungen auch daruͤber ſich der stadt dantzig bemaͤchtigeten hat hertzog barnimb nebenſt dem hertzogen aus polen bolißlaffen meſtowini recht verthediget vnd die stadt dantzig aus marggraffen conradi haͤnden wieder loß gewircket welches dann den ſaͤmptlichen marggraffen dermaſſen verdroſſen das ſie im jahr mcclxxiv einen einfall in des colbatziſchen cloſters guͤter thaten vnd alles land biß an cammin verheereten,dann als churfurst iohannes nebenst seinem bruder ottone uerstorben und seine sohne und unter ihnen insonderheit marggraff conrad sich der hinter pommerischen handel annahmen und hertzog wartisslaffen wieder seinen bruder mestowin beysprungen auch daruber sich der stadt dantzig bemachtigeten hat hertzog barnimb nebenst dem hertzogen aus polen bolisslaffen mestowini recht uerthediget und die stadt dantzig aus marggraffen conradi handen wieder loss gewircket welches dann den samptlichen marggraffen dermassen uerdrossen das sie im iahr mcclxxiu einen einfall in des colbatzischen closters guter thaten und alles land biss an cammin uerheereten
micraelius_pommernland03_1639,body,21,2,False,316,Aber Hertzog Barnimb iſt auch bald auff/ gehet in die Newmarck hinein/ erobert Drießden/ vnd machet gute Beute.,aber hertzog barnimb iſt auch bald auff gehet in die newmarck hinein erobert drießden vnd machet gute beute,aber hertzog barnimb ist auch bald auff gehet in die newmarck hinein erobert driessden und machet gute beute
micraelius_pommernland03_1639,body,21,3,True,316,Bolißlaff der Hertzog aus Pohlen/ gieng auch durch Hinter Pommern auff die Marck zu/ vnd als jhm Otto IV. bey Soldin entgegen zog/ ſchlug er jhn in die Flucht/ vnd gab den Seinigen alles laͤngſt der Oder preyß.,bolißlaff der hertzog aus pohlen gieng auch durch hinter pommern auff die marck zu vnd als jhm otto iv bey soldin entgegen zog ſchlug er jhn in die flucht vnd gab den seinigen alles laͤngſt der oder preyß,bolisslaff der hertzog aus pohlen gieng auch durch hinter pommern auff die marck zu und als ihm otto iu bey soldin entgegen zog schlug er ihn in die flucht und gab den seinigen alles langst der oder preyss
micraelius_pommernland03_1639,body,22,0,False,316,Bald aber darauff fiel Hertzog Barnimb wegen ſeines hohen Alters in eine Kranckheit/ vnd ſtarb zum Dam̃/ da er mehrentheils pflag Hoff zuhalten/ eines ſanfften ſeeligen Todtes.,bald aber darauff fiel hertzog barnimb wegen ſeines hohen alters in eine kranckheit vnd ſtarb zum dam̃ da er mehrentheils pflag hoff zuhalten eines ſanfften ſeeligen todtes,bald aber darauff fiel hertzog barnimb wegen seines hohen alters in eine kranckheit und starb zum damm da er mehrentheils pflag hoff zuhalten eines sanfften seeligen todtes
micraelius_pommernland03_1639,body,22,1,False,316,Seine drey Soͤhne Bogißlaus IV. Barnimus II. vnd Otto I. ſind nach ſeinem Todte/ ſo lange als Barnimus II. lebete/ in vngetheileter Regierung verblieben/ vnd haben alsforth ſich wider Marggraff Albrechten/ Johañis Sohn/ wehren muͤſſen/ welcher wegen etlicher Streitigkeiten der Grentze halben/ das Land Berneſtein/ ſo daß mahl Pommeriſch war/ vberzog/ vnnd die Stadt Berneſtein/ wie auch Stargard ander Jhnanebenſt dem Schloß eroberte.,seine drey soͤhne bogißlaus iv barnimus ii vnd otto i ſind nach ſeinem todte ſo lange als barnimus ii lebete in vngetheileter regierung verblieben vnd haben alsforth ſich wider marggraff albrechten johañis sohn wehren muͤſſen welcher wegen etlicher streitigkeiten der grentze halben das land berneſtein ſo daß mahl pommeriſch war vberzog vnnd die stadt berneſtein wie auch stargard ander jhnanebenſt dem schloß eroberte,seine drey sohne bogisslaus iu barnimus ii und otto i sind nach seinem todte so lange als barnimus ii lebete in ungetheileter regierung uerblieben und haben alsforth sich wider marggraff albrechten iohannis sohn wehren mussen welcher wegen etlicher streitigkeiten der grentze halben das land bernestein so dass mahl pommerisch war uberzog unnd die stadt bernestein wie auch stargard ander ihnanebenst dem schloss eroberte
micraelius_pommernland03_1639,body,22,2,True,316,Vnd da die Pommeriſche Hertzogen dieſe Gewalt tieff zu Hertzen zogen/ auch im Jahr mcclxxx. Stargardt nebenſt dem Schloſſe mit ſtuͤrmender Hand gewuñen/ auch nunmehr auff Berneſtein rucketen/ hat Hertzog Bogslaffs Gemahlin/ Marggraff Albrechten Schweſter/ den Handel zwiſchen jhrem Bruder vñ Ehegemahl auffgegriffen/ vnd es dahin gebracht/ dz Berneſtein in der Guͤte dem Hauſe Pom̃eren wieder abgetreten iſt.,vnd da die pommeriſche hertzogen dieſe gewalt tieff zu hertzen zogen auch im jahr mcclxxx stargardt nebenſt dem schloſſe mit ſtuͤrmender hand gewuñen auch nunmehr auff berneſtein rucketen hat hertzog bogslaffs gemahlin marggraff albrechten schweſter den handel zwiſchen jhrem bruder vñ ehegemahl auffgegriffen vnd es dahin gebracht dz berneſtein in der guͤte dem hauſe pom̃eren wieder abgetreten iſt,und da die pommerische hertzogen diese gewalt tieff zu hertzen zogen auch im iahr mcclxxx stargardt nebenst dem schlosse mit sturmender hand gewunnen auch nunmehr auff bernestein rucketen hat hertzog bogslaffs gemahlin marggraff albrechten schwester den handel zwischen ihrem bruder und ehegemahl auffgegriffen und es dahin gebracht dz bernestein in der gute dem hause pommeren wieder abgetreten ist
micraelius_pommernland03_1639,body,23,0,False,316,Vnd weil in dieſem Kriege Fuͤrſt Nicolaus von der Werle/ ſonſt Fuͤrſt der Wenden geheiſſen/ den Hertzogen aus Pommeren Volck zufuͤhrete/ vnd jhm Beyſtand leyſtete/ als haben ſie jhme fuͤr den Kriegs Vnkoſten das Schloß vnd Ampt Stavenhagen gegeben/ dz hernach die Fuͤrſten von der Werle von den Hertzogen von Stettin zu Lehen behalten haben.,vnd weil in dieſem kriege fuͤrſt nicolaus von der werle ſonſt fuͤrſt der wenden geheiſſen den hertzogen aus pommeren volck zufuͤhrete vnd jhm beyſtand leyſtete als haben ſie jhme fuͤr den kriegs vnkoſten das schloß vnd ampt stavenhagen gegeben dz hernach die fuͤrſten von der werle von den hertzogen von stettin zu lehen behalten haben,und weil in diesem kriege furst nicolaus uon der werle sonst furst der wenden geheissen den hertzogen aus pommeren uolck zufuhrete und ihm beystand leystete als haben sie ihme fur den kriegs unkosten das schloss und ampt stauenhagen gegeben dz hernach die fursten uon der werle uon den hertzogen uon stettin zu lehen behalten haben
micraelius_pommernland03_1639,body,23,1,False,317,Dieſer Fuͤrſt Nicolaus hat bald darauff im Jahr mccxcj. mit ſeinen Vettern Heinrich vnd Nicolao Gebruͤderen/ die ſich jhrem eigenen Vater/ Fuͤrſt Heinrichen dem aͤltern/ aus der liederlichen Vrſache wiederſetzeten/ dz er in ſeinem Alter nach ſeiner erſten Gemahlin Todte ſich des Hertzogen von Luͤneburg Tochter hette beylegen laſſen/ zuthun gekrieget.,dieſer fuͤrſt nicolaus hat bald darauff im jahr mccxcj mit ſeinen vettern heinrich vnd nicolao gebruͤderen die ſich jhrem eigenen vater fuͤrſt heinrichen dem aͤltern aus der liederlichen vrſache wiederſetzeten dz er in ſeinem alter nach ſeiner erſten gemahlin todte ſich des hertzogen von luͤneburg tochter hette beylegen laſſen zuthun gekrieget,dieser furst nicolaus hat bald darauff im iahr mccxci mit seinen uettern heinrich und nicolao gebruderen die sich ihrem eigenen uater furst heinrichen dem altern aus der liederlichen ursache wiedersetzeten dz er in seinem alter nach seiner ersten gemahlin todte sich des hertzogen uon luneburg tochter hette beylegen lassen zuthun gekrieget
micraelius_pommernland03_1639,body,23,2,False,317,Gemelte Bruͤdere/ wolten von keiner Stieff Mutter wiſſen/ wie es dann offt geſchicht/ dz der Stieffkinder Haß groͤſſer iſt/ als der ſo vbel beſchrienen Stieff Muttere.,gemelte bruͤdere wolten von keiner stieff mutter wiſſen wie es dann offt geſchicht dz der stieffkinder haß groͤſſer iſt als der ſo vbel beſchrienen stieff muttere,gemelte brudere wolten uon keiner stieff mutter wissen wie es dann offt geschicht dz der stieffkinder hass grosser ist als der so ubel beschrienen stieff muttere
micraelius_pommernland03_1639,body,23,3,False,317,Darumb gedachten ſie jhren Alten Vater auff der Jagd/ nicht weit von Barth/ dahin er fuͤr die Soͤhne zum Fuͤrſten aus Ruͤgen geflogen war/ gefangen zunehmen.,darumb gedachten ſie jhren alten vater auff der jagd nicht weit von barth dahin er fuͤr die soͤhne zum fuͤrſten aus ruͤgen geflogen war gefangen zunehmen,darumb gedachten sie ihren alten uater auff der iagd nicht weit uon barth dahin er fur die sohne zum fursten aus rugen geflogen war gefangen zunehmen
micraelius_pommernland03_1639,body,23,4,False,317,Vnd als er ſich/ ſo viele er vermocht/ wehrete/ iſt er druͤber erſchlagen worden.,vnd als er ſich ſo viele er vermocht wehrete iſt er druͤber erſchlagen worden,und als er sich so uiele er uermocht wehrete ist er druber erschlagen worden
micraelius_pommernland03_1639,body,23,5,False,317,Darauff wurden die beyden Fuͤrſten als Vater Moͤrder außgeruffen/ vnd Fuͤrſt Nicolaus jhre Vetter namb jhre Land ein.,darauff wurden die beyden fuͤrſten als vater moͤrder außgeruffen vnd fuͤrſt nicolaus jhre vetter namb jhre land ein,darauff wurden die beyden fursten als uater morder aussgeruffen und furst nicolaus ihre uetter namb ihre land ein
micraelius_pommernland03_1639,body,23,6,False,317,Solches woltẽ gleichwol Fuͤrſt Heinrichen Schwieger Vater Wißlaff Fuͤrſt aus Ruͤgen/ vnd Bogißlaus Hertzog aus Pom̃eren/ der jhme auch verwand war/ nicht geſtaten/ vnd gaben fuͤr/ der Mord were nicht aus Fuͤrſatz geſchehen/ auch der Vater weder mit der Hand der Soͤhne/ noch aus jhrem Befehlermordet.,solches woltẽ gleichwol fuͤrſt heinrichen schwieger vater wißlaff fuͤrſt aus ruͤgen vnd bogißlaus hertzog aus pom̃eren der jhme auch verwand war nicht geſtaten vnd gaben fuͤr der mord were nicht aus fuͤrſatz geſchehen auch der vater weder mit der hand der soͤhne noch aus jhrem befehlermordet,solches wolten gleichwol furst heinrichen schwieger uater wisslaff furst aus rugen und bogisslaus hertzog aus pommeren der ihme auch uerwand war nicht gestaten und gaben fur der mord were nicht aus fursatz geschehen auch der uater weder mit der hand der sohne noch aus ihrem befehlermordet
micraelius_pommernland03_1639,body,23,7,False,317,Vnd nahmen alſo in Fuͤrſt Heinrichen Nahmen das Land zu Gnoͤyen ein.,vnd nahmen alſo in fuͤrſt heinrichen nahmen das land zu gnoͤyen ein,und nahmen also in furst heinrichen nahmen das land zu gnoyen ein
micraelius_pommernland03_1639,body,23,8,False,317,Weil aber Furſt Nicolaus ſich lange wehrete/ auch endlich den Fuͤrſten aus Ruͤgen gefangen nahm/ ſo verzog ſich dieſe Vnruhe lange zeit/ vnd kam Hertzog Bogißlaus biß an Parchen/ vnd thete groſſen Schaden/ biß der gefangene Fuͤrſt wieder erlediget ward.,weil aber furſt nicolaus ſich lange wehrete auch endlich den fuͤrſten aus ruͤgen gefangen nahm ſo verzog ſich dieſe vnruhe lange zeit vnd kam hertzog bogißlaus biß an parchen vnd thete groſſen schaden biß der gefangene fuͤrſt wieder erlediget ward,weil aber furst nicolaus sich lange wehrete auch endlich den fursten aus rugen gefangen nahm so uerzog sich diese unruhe lange zeit und kam hertzog bogisslaus biss an parchen und thete grossen schaden biss der gefangene furst wieder erlediget ward
micraelius_pommernland03_1639,body,23,9,False,318,Fuͤrſt Heinrich aber/ vmb deſſen willen er die Waffen errgiffen hette/ konte gar nicht wiederumb zu ſeinem Lande kommen/ ſondern muſte als ein Vatermoͤrder in groſſer Armuth ſterben.,fuͤrſt heinrich aber vmb deſſen willen er die waffen errgiffen hette konte gar nicht wiederumb zu ſeinem lande kommen ſondern muſte als ein vatermoͤrder in groſſer armuth ſterben,furst heinrich aber umb dessen willen er die waffen errgiffen hette konte gar nicht wiederumb zu seinem lande kommen sondern muste als ein uatermorder in grosser armuth sterben
micraelius_pommernland03_1639,body,23,10,True,318,Doch iſt ſein Sohn Barnimb endlich aus Gnade der Pommeren Thumb Probſt zu Cammin/ vnd Apt zu Colbatz geworden.,doch iſt ſein sohn barnimb endlich aus gnade der pommeren thumb probſt zu cammin vnd apt zu colbatz geworden,doch ist sein sohn barnimb endlich aus gnade der pommeren thumb probst zu cammin und apt zu colbatz geworden
micraelius_pommernland03_1639,body,24,0,False,318,Mitlerweile iſt das Staͤdlein Zachan/ vnd die Doͤrffer Zuchow/ Schwanebecke vnd Zadelow aus der Creutzherren Haͤnde durch einen Abtrag an die Pommern gekommen/ wie dann auch die Hertzogen das Dorff Treptow an der Rega dem Abt zu Belbuck abgehandelt/ vnd es mit dem anderen dabey gelegenen Dorff Krechhauſen in eine Mawr zur Stadt gezogen/ vnd es mit Teutſchem Rechte bewiedmet haben.,mitlerweile iſt das staͤdlein zachan vnd die doͤrffer zuchow schwanebecke vnd zadelow aus der creutzherren haͤnde durch einen abtrag an die pommern gekommen wie dann auch die hertzogen das dorff treptow an der rega dem abt zu belbuck abgehandelt vnd es mit dem anderen dabey gelegenen dorff krechhauſen in eine mawr zur stadt gezogen vnd es mit teutſchem rechte bewiedmet haben,mitlerweile ist das stadlein zachan und die dorffer zuchow schwanebecke und zadelow aus der creutzherren hande durch einen abtrag an die pommern gekommen wie dann auch die hertzogen das dorff treptow an der rega dem abt zu belbuck abgehandelt und es mit dem anderen dabey gelegenen dorff krechhausen in eine mawr zur stadt gezogen und es mit teutschem rechte bewiedmet haben
micraelius_pommernland03_1639,body,24,1,True,318,Aber dagegen ward faſt das gantze Hinter Pommern durch den toͤdlichen Abgang Meſtowini II. von dem Pommeriſchen Gebiete abgeriſſen/ wie im vorigen Buche iſt außgefuͤhret worden.,aber dagegen ward faſt das gantze hinter pommern durch den toͤdlichen abgang meſtowini ii von dem pommeriſchen gebiete abgeriſſen wie im vorigen buche iſt außgefuͤhret worden,aber dagegen ward fast das gantze hinter pommern durch den todlichen abgang mestowini ii uon dem pommerischen gebiete abgerissen wie im uorigen buche ist aussgefuhret worden
micraelius_pommernland03_1639,body,25,0,False,318,Wie in den Handlungen/ ſo daßmahl mit Pohlen wegen Hinter Pommeren gepflogen worden/ vnter andern Abgeſandten auch Vidantz Muckerwitz ein Pommeriſcher von Adelſich gebrauchen ließ/ vnd nach ſeiner Wiederkunfft vernamb/ das Hertzog Barnimb ſich an ſeinem Weibe vergriffen hette/ als hat er aus groſſer vngehaltener Rache auff gemelten Hertzogen in der Vkermuͤndiſchen Heyde gewartet/ vnd jhn im Jahr mccxcv. an dem Orte/ da noch vor wenig Jahren ein hoͤltzernes Creutz geſtanden/ ſo man das Barnimbs Creutz genant/ da ers zum wenigſten vermuthete/ erſtochen.,wie in den handlungen ſo daßmahl mit pohlen wegen hinter pommeren gepflogen worden vnter andern abgeſandten auch vidantz muckerwitz ein pommeriſcher von adelſich gebrauchen ließ vnd nach ſeiner wiederkunfft vernamb das hertzog barnimb ſich an ſeinem weibe vergriffen hette als hat er aus groſſer vngehaltener rache auff gemelten hertzogen in der vkermuͤndiſchen heyde gewartet vnd jhn im jahr mccxcv an dem orte da noch vor wenig jahren ein hoͤltzernes creutz geſtanden ſo man das barnimbs creutz genant da ers zum wenigſten vermuthete erſtochen,wie in den handlungen so dassmahl mit pohlen wegen hinter pommeren gepflogen worden unter andern abgesandten auch uidantz muckerwitz ein pommerischer uon adelsich gebrauchen liess und nach seiner wiederkunfft uernamb das hertzog barnimb sich an seinem weibe uergriffen hette als hat er aus grosser ungehaltener rache auff gemelten hertzogen in der ukermundischen heyde gewartet und ihn im iahr mccxcu an dem orte da noch uor wenig iahren ein holtzernes creutz gestanden so man das barnimbs creutz genant da ers zum wenigsten uermuthete erstochen
micraelius_pommernland03_1639,body,25,1,True,319,Alſo waren nun zweene Hertzogen in gantz Pommeren vbrig/ Bogißlaus IV. vnd Otto I. Gebruͤdere.,alſo waren nun zweene hertzogen in gantz pommeren vbrig bogißlaus iv vnd otto i gebruͤdere,also waren nun zweene hertzogen in gantz pommeren ubrig bogisslaus iu und otto i gebrudere
micraelius_pommernland03_1639,body,26,0,False,319,Denſelben wolte es nunmehr nicht rathſamb duͤncken/ in vngetheileter Herꝛſchafft laͤnger zu ſitzen.,denſelben wolte es nunmehr nicht rathſamb duͤncken in vngetheileter herꝛſchafft laͤnger zu ſitzen,denselben wolte es nunmehr nicht rathsamb duncken in ungetheileter herschafft langer zu sitzen
micraelius_pommernland03_1639,body,26,1,False,319,Derowegen haben ſie durch Graff Jatzken von Gutzkaw/ vnd xj. vornehme Land Rhaͤte jhre Land vnd Leute gleichmeſſig von einander in zwey Theil geſetzet/ vnd iſt Hertzog Bogißlaffen das Land zu Pommeren/ ſo ſich an der See her erſtrecket/ vnd/ von Demmin anzurechnen/ in ſich begreiffet/ was zwiſchen dem Fuͤrſtenthumb Ruͤgen vnd der Peene gelegen/ als Greiffswald/ Wolgaſt/ vnd dabeneben das Land zu Vſedom/ vnd vber der Swine/ Wollin/ Stargard/ vnd das Land biß an den Gollenberg zugefallen.,derowegen haben ſie durch graff jatzken von gutzkaw vnd xj vornehme land rhaͤte jhre land vnd leute gleichmeſſig von einander in zwey theil geſetzet vnd iſt hertzog bogißlaffen das land zu pommeren ſo ſich an der see her erſtrecket vnd von demmin anzurechnen in ſich begreiffet was zwiſchen dem fuͤrſtenthumb ruͤgen vnd der peene gelegen als greiffswald wolgaſt vnd dabeneben das land zu vſedom vnd vber der swine wollin stargard vnd das land biß an den gollenberg zugefallen,derowegen haben sie durch graff iatzken uon gutzkaw und xi uornehme land rhate ihre land und leute gleichmessig uon einander in zwey theil gesetzet und ist hertzog bogisslaffen das land zu pommeren so sich an der see her erstrecket und uon demmin anzurechnen in sich begreiffet was zwischen dem furstenthumb rugen und der peene gelegen als greiffswald wolgast und dabeneben das land zu usedom und uber der swine wollin stargard und das land biss an den gollenberg zugefallen
micraelius_pommernland03_1639,body,26,2,False,319,Hertzog Otto aber hat das Land zu Stettin/ vom Hauſe Demmin anzurechnen/ neben dem Lande zu Großwin/ Treptow/ Vkermuͤnde/ Stettin/ vnd allem deme/ was zwiſchen der Peene/ Friſchenhafe/ Oder/ vnd Jhna ſampt dem Theil an der Vker vnd Newmarck belegen/ einbekommen/ vnd iſt alsfort der erſte Stetiniſche Herr genennet worden.,hertzog otto aber hat das land zu stettin vom hauſe demmin anzurechnen neben dem lande zu großwin treptow vkermuͤnde stettin vnd allem deme was zwiſchen der peene friſchenhafe oder vnd jhna ſampt dem theil an der vker vnd newmarck belegen einbekommen vnd iſt alsfort der erſte stetiniſche herr genennet worden,hertzog otto aber hat das land zu stettin uom hause demmin anzurechnen neben dem lande zu grosswin treptow ukermunde stettin und allem deme was zwischen der peene frischenhafe oder und ihna sampt dem theil an der uker und newmarck belegen einbekommen und ist alsfort der erste stetinische herr genennet worden
micraelius_pommernland03_1639,body,26,3,False,319,Vnd alſo ſind nun zwey Hertzogthuͤmbe in dieſem Lande entſtanden.,vnd alſo ſind nun zwey hertzogthuͤmbe in dieſem lande entſtanden,und also sind nun zwey hertzogthumbe in diesem lande entstanden
micraelius_pommernland03_1639,body,26,4,False,319,Das eine nennete man das Hertzogthumb Pommeren vnd Wolgaſt/ das andere war das Hertzogthumb Stettin/ in welchem dieſe Erbeinigung mit vorwiſſen vnd willen der Landſtaͤnde getroffen ward/ daß das Land Stettin jm̃erdar vngetheilet bleiben/ vnd nicht mehr/ dann eine Regierung haben ſolte/ damit man deſto beſſer den Widerwertigen auff allen Fall begegnen/ vnd einhellig jhnen Widerſtand thun koͤnte.,das eine nennete man das hertzogthumb pommeren vnd wolgaſt das andere war das hertzogthumb stettin in welchem dieſe erbeinigung mit vorwiſſen vnd willen der landſtaͤnde getroffen ward daß das land stettin jm̃erdar vngetheilet bleiben vnd nicht mehr dann eine regierung haben ſolte damit man deſto beſſer den widerwertigen auff allen fall begegnen vnd einhellig jhnen widerſtand thun koͤnte,das eine nennete man das hertzogthumb pommeren und wolgast das andere war das hertzogthumb stettin in welchem diese erbeinigung mit uorwissen und willen der landstande getroffen ward dass das land stettin immerdar ungetheilet bleiben und nicht mehr dann eine regierung haben solte damit man desto besser den widerwertigen auff allen fall begegnen und einhellig ihnen widerstand thun konte
micraelius_pommernland03_1639,body,26,5,False,320,Beyde ſind faſt clxx. Jahr in gutem Flor/ doch zwiſchen groſſen Kriegen vnd beharꝛlicher Vnruhe/ beſtanden.,beyde ſind faſt clxx jahr in gutem flor doch zwiſchen groſſen kriegen vnd beharꝛlicher vnruhe beſtanden,beyde sind fast clxx iahr in gutem flor doch zwischen grossen kriegen und beharlicher unruhe bestanden
micraelius_pommernland03_1639,body,26,6,True,320,Nach ſolcher Zeit iſt die Stetiniſche Linij mit Ottone III. im Jahr mcdlxiv. abgegangen.,nach ſolcher zeit iſt die stetiniſche linij mit ottone iii im jahr mcdlxiv abgegangen,nach solcher zeit ist die stetinische linii mit ottone iii im iahr mcdlxiu abgegangen
micraelius_pommernland03_1639,body,27,0,True,320,Damit wir aber deſto oͤrdentlicher faſſen/ was in beyden Hertzogthuͤmben forgegangen iſt/ wollen wir erſtlich der Stetiniſchen Hertzogen Geſchichte biß auff Ottonem III. kuͤrtzlich erzehlen/ darnach die gantze Wolgaſtiſche Pommeriſche Linij auch durchgehen/ vnd dabeneben einſtrewen/ was zu weiterer Erkuͤndigung vnſers Vaterlandes dienlich ſein wird.,damit wir aber deſto oͤrdentlicher faſſen was in beyden hertzogthuͤmben forgegangen iſt wollen wir erſtlich der stetiniſchen hertzogen geſchichte biß auff ottonem iii kuͤrtzlich erzehlen darnach die gantze wolgaſtiſche pommeriſche linij auch durchgehen vnd dabeneben einſtrewen was zu weiterer erkuͤndigung vnſers vaterlandes dienlich ſein wird,damit wir aber desto ordentlicher fassen was in beyden hertzogthumben forgegangen ist wollen wir erstlich der stetinischen hertzogen geschichte biss auff ottonem iii kurtzlich erzehlen darnach die gantze wolgastische pommerische linii auch durchgehen und dabeneben einstrewen was zu weiterer erkundigung unsers uaterlandes dienlich sein wird
micraelius_pommernland03_1639,body,28,0,False,320,Was nun anfaͤnglich Hertzog Otten anlanget/ deme die Stetiniſche Regierung zugefallen/ ſo ſich hinter deme am Meere biß an den Gollenberg gelegenen Vor Pommeren mitten im Lande an der Marcke her erſtrecket/ ſo haben bald nach geſchehener Theilung Otto/ Johan/ vnd Waldemar die Marckgrafen aus Brandenburg jhn mit Kriege bekuͤm̃ert/ vnd jhme etliche Schloͤſſer vnd Flecken im Jahr mcccij. weggenommen.,was nun anfaͤnglich hertzog otten anlanget deme die stetiniſche regierung zugefallen ſo ſich hinter deme am meere biß an den gollenberg gelegenen vor pommeren mitten im lande an der marcke her erſtrecket ſo haben bald nach geſchehener theilung otto johan vnd waldemar die marckgrafen aus brandenburg jhn mit kriege bekuͤm̃ert vnd jhme etliche schloͤſſer vnd flecken im jahr mcccij weggenommen,was nun anfanglich hertzog otten anlanget deme die stetinische regierung zugefallen so sich hinter deme am meere biss an den gollenberg gelegenen uor pommeren mitten im lande an der marcke her erstrecket so haben bald nach geschehener theilung otto iohan und waldemar die marckgrafen aus brandenburg ihn mit kriege bekummert und ihme etliche schlosser und flecken im iahr mcccii weggenommen
micraelius_pommernland03_1639,body,28,1,False,320,Er als ein frewdiger Held iſt jhnen maͤchtig vnter Augen gegangen/ hat mit ſeinen Pommeren ſie vnd jhre Haufen bey Staͤndel nicht weit von Vierraden angetroffen/ ſie hart geſchlagen/ vnd vber cc. vornehme Leute davon gefuͤhret.,er als ein frewdiger held iſt jhnen maͤchtig vnter augen gegangen hat mit ſeinen pommeren ſie vnd jhre haufen bey staͤndel nicht weit von vierraden angetroffen ſie hart geſchlagen vnd vber cc vornehme leute davon gefuͤhret,er als ein frewdiger held ist ihnen machtig unter augen gegangen hat mit seinen pommeren sie und ihre haufen bey standel nicht weit uon uierraden angetroffen sie hart geschlagen und uber cc uornehme leute dauon gefuhret
micraelius_pommernland03_1639,body,28,2,False,320,Das nun ſolche moͤchten erloͤſet werden/ ſind jhme in einem Vertrage die eingenommene Flecken vnd Schloͤſſer Fuͤrſtenſee/ Newlin/ Fiddichow/ Speckin/ Lindow/ Loͤkenitz wiederumb eingereumet worden.,das nun ſolche moͤchten erloͤſet werden ſind jhme in einem vertrage die eingenommene flecken vnd schloͤſſer fuͤrſtenſee newlin fiddichow speckin lindow loͤkenitz wiederumb eingereumet worden,das nun solche mochten erloset werden sind ihme in einem uertrage die eingenommene flecken und schlosser furstensee newlin fiddichow speckin lindow lokenitz wiederumb eingereumet worden
micraelius_pommernland03_1639,body,28,3,False,321,Auch hat er den langen Dam̃ zwiſchen Stettin vnd der Stadt Dam̃ anlegen laſſen/ vnd zu anrichtung deſſelben den Stetiniſchen fuͤr jeder Klaffter zweene Schilling drey Jahr lang gegeben/ vnd jhnen noch darzu den Zoll darauff verliehen/ welches dann geſchehen iſt im Jahr mccxcix. Sechs Jahr hernach hat er Peter vnd Johan von Brakeln die beyde Regelitzen/ vnd das Land dazwiſchen verehret/ vnd als dieſelbe xxxj. Jahr hernach verſtorben/ hat er den Stetiniſchen ſolche Fluͤſſe nebenſt dem eingeſchloſſenen Lande vbergeben.,auch hat er den langen dam̃ zwiſchen stettin vnd der stadt dam̃ anlegen laſſen vnd zu anrichtung deſſelben den stetiniſchen fuͤr jeder klaffter zweene schilling drey jahr lang gegeben vnd jhnen noch darzu den zoll darauff verliehen welches dann geſchehen iſt im jahr mccxcix sechs jahr hernach hat er peter vnd johan von brakeln die beyde regelitzen vnd das land dazwiſchen verehret vnd als dieſelbe xxxj jahr hernach verſtorben hat er den stetiniſchen ſolche fluͤſſe nebenſt dem eingeſchloſſenen lande vbergeben,auch hat er den langen damm zwischen stettin und der stadt damm anlegen lassen und zu anrichtung desselben den stetinischen fur ieder klaffter zweene schilling drey iahr lang gegeben und ihnen noch darzu den zoll darauff uerliehen welches dann geschehen ist im iahr mccxcix sechs iahr hernach hat er peter und iohan uon brakeln die beyde regelitzen und das land dazwischen uerehret und als dieselbe xxxi iahr hernach uerstorben hat er den stetinischen solche flusse nebenst dem eingeschlossenen lande ubergeben
micraelius_pommernland03_1639,body,28,4,False,321,Folgends hat er zu mehrer befaͤſtigung des Landes im Jahr mcccix. die Peene in den Verchenſchen See leiten laſſen/ vnd ſolchen Fluß an dem Orte dem Kloͤſter Verchen gegeben/ vnd zugeeignet.,folgends hat er zu mehrer befaͤſtigung des landes im jahr mcccix die peene in den verchenſchen see leiten laſſen vnd ſolchen fluß an dem orte dem kloͤſter verchen gegeben vnd zugeeignet,folgends hat er zu mehrer befastigung des landes im iahr mcccix die peene in den uerchenschen see leiten lassen und solchen fluss an dem orte dem kloster uerchen gegeben und zugeeignet
micraelius_pommernland03_1639,body,28,5,False,321,Ferner da vmb ſolche Zeit Clemens V. der Pabſt die Tempelherren wegen jhrer Vppigkeit/ vnd das ſie nunmehr ſich vber Koͤnige vnd Fuͤrſten zu erheben anfiengen/ in den Bann thate/ jhre Guͤter Preyß gab/ vnd jhren Obriſten Heer Meiſter Jacobum Burgundum zum Fewr verdam̃ete/ vñ den ſaͤmptlichen Orden faſt auff einen Tag außrottete/ hat gemelter Hertzog Otto Roͤrich/ Panſin/ vnd andere mehr vmb Wildenbruch gelegene oͤrter/ ſo etliche Tempelsherren von jhm zur Lehen trugen/ jhnen entwendet/ vnd den Rhodiſern/ die man ſonſt auch Spittal Herren S. Johannis Ordens nennet/ vnd von denen die noch heutiges Tages beruͤmbte Malteſer Ritter jhren Vrſprung haben/ verlehnet.,ferner da vmb ſolche zeit clemens v der pabſt die tempelherren wegen jhrer vppigkeit vnd das ſie nunmehr ſich vber koͤnige vnd fuͤrſten zu erheben anfiengen in den bann thate jhre guͤter preyß gab vnd jhren obriſten heer meiſter jacobum burgundum zum fewr verdam̃ete vñ den ſaͤmptlichen orden faſt auff einen tag außrottete hat gemelter hertzog otto roͤrich panſin vnd andere mehr vmb wildenbruch gelegene oͤrter ſo etliche tempelsherren von jhm zur lehen trugen jhnen entwendet vnd den rhodiſern die man ſonſt auch spittal herren s johannis ordens nennet vnd von denen die noch heutiges tages beruͤmbte malteſer ritter jhren vrſprung haben verlehnet,ferner da umb solche zeit clemens u der pabst die tempelherren wegen ihrer uppigkeit und das sie nunmehr sich uber konige und fursten zu erheben anfiengen in den bann thate ihre guter preyss gab und ihren obristen heer meister iacobum burgundum zum fewr uerdammete und den samptlichen orden fast auff einen tag aussrottete hat gemelter hertzog otto rorich pansin und andere mehr umb wildenbruch gelegene orter so etliche tempelsherren uon ihm zur lehen trugen ihnen entwendet und den rhodisern die man sonst auch spittal herren s iohannis ordens nennet und uon denen die noch heutiges tages berumbte malteser ritter ihren ursprung haben uerlehnet
micraelius_pommernland03_1639,body,28,6,False,321,Solche Guͤter ſind mit der Zeit vermehret vnd gebeſſert/ vnd zu einer Compterey gemachet: Dieſelbe iſt vmbs Jahr mccclxxxij/ da Bernhard von der Schulenburg S. Johannis Ordens Meiſter/ vnd Heinrich von Guntersberg Comptor war/ von Roͤrich nach Wildenbruch verleget/ vnd iſt nebenſt der Stad Bahnen/ Collin vnnd anderen ſtattlichen Guͤtern biß auff heutigen Tag dem Commendator oder Comptor/ von dem Stetiniſchen Pommeriſchen Fuͤrſten/ verlehnet worden.,solche guͤter ſind mit der zeit vermehret vnd gebeſſert vnd zu einer compterey gemachet dieſelbe iſt vmbs jahr mccclxxxij da bernhard von der schulenburg s johannis ordens meiſter vnd heinrich von guntersberg comptor war von roͤrich nach wildenbruch verleget vnd iſt nebenſt der stad bahnen collin vnnd anderen ſtattlichen guͤtern biß auff heutigen tag dem commendator oder comptor von dem stetiniſchen pommeriſchen fuͤrſten verlehnet worden,solche guter sind mit der zeit uermehret und gebessert und zu einer compterey gemachet dieselbe ist umbs iahr mccclxxxii da bernhard uon der schulenburg s iohannis ordens meister und heinrich uon guntersberg comptor war uon rorich nach wildenbruch uerleget und ist nebenst der stad bahnen collin unnd anderen stattlichen gutern biss auff heutigen tag dem commendator oder comptor uon dem stetinischen pommerischen fursten uerlehnet worden
micraelius_pommernland03_1639,body,28,7,False,322,Es hat ferner Hertzog Otto Marggraff Waldemaro/ das Land vnd die Stadt Berneſtein/ ſo in der vorigen Vnruhe von Pom̃eren auffs newe gekommen war/ fuͤr vij. tauſent Marck Silbers abgekaufet/ vnd allenthalben des Landes beſte/ wo er gekund/ geſuchet.,es hat ferner hertzog otto marggraff waldemaro das land vnd die stadt berneſtein ſo in der vorigen vnruhe von pom̃eren auffs newe gekommen war fuͤr vij tauſent marck silbers abgekaufet vnd allenthalben des landes beſte wo er gekund geſuchet,es hat ferner hertzog otto marggraff waldemaro das land und die stadt bernestein so in der uorigen unruhe uon pommeren auffs newe gekommen war fur uii tausent marck silbers abgekaufet und allenthalben des landes beste wo er gekund gesuchet
micraelius_pommernland03_1639,body,28,8,True,322,Aber bald drauff fiel eine ſolche Zerruͤttung in vnſerem Pommerlande vnd der Benachbarten Marck ein/ daruͤber faſt alles were zu trummern gegangen/ vnd darauß ſich langwirige Kriege mit euſſerſtem Verderben beyder Landſchafften angeſponnen haben.,aber bald drauff fiel eine ſolche zerruͤttung in vnſerem pommerlande vnd der benachbarten marck ein daruͤber faſt alles were zu trummern gegangen vnd darauß ſich langwirige kriege mit euſſerſtem verderben beyder landſchafften angeſponnen haben,aber bald drauff fiel eine solche zerruttung in unserem pommerlande und der benachbarten marck ein daruber fast alles were zu trummern gegangen und darauss sich langwirige kriege mit eusserstem uerderben beyder landschafften angesponnen haben
micraelius_pommernland03_1639,body,29,0,False,322,Es waren/ wie Crantzius meldet/ fuͤr kurtzen Jahren wol xix. Marggraffen von Brandenburg/ aus dem loͤblichen alten Geſchlechte der Anhaltiſchen Fuͤrſten zugleich zuzehlen geweſen.,es waren wie crantzius meldet fuͤr kurtzen jahren wol xix marggraffen von brandenburg aus dem loͤblichen alten geſchlechte der anhaltiſchen fuͤrſten zugleich zuzehlen geweſen,es waren wie crantzius meldet fur kurtzen iahren wol xix marggraffen uon brandenburg aus dem loblichen alten geschlechte der anhaltischen fursten zugleich zuzehlen gewesen
micraelius_pommernland03_1639,body,29,1,False,322,Aber vmb dieſe Zeit namb der fruchtbare Baum der maſſen ab/ das jnnerhalb vier Jahren drey Chur Fuͤrſten von Brandenburg/ Waldemar I. vnd ſeine beyde Vettern Waldemarus II. vnd Johannes IV. Gebruͤdere/ derer einer dem andern kurtz nach xiv. Tagen folgete/ hinfielen/ vnd mit jhnen der gantze Alte Brandenburgiſche Stam̃ im Jahr mcccxxij. abgieng.,aber vmb dieſe zeit namb der fruchtbare baum der maſſen ab das jnnerhalb vier jahren drey chur fuͤrſten von brandenburg waldemar i vnd ſeine beyde vettern waldemarus ii vnd johannes iv gebruͤdere derer einer dem andern kurtz nach xiv tagen folgete hinfielen vnd mit jhnen der gantze alte brandenburgiſche stam̃ im jahr mcccxxij abgieng,aber umb diese zeit namb der fruchtbare baum der massen ab das innerhalb uier iahren drey chur fursten uon brandenburg waldemar i und seine beyde uettern waldemarus ii und iohannes iu gebrudere derer einer dem andern kurtz nach xiu tagen folgete hinfielen und mit ihnen der gantze alte brandenburgische stamm im iahr mcccxxii abgieng
micraelius_pommernland03_1639,body,29,2,False,322,Da wolten ſich Rudolff Churfuͤrſt zu Sachſen/ nebenſt den Fuͤrſten von Anhalt/ als die mit dem verſtorbenen Marggraffen eines Geſchlechtes waren/ der Marck Brandenburg anmaſſen.,da wolten ſich rudolff churfuͤrſt zu sachſen nebenſt den fuͤrſten von anhalt als die mit dem verſtorbenen marggraffen eines geſchlechtes waren der marck brandenburg anmaſſen,da wolten sich rudolff churfurst zu sachsen nebenst den fursten uon anhalt als die mit dem uerstorbenen marggraffen eines geschlechtes waren der marck brandenburg anmassen
micraelius_pommernland03_1639,body,29,3,False,323,Aber neben jhnen griff ein jeder zu/ vnd namb von derſelben weg/ was jhme zum naͤheſten lag.,aber neben jhnen griff ein jeder zu vnd namb von derſelben weg was jhme zum naͤheſten lag,aber neben ihnen griff ein ieder zu und namb uon derselben weg was ihme zum nahesten lag
micraelius_pommernland03_1639,body,29,4,False,323,Heinrich der Fuͤrſt aus Schleſien machete ſich an Goͤrlitz vnd Lauben; Johannes der Koͤnig von Boͤhmen bekamb Bautzen vnd andere oͤrter; Die Pohlen kamen auch endlich mit einem groſſen Heere biß nach Franckfurt an der Oder/ vnd verbrandten wol cxl. Doͤrffer/ ſich an den Maͤrckern zurechen/ die Hertzog Primißlaff erſchlagen/ vnd Hinter Pom̃eren mit einem vorgreifflichen Kauffe an die Ordens Herren gebracht hetten.,heinrich der fuͤrſt aus schleſien machete ſich an goͤrlitz vnd lauben johannes der koͤnig von boͤhmen bekamb bautzen vnd andere oͤrter die pohlen kamen auch endlich mit einem groſſen heere biß nach franckfurt an der oder vnd verbrandten wol cxl doͤrffer ſich an den maͤrckern zurechen die hertzog primißlaff erſchlagen vnd hinter pom̃eren mit einem vorgreifflichen kauffe an die ordens herren gebracht hetten,heinrich der furst aus schlesien machete sich an gorlitz und lauben iohannes der konig uon bohmen bekamb bautzen und andere orter die pohlen kamen auch endlich mit einem grossen heere biss nach franckfurt an der oder und uerbrandten wol cxl dorffer sich an den marckern zurechen die hertzog primisslaff erschlagen und hinter pommeren mit einem uorgreifflichen kauffe an die ordens herren gebracht hetten
micraelius_pommernland03_1639,body,29,5,False,323,Otto vnſer Hertzog von Stettin vermeinete auch Prentzlaw vnd Paſewalck/ vnd alſo die Vkermarcke/ were ſein/ weil ſolche oͤrter vorzeiten Pommeriſch geweſen/ vnd von Hertzog Barnimb dem Erſten/ als ein Brautſchatz/ der Marck hingegeben waren.,otto vnſer hertzog von stettin vermeinete auch prentzlaw vnd paſewalck vnd alſo die vkermarcke were ſein weil ſolche oͤrter vorzeiten pommeriſch geweſen vnd von hertzog barnimb dem erſten als ein brautſchatz der marck hingegeben waren,otto unser hertzog uon stettin uermeinete auch prentzlaw und pasewalck und also die ukermarcke were sein weil solche orter uorzeiten pommerisch gewesen und uon hertzog barnimb dem ersten als ein brautschatz der marck hingegeben waren
micraelius_pommernland03_1639,body,29,6,False,323,Weil derowegen der Stam̃ verloſchen/ wolte er ſolche Landſchafften/ dazu er mehr befuget war/ keinem Frembden in die Haͤnde kommen laſſen.,weil derowegen der stam̃ verloſchen wolte er ſolche landſchafften dazu er mehr befuget war keinem frembden in die haͤnde kommen laſſen,weil derowegen der stamm uerloschen wolte er solche landschafften dazu er mehr befuget war keinem frembden in die hande kommen lassen
micraelius_pommernland03_1639,body,29,7,False,323,Aber da ward Hertzog Heinrich von Mechelenburg/ den man den Lewen nennet/ ehe fertig/ vnd namb/ als ein Eydam Churfuͤrſt Waldemari/ ſolche oͤrter hinweg/ vnd wolte ſie fuͤr ſich behalten.,aber da ward hertzog heinrich von mechelenburg den man den lewen nennet ehe fertig vnd namb als ein eydam churfuͤrſt waldemari ſolche oͤrter hinweg vnd wolte ſie fuͤr ſich behalten,aber da ward hertzog heinrich uon mechelenburg den man den lewen nennet ehe fertig und namb als ein eydam churfurst waldemari solche orter hinweg und wolte sie fur sich behalten
micraelius_pommernland03_1639,body,29,8,True,323,Das wolten nun Hertzog Otto vnd Wartißlaus IV. Bogißlai IV. Sohn/ ſein Vetter oder Bruder Sohn/ nicht leyden/ kamen mit einem anſehenlichen Heer wider die Mechelenburger auff den Platz/ jageten ſie aus Prentzlow vnd Paſewalck vnd dem gantzen vmbliegenden Vkerlande/ vnd brachten ſolche oͤrter in jhre Gewalt.,das wolten nun hertzog otto vnd wartißlaus iv bogißlai iv sohn ſein vetter oder bruder sohn nicht leyden kamen mit einem anſehenlichen heer wider die mechelenburger auff den platz jageten ſie aus prentzlow vnd paſewalck vnd dem gantzen vmbliegenden vkerlande vnd brachten ſolche oͤrter in jhre gewalt,das wolten nun hertzog otto und wartisslaus iu bogisslai iu sohn sein uetter oder bruder sohn nicht leyden kamen mit einem ansehenlichen heer wider die mechelenburger auff den platz iageten sie aus prentzlow und pasewalck und dem gantzen umbliegenden ukerlande und brachten solche orter in ihre gewalt
micraelius_pommernland03_1639,body,30,0,False,324,Weil aber hiedurch ein groſſer Krieg wider diß Land zubefahren war/ ſo haben die Fuͤrſten beyder Regierungen in Pommeren fuͤr rathſamb erachtet/ zuſammen zurucken/ vnd eine Hoffhaltung anzurichten/ maſſen ſie ſich auff ſolche weyſe beſſer fuͤr den Feind ſchuͤtzen konten.,weil aber hiedurch ein groſſer krieg wider diß land zubefahren war ſo haben die fuͤrſten beyder regierungen in pommeren fuͤr rathſamb erachtet zuſammen zurucken vnd eine hoffhaltung anzurichten maſſen ſie ſich auff ſolche weyſe beſſer fuͤr den feind ſchuͤtzen konten,weil aber hiedurch ein grosser krieg wider diss land zubefahren war so haben die fursten beyder regierungen in pommeren fur rathsamb erachtet zusammen zurucken und eine hoffhaltung anzurichten massen sie sich auff solche weyse besser fur den feind schutzen konten
micraelius_pommernland03_1639,body,30,1,False,324,Jhre Landſchafft hat ſich auch mit jhnen verbunden/ jhnen bepflichtig zu ſeyn.,jhre landſchafft hat ſich auch mit jhnen verbunden jhnen bepflichtig zu ſeyn,ihre landschafft hat sich auch mit ihnen uerbunden ihnen bepflichtig zu seyn
micraelius_pommernland03_1639,body,30,2,True,324,Vnd ſind alſo die Grentze/ die ſie inwendig des Landes vertheidigen wolten/ allenthalben wol beſetzet/ nemblich die Peene/ Swine/ Reetz/ Warte vnd Oder.,vnd ſind alſo die grentze die ſie inwendig des landes vertheidigen wolten allenthalben wol beſetzet nemblich die peene swine reetz warte vnd oder,und sind also die grentze die sie inwendig des landes uertheidigen wolten allenthalben wol besetzet nemblich die peene swine reetz warte und oder
micraelius_pommernland03_1639,body,31,0,False,324,Da alſo vnterſchiedliche Herren vnd Fuͤrſten vmb die Marck ſich riſſen/ trat Kaͤyſer Ludewig der Fuͤnffte des Nahmens/ ſonſt der Beyer genant/ ins Mittel/ gab vor/ der abgeſtammeten Marckgraffen vnd Churfuͤrſten Land were an den Kaͤyſer verfallen/ das er ſie verlehnen moͤchte/ weme er wolte/ wie er ſie denn ſeinem Sohne/ auch Ludewig genant/ zur Lehen aufftrug/ vnd jhn zum Churfuͤrſten von Brandenburg beſtetigete.,da alſo vnterſchiedliche herren vnd fuͤrſten vmb die marck ſich riſſen trat kaͤyſer ludewig der fuͤnffte des nahmens ſonſt der beyer genant ins mittel gab vor der abgeſtammeten marckgraffen vnd churfuͤrſten land were an den kaͤyſer verfallen das er ſie verlehnen moͤchte weme er wolte wie er ſie denn ſeinem sohne auch ludewig genant zur lehen aufftrug vnd jhn zum churfuͤrſten von brandenburg beſtetigete,da also unterschiedliche herren und fursten umb die marck sich rissen trat kayser ludewig der funffte des nahmens sonst der beyer genant ins mittel gab uor der abgestammeten marckgraffen und churfursten land were an den kayser uerfallen das er sie uerlehnen mochte weme er wolte wie er sie denn seinem sohne auch ludewig genant zur lehen aufftrug und ihn zum churfursten uon brandenburg bestetigete
micraelius_pommernland03_1639,body,31,1,False,324,So bald derſelbe nun die Marck einnahm/ forderte er von den Pommeren die beyde Staͤdte/ Prentzlow vnd Paſewalck/ die ſie in jhre Gewalt gebracht hetten.,so bald derſelbe nun die marck einnahm forderte er von den pommeren die beyde staͤdte prentzlow vnd paſewalck die ſie in jhre gewalt gebracht hetten,so bald derselbe nun die marck einnahm forderte er uon den pommeren die beyde stadte prentzlow und pasewalck die sie in ihre gewalt gebracht hetten
micraelius_pommernland03_1639,body,31,2,False,324,Aber vnſere Hertzogen ſchuͤrtzeten jhre Recht fuͤr/ das ſie/ als die Rechte alte Herꝛſchafft/ an ſolchem Lande hetten.,aber vnſere hertzogen ſchuͤrtzeten jhre recht fuͤr das ſie als die rechte alte herꝛſchafft an ſolchem lande hetten,aber unsere hertzogen schurtzeten ihre recht fur das sie als die rechte alte herschafft an solchem lande hetten
micraelius_pommernland03_1639,body,31,3,False,324,Das wolte nichtes gelten/ vñ es ließ der newe Churfuͤrſt an ſeinen Herren Vater/ den Kaͤyſer die Sache gelangen.,das wolte nichtes gelten vñ es ließ der newe churfuͤrſt an ſeinen herren vater den kaͤyſer die sache gelangen,das wolte nichtes gelten und es liess der newe churfurst an seinen herren uater den kayser die sache gelangen
micraelius_pommernland03_1639,body,31,4,False,324,Gab dabeneben fuͤr/ die Hertzogen von Pommeren hetten jhre Lehn von Kaͤyſ. Mayt. zu empfangen biß daher verſeſſen/ vnd batt/ jhre Laͤnder/ derer ſie ſich verluſtig gemachet hetten/ jhme zu verlehnen.,gab dabeneben fuͤr die hertzogen von pommeren hetten jhre lehn von kaͤyſ mayt zu empfangen biß daher verſeſſen vnd batt jhre laͤnder derer ſie ſich verluſtig gemachet hetten jhme zu verlehnen,gab dabeneben fur die hertzogen uon pommeren hetten ihre lehn uon kays mayt zu empfangen biss daher uersessen und batt ihre lander derer sie sich uerlustig gemachet hetten ihme zu uerlehnen
micraelius_pommernland03_1639,body,31,5,False,324,Es war aber mit dieſem Handel/ den der newe Chur Fuͤrſt wegen der verſeſſenen Lehen vorwandte/ ſo beſchaffen.,es war aber mit dieſem handel den der newe chur fuͤrſt wegen der verſeſſenen lehen vorwandte ſo beſchaffen,es war aber mit diesem handel den der newe chur furst wegen der uersessenen lehen uorwandte so beschaffen
micraelius_pommernland03_1639,body,31,6,False,325,Nach deme Kaͤyſer Heinrich des Nahmens der ſiebende im Jahr mcccxiv. verſtorben war/ vnd die Churfuͤrſten auff dem Wahltage ſich wegen eines newen Kaͤyſers nicht vereinigen konten/ ſondern etliche jhre Stimme Friderico von Oeſterreich gaben/ vñ jhn zu Boña kroͤneten/ andere Ludewig den Beyer erwehleten/ vñ zu Aach jhm die Krone auffſetzeten/ entſtanden daruͤber groſſe Kriege zwiſchen beyden Kaͤyſern/ bey xj. Jahr lang.,nach deme kaͤyſer heinrich des nahmens der ſiebende im jahr mcccxiv verſtorben war vnd die churfuͤrſten auff dem wahltage ſich wegen eines newen kaͤyſers nicht vereinigen konten ſondern etliche jhre stimme friderico von oeſterreich gaben vñ jhn zu boña kroͤneten andere ludewig den beyer erwehleten vñ zu aach jhm die krone auffſetzeten entſtanden daruͤber groſſe kriege zwiſchen beyden kaͤyſern bey xj jahr lang,nach deme kayser heinrich des nahmens der siebende im iahr mcccxiu uerstorben war und die churfursten auff dem wahltage sich wegen eines newen kaysers nicht uereinigen konten sondern etliche ihre stimme friderico uon oesterreich gaben und ihn zu bonna kroneten andere ludewig den beyer erwehleten und zu aach ihm die krone auffsetzeten entstanden daruber grosse kriege zwischen beyden kaysern bey xi iahr lang
micraelius_pommernland03_1639,body,31,7,True,325,Jn ſolcher Zeit iſt das gantze Teutſche Reich in zween hauffen getrennet geweſen/ vnd ſind wol fuͤnff groſſe Feldſchlachten gehalten/ darinnen doch Ludewig der Beyer endlich obgeſieget/ vnd den Oeſterreicher gefangen bekommen hat.,jn ſolcher zeit iſt das gantze teutſche reich in zween hauffen getrennet geweſen vnd ſind wol fuͤnff groſſe feldſchlachten gehalten darinnen doch ludewig der beyer endlich obgeſieget vnd den oeſterreicher gefangen bekommen hat,in solcher zeit ist das gantze teutsche reich in zween hauffen getrennet gewesen und sind wol funff grosse feldschlachten gehalten darinnen doch ludewig der beyer endlich obgesieget und den oesterreicher gefangen bekommen hat
micraelius_pommernland03_1639,body,32,0,False,325,Da nun alſo Niemand wuſte/ wer denn der rechte Kaͤyſer were/ weil ſie ſich beyde hetten kroͤnen laſſen/ vnd ein jeder ſeine Sache mit dem Schwerdte verthedigete/ ſo wolten vnſere Pommeriſche Hertzogen keinem Theil beyfall geben/ ſonderen erwarteten des Außganges.,da nun alſo niemand wuſte wer denn der rechte kaͤyſer were weil ſie ſich beyde hetten kroͤnen laſſen vnd ein jeder ſeine sache mit dem schwerdte verthedigete ſo wolten vnſere pommeriſche hertzogen keinem theil beyfall geben ſonderen erwarteten des außganges,da nun also niemand wuste wer denn der rechte kayser were weil sie sich beyde hetten kronen lassen und ein ieder seine sache mit dem schwerdte uerthedigete so wolten unsere pommerische hertzogen keinem theil beyfall geben sonderen erwarteten des aussganges
micraelius_pommernland03_1639,body,32,1,True,325,Aber ehe die beyden Kaͤyſer ſich vertrugen/ verfiel der Brandenburgiſche Stam̃/ vnd der eine Kaͤyſer Ludewig/ ſetzete ſeinen Sohn zum Churfuͤrſten ein/ wie geſaget/ vnd hette ſich nunmehr ſo weit auff geſchehenen Bericht ſeines Sohnes bewegen laſſen/ das er willens war/ die Hertzogen von Pommeren dahin zuzwingen/ das ſie nicht allein die Vckermarck abtreten/ ſondern auch von ſeinem Sohne/ als einem Churfuͤrſten von Brandenburg/ jhre Land vnd Leute zur Lehen tragen/ vnd hinfort kein Stand des Reiches mehr ſein ſolten.,aber ehe die beyden kaͤyſer ſich vertrugen verfiel der brandenburgiſche stam̃ vnd der eine kaͤyſer ludewig ſetzete ſeinen sohn zum churfuͤrſten ein wie geſaget vnd hette ſich nunmehr ſo weit auff geſchehenen bericht ſeines sohnes bewegen laſſen das er willens war die hertzogen von pommeren dahin zuzwingen das ſie nicht allein die vckermarck abtreten ſondern auch von ſeinem sohne als einem churfuͤrſten von brandenburg jhre land vnd leute zur lehen tragen vnd hinfort kein stand des reiches mehr ſein ſolten,aber ehe die beyden kayser sich uertrugen uerfiel der brandenburgische stamm und der eine kayser ludewig setzete seinen sohn zum churfursten ein wie gesaget und hette sich nunmehr so weit auff geschehenen bericht seines sohnes bewegen lassen das er willens war die hertzogen uon pommeren dahin zuzwingen das sie nicht allein die uckermarck abtreten sondern auch uon seinem sohne als einem churfursten uon brandenburg ihre land und leute zur lehen tragen und hinfort kein stand des reiches mehr sein solten
micraelius_pommernland03_1639,body,33,0,False,326,Vber ſolchen ſchnellen vnd vnvermuthlichen Außſpruch haben die Hertzogen ſich bey den anderen Reichsſtaͤnden hoͤchlich beſchweret/ vnd beym Kaͤyſer ſelbſten jhre gerechte Sache/ vñ das vnbillige Anmuthen jhres newen Nachbawren außgefuͤhret/ vnd wolten ſich aus dem Beſitz deſſen/ das ſie hetten/ im wenigſten begeben.,vber ſolchen ſchnellen vnd vnvermuthlichen außſpruch haben die hertzogen ſich bey den anderen reichsſtaͤnden hoͤchlich beſchweret vnd beym kaͤyſer ſelbſten jhre gerechte sache vñ das vnbillige anmuthen jhres newen nachbawren außgefuͤhret vnd wolten ſich aus dem beſitz deſſen das ſie hetten im wenigſten begeben,uber solchen schnellen und unuermuthlichen aussspruch haben die hertzogen sich bey den anderen reichsstanden hochlich beschweret und beym kayser selbsten ihre gerechte sache und das unbillige anmuthen ihres newen nachbawren aussgefuhret und wolten sich aus dem besitz dessen das sie hetten im wenigsten begeben
micraelius_pommernland03_1639,body,33,1,False,326,Auch die Staͤnde des Reichs ſprachen Kaͤyſer Ludovico ernſtlichen zu/ das er nicht mehr Liebe zu ſeinem Sohne als dem Reiche tragen/ noch ſo loͤbliche Hertzogthuͤmbe/ die andere Roͤmiſche Kaͤyſer vnd Koͤnige nicht ohne groſſe Muͤhe zum Reich gebracht hatten/ wiederumb hingeben ſolte.,auch die staͤnde des reichs ſprachen kaͤyſer ludovico ernſtlichen zu das er nicht mehr liebe zu ſeinem sohne als dem reiche tragen noch ſo loͤbliche hertzogthuͤmbe die andere roͤmiſche kaͤyſer vnd koͤnige nicht ohne groſſe muͤhe zum reich gebracht hatten wiederumb hingeben ſolte,auch die stande des reichs sprachen kayser ludouico ernstlichen zu das er nicht mehr liebe zu seinem sohne als dem reiche tragen noch so lobliche hertzogthumbe die andere romische kayser und konige nicht ohne grosse muhe zum reich gebracht hatten wiederumb hingeben solte
micraelius_pommernland03_1639,body,33,2,False,326,Damit nun gemelter Kaͤyſer aus dem Geſchrey kaͤme/ hat er ſeinen Sohn angeredet/ das er jhme die geliehene Stuͤcke wiederumb guͤtlich zuſtellete/ vnd die Anwartung vnd das Angefell behielte/ inſonderheit/ weil die Hertzogen von Stettin die Lande einhetten/ vnd ſie jhme nicht willig wuͤrden folgen laſſen/ vnd dannenher allerley Vngemach entſtehen koͤnte.,damit nun gemelter kaͤyſer aus dem geſchrey kaͤme hat er ſeinen sohn angeredet das er jhme die geliehene stuͤcke wiederumb guͤtlich zuſtellete vnd die anwartung vnd das angefell behielte inſonderheit weil die hertzogen von stettin die lande einhetten vnd ſie jhme nicht willig wuͤrden folgen laſſen vnd dannenher allerley vngemach entſtehen koͤnte,damit nun gemelter kayser aus dem geschrey kame hat er seinen sohn angeredet das er ihme die geliehene stucke wiederumb gutlich zustellete und die anwartung und das angefell behielte insonderheit weil die hertzogen uon stettin die lande einhetten und sie ihme nicht willig wurden folgen lassen und dannenher allerley ungemach entstehen konte
micraelius_pommernland03_1639,body,33,3,True,326,Ehe aber Marggraff Ludewig/ beſagten Kaͤyſers Sohn/ hierein willigete/ vnd (welches doch hernach beſchehen iſt) ſich mit dem Angefell begnuͤgen ließ/ vnd vnter deß der Handel zun Waffen ſich anließ/ ruͤſteten ſich die Hertzogen aus Pommern auch/ ſo ſie mit gewalt ſolten angegriffen werden/ ſich auffs beſte ſie koͤnten/ zuwehren/ vnd das gantze Land verließ ſich nehiſt Gott vnd jhrer gerechten Sache/ auff den freudigen/ mutigen/ verſtaͤndigen/ beredeten Jungeu Held/ Hertzog Barnimb/ der ein einiger Sohn Hertzog Otten von Stettin war/ vnd die Verwaltung der Krieges Geſchaͤffte guthwillig auff ſich buͤrdete.,ehe aber marggraff ludewig beſagten kaͤyſers sohn hierein willigete vnd welches doch hernach beſchehen iſt ſich mit dem angefell begnuͤgen ließ vnd vnter deß der handel zun waffen ſich anließ ruͤſteten ſich die hertzogen aus pommern auch ſo ſie mit gewalt ſolten angegriffen werden ſich auffs beſte ſie koͤnten zuwehren vnd das gantze land verließ ſich nehiſt gott vnd jhrer gerechten sache auff den freudigen mutigen verſtaͤndigen beredeten jungeu held hertzog barnimb der ein einiger sohn hertzog otten von stettin war vnd die verwaltung der krieges geſchaͤffte guthwillig auff ſich buͤrdete,ehe aber marggraff ludewig besagten kaysers sohn hierein willigete und welches doch hernach beschehen ist sich mit dem angefell begnugen liess und unter dess der handel zun waffen sich anliess rusteten sich die hertzogen aus pommern auch so sie mit gewalt solten angegriffen werden sich auffs beste sie konten zuwehren und das gantze land uerliess sich nehist gott und ihrer gerechten sache auff den freudigen mutigen uerstandigen beredeten iungeu held hertzog barnimb der ein einiger sohn hertzog otten uon stettin war und die uerwaltung der krieges geschaffte guthwillig auff sich burdete
micraelius_pommernland03_1639,body,34,0,False,327,So getrawte ſich nun Churfuͤrſt Ludewig nicht/ etwas mit Gewalt außzurichten/ vnd ließ es zur guͤthlichen Handlung/ vnd vnterſchiedlichen Tageleiſtungen kommen/ welche doch alle vnfruchtbar abgiengen.,so getrawte ſich nun churfuͤrſt ludewig nicht etwas mit gewalt außzurichten vnd ließ es zur guͤthlichen handlung vnd vnterſchiedlichen tageleiſtungen kommen welche doch alle vnfruchtbar abgiengen,so getrawte sich nun churfurst ludewig nicht etwas mit gewalt ausszurichten und liess es zur guthlichen handlung und unterschiedlichen tageleistungen kommen welche doch alle unfruchtbar abgiengen
micraelius_pommernland03_1639,body,34,1,False,327,Letzlich iſt ein Tag beſtimmet worden/ darauff Graff Vlrich von der Lindow Vnterhaͤndler ſein/ vnd der Churfuͤrſt vnd Hertzog Barnimb in Perſon erſcheinen ſolten.,letzlich iſt ein tag beſtimmet worden darauff graff vlrich von der lindow vnterhaͤndler ſein vnd der churfuͤrſt vnd hertzog barnimb in perſon erſcheinen ſolten,letzlich ist ein tag bestimmet worden darauff graff ulrich uon der lindow unterhandler sein und der churfurst und hertzog barnimb in person erscheinen solten
micraelius_pommernland03_1639,body,34,2,False,327,Der Churfuͤrſt kam wol mit dc. geruſteten Pferden an/ vnd als ſich die Pommeriſche Rhaͤte vber ſolchen ſtarcken Einzug allerley Nachdencken macheten/ hat Hertzog Barnimb dafuͤr geachtet/ der Tag were nicht zu dem Ende geſetzet/ das man viele Pferde gegen einander zuſammen braͤchte/ vnd er wolte mehr fuͤr ſeine Perſon bey der Handlung/ als tauſent Pferde/ außrichten/ geſtalt er denn auch des Fuͤrſtlichen Hauſes zu Stettin Pommeren/ Recht dermaſſen behauptete/ das der Vnterhandler die Hauptpunct zur rechtlichen Eroͤrterung hat ſtellen muͤſſen/ vnd die Sache dahin verablaſſen/ daß mit Gewalt vnd Kriege nichtes fuͤrgenommen wuͤrde/ ſondern das zu mehrer beſtetigung gutes Vertrawens Hertzog Barnimb/ Churfuͤrſt Rudolphi Pfaltzgraffen am Rhein/ Kaͤyſer Ludewigs Bruder Tochter/ Mechthildam zur Ehe nehmen ſolte.,der churfuͤrſt kam wol mit dc geruſteten pferden an vnd als ſich die pommeriſche rhaͤte vber ſolchen ſtarcken einzug allerley nachdencken macheten hat hertzog barnimb dafuͤr geachtet der tag were nicht zu dem ende geſetzet das man viele pferde gegen einander zuſammen braͤchte vnd er wolte mehr fuͤr ſeine perſon bey der handlung als tauſent pferde außrichten geſtalt er denn auch des fuͤrſtlichen hauſes zu stettin pommeren recht dermaſſen behauptete das der vnterhandler die hauptpunct zur rechtlichen eroͤrterung hat ſtellen muͤſſen vnd die sache dahin verablaſſen daß mit gewalt vnd kriege nichtes fuͤrgenommen wuͤrde ſondern das zu mehrer beſtetigung gutes vertrawens hertzog barnimb churfuͤrſt rudolphi pfaltzgraffen am rhein kaͤyſer ludewigs bruder tochter mechthildam zur ehe nehmen ſolte,der churfurst kam wol mit dc gerusteten pferden an und als sich die pommerische rhate uber solchen starcken einzug allerley nachdencken macheten hat hertzog barnimb dafur geachtet der tag were nicht zu dem ende gesetzet das man uiele pferde gegen einander zusammen brachte und er wolte mehr fur seine person bey der handlung als tausent pferde aussrichten gestalt er denn auch des furstlichen hauses zu stettin pommeren recht dermassen behauptete das der unterhandler die hauptpunct zur rechtlichen erorterung hat stellen mussen und die sache dahin uerablassen dass mit gewalt und kriege nichtes furgenommen wurde sondern das zu mehrer bestetigung gutes uertrawens hertzog barnimb churfurst rudolphi pfaltzgraffen am rhein kayser ludewigs bruder tochter mechthildam zur ehe nehmen solte
micraelius_pommernland03_1639,body,34,3,True,327,Aber ſolche Braut iſt ehe/ dann ſie hat koͤnnen heimbgefuͤhret werden/ mit todte abgegangen/ vnd hat der Churfuͤrſt aus der Marck alle behandelte Abrede zuruͤcke geſetzet/ mit einem anſehenlichen Volcke das Pommerland angefallen/ vnd drinnen groſſen Schaden gethan.,aber ſolche braut iſt ehe dann ſie hat koͤnnen heimbgefuͤhret werden mit todte abgegangen vnd hat der churfuͤrſt aus der marck alle behandelte abrede zuruͤcke geſetzet mit einem anſehenlichen volcke das pommerland angefallen vnd drinnen groſſen schaden gethan,aber solche braut ist ehe dann sie hat konnen heimbgefuhret werden mit todte abgegangen und hat der churfurst aus der marck alle behandelte abrede zurucke gesetzet mit einem ansehenlichen uolcke das pommerland angefallen und drinnen grossen schaden gethan
micraelius_pommernland03_1639,body,35,0,False,328,Ob nun wol auch eben zu der Zeit Hertzog Heinrich von Mechelenburg vnd die Fuͤrſten von der Werle das Land an der Tollenſe feindlich anfielen/ ſo hat Hertzog Barnimb dennoch den Muth nicht ſincken laſſen/ iſt in der Perſon mit Biſchoff Friederich von Cammin einem gebohrnen Eickſtedten/ vnd Graff Herman von Eberſtein den Maͤrckern bey Prentzlow entgegen gezogen/ hat das Feld erhalten/ viele Gefangene vnd die geraubete Beute den Feinden wieder abgenommen.,ob nun wol auch eben zu der zeit hertzog heinrich von mechelenburg vnd die fuͤrſten von der werle das land an der tollenſe feindlich anfielen ſo hat hertzog barnimb dennoch den muth nicht ſincken laſſen iſt in der perſon mit biſchoff friederich von cammin einem gebohrnen eickſtedten vnd graff herman von eberſtein den maͤrckern bey prentzlow entgegen gezogen hat das feld erhalten viele gefangene vnd die geraubete beute den feinden wieder abgenommen,ob nun wol auch eben zu der zeit hertzog heinrich uon mechelenburg und die fursten uon der werle das land an der tollense feindlich anfielen so hat hertzog barnimb dennoch den muth nicht sincken lassen ist in der person mit bischoff friederich uon cammin einem gebohrnen eickstedten und graff herman uon eberstein den marckern bey prentzlow entgegen gezogen hat das feld erhalten uiele gefangene und die geraubete beute den feinden wieder abgenommen
micraelius_pommernland03_1639,body,35,1,True,328,Johannem aber den Graffen von Gutzkow hat er nebenſt dem Demminiſchen vnd Treptowiſchen Volck den Mechelenburgern vnter die Augen geſtellet/ welcher den Feind ebenmaͤſſig beym Dorff Voltzkow in einem harten Treffen dermaſſen geſchlagen/ das die Fuͤrſten ſelbſt kaum durch die Flucht ſich haben retten koͤnnen.,johannem aber den graffen von gutzkow hat er nebenſt dem demminiſchen vnd treptowiſchen volck den mechelenburgern vnter die augen geſtellet welcher den feind ebenmaͤſſig beym dorff voltzkow in einem harten treffen dermaſſen geſchlagen das die fuͤrſten ſelbſt kaum durch die flucht ſich haben retten koͤnnen,iohannem aber den graffen uon gutzkow hat er nebenst dem demminischen und treptowischen uolck den mechelenburgern unter die augen gestellet welcher den feind ebenmassig beym dorff uoltzkow in einem harten treffen dermassen geschlagen das die fursten selbst kaum durch die flucht sich haben retten konnen
micraelius_pommernland03_1639,body,36,0,False,328,Da hette vnſer Junger Held wol koͤnnen dem Gluͤck nachſetzen/ aber er hat ſich zum Stillſtand der Waffen vnd zur guͤtigen Handlung bereden laſſen.,da hette vnſer junger held wol koͤnnen dem gluͤck nachſetzen aber er hat ſich zum stillſtand der waffen vnd zur guͤtigen handlung bereden laſſen,da hette unser iunger held wol konnen dem gluck nachsetzen aber er hat sich zum stillstand der waffen und zur gutigen handlung bereden lassen
micraelius_pommernland03_1639,body,36,1,False,328,Jn derſelben iſt wol in der Haupt-Jrrung nichtes fruchtbarliches geſchaffet/ Aber weil Hertzog Barnimbs erſte Braut verſtorben war/ iſt jhm/ gutes Vertrawen auffs newe anzurichten/ auffs newe des Churfuͤrſten Schweſter Tochter Fraͤwlein Agnes/ Hertzog Otten zu Braunſchweig vnd Luͤnenburg Tochter angetragen/ welche er auch ſich kurtz hernach beylegen laſſen.,jn derſelben iſt wol in der hauptjrrung nichtes fruchtbarliches geſchaffet aber weil hertzog barnimbs erſte braut verſtorben war iſt jhm gutes vertrawen auffs newe anzurichten auffs newe des churfuͤrſten schweſter tochter fraͤwlein agnes hertzog otten zu braunſchweig vnd luͤnenburg tochter angetragen welche er auch ſich kurtz hernach beylegen laſſen,in derselben ist wol in der hauptirrung nichtes fruchtbarliches geschaffet aber weil hertzog barnimbs erste braut uerstorben war ist ihm gutes uertrawen auffs newe anzurichten auffs newe des churfursten schwester tochter frawlein agnes hertzog otten zu braunschweig und lunenburg tochter angetragen welche er auch sich kurtz hernach beylegen lassen
micraelius_pommernland03_1639,body,36,2,True,328,Daruͤber dann eine Zeitlang zwiſchen den Chur- vnd Fuͤrſtlichen Haͤuſern zimlicher Friede entſtanden iſt.,daruͤber dann eine zeitlang zwiſchen den chur vnd fuͤrſtlichen haͤuſern zimlicher friede entſtanden iſt,daruber dann eine zeitlang zwischen den chur und furstlichen hausern zimlicher friede entstanden ist
micraelius_pommernland03_1639,body,37,0,False,328,Jn gemelten Kriegen/ hatten ſich zweene von Adel/ Heinrich vnd Sieghard die Thuͤne auffm Schloß Cummerow Erbgeſeſſen/ zu den Fuͤrſten von der Werle geſchlagen/ vnd Hertzog Barnimb/ wo ſie gekont/ zu wiedern gethan/ auch ein Schloß an die Peene/ welches ſie Kick in die Peene genant/ erbawet/ vnd darauß der vmbliegenden jegend groſſen Schaden zugefugt.,jn gemelten kriegen hatten ſich zweene von adel heinrich vnd sieghard die thuͤne auffm schloß cummerow erbgeſeſſen zu den fuͤrſten von der werle geſchlagen vnd hertzog barnimb wo ſie gekont zu wiedern gethan auch ein schloß an die peene welches ſie kick in die peene genant erbawet vnd darauß der vmbliegenden jegend groſſen schaden zugefugt,in gemelten kriegen hatten sich zweene uon adel heinrich und sieghard die thune auffm schloss cummerow erbgesessen zu den fursten uon der werle geschlagen und hertzog barnimb wo sie gekont zu wiedern gethan auch ein schloss an die peene welches sie kick in die peene genant erbawet und darauss der umbliegenden iegend grossen schaden zugefugt
micraelius_pommernland03_1639,body,37,1,False,329,Solches Schloß hat nach geendigtem Maͤrckiſchen vnd Mechelenburgiſchen Kriege Hertzog Barnimb zur Auffgab genoͤtiget/ es in grund brechen/ vnd die Thuͤne ſich auffs newe ſchweren laſſen.,solches schloß hat nach geendigtem maͤrckiſchen vnd mechelenburgiſchen kriege hertzog barnimb zur auffgab genoͤtiget es in grund brechen vnd die thuͤne ſich auffs newe ſchweren laſſen,solches schloss hat nach geendigtem marckischen und mechelenburgischen kriege hertzog barnimb zur auffgab genotiget es in grund brechen und die thune sich auffs newe schweren lassen
micraelius_pommernland03_1639,body,37,2,True,329,Weiters/ weil er der drey Wollgaſtiſchen Jungen Herren/ Bogißlai V. Wartißlai V. Barnimi IV. Hertzog Wartißlai IV. Soͤhnen/ Vormund war/ hat er/ da er noch fuͤr den Churfuͤrſten Friede hette/ denſelben zu guth im Jahr mcccxxx. das alte ſehr verfallene Schloß zu Wollgaſt auffs newe auffgefuͤhret/ mit einem Walle vmbgegeben/ vnd die Peene herumb leiten laſſen.,weiters weil er der drey wollgaſtiſchen jungen herren bogißlai v wartißlai v barnimi iv hertzog wartißlai iv soͤhnen vormund war hat er da er noch fuͤr den churfuͤrſten friede hette denſelben zu guth im jahr mcccxxx das alte ſehr verfallene schloß zu wollgaſt auffs newe auffgefuͤhret mit einem walle vmbgegeben vnd die peene herumb leiten laſſen,weiters weil er der drey wollgastischen iungen herren bogisslai u wartisslai u barnimi iu hertzog wartisslai iu sohnen uormund war hat er da er noch fur den churfursten friede hette denselben zu guth im iahr mcccxxx das alte sehr uerfallene schloss zu wollgast auffs newe auffgefuhret mit einem walle umbgegeben und die peene herumb leiten lassen
micraelius_pommernland03_1639,body,38,0,False,329,Aber bald drauff/ als im Jahr mcccxxxiv. muſte er mit hindanſetzung aller anderen Dinge abermahlen zun Waffen greiffen/ weil er vermerckete/ das der Churfuͤrſt ein groß Volck von Beyern/ Maͤrckern/ vnd anderen Voͤlckern zuſamen braͤchte/ vnd damit ſich des Pommerlandes zubemaͤchtigen/ vnd die Hertzogen aus Pommeren gantz zu Lehens Leuten zumachen gedachte.,aber bald drauff als im jahr mcccxxxiv muſte er mit hindanſetzung aller anderen dinge abermahlen zun waffen greiffen weil er vermerckete das der churfuͤrſt ein groß volck von beyern maͤrckern vnd anderen voͤlckern zuſamen braͤchte vnd damit ſich des pommerlandes zubemaͤchtigen vnd die hertzogen aus pommeren gantz zu lehens leuten zumachen gedachte,aber bald drauff als im iahr mcccxxxiu muste er mit hindansetzung aller anderen dinge abermahlen zun waffen greiffen weil er uermerckete das der churfurst ein gross uolck uon beyern marckern und anderen uolckern zusamen brachte und damit sich des pommerlandes zubemachtigen und die hertzogen aus pommeren gantz zu lehens leuten zumachen gedachte
micraelius_pommernland03_1639,body,38,1,False,329,Da wolte nun Hertzog Barnimb nicht erwarten/ das der Feind den Anfall machte/ ſondern brachte ſein Volck in eyl zuſammen/ vnd zog mit Fuͤrſt Johan von Werlen oder Wenden/ deme er ſeine Schweſter Mechthildem newlich hette beylegen laſſen/ vnnd mit Graff Heinrichen von Schwerin/ Biſchoff Friederichen von Cammin/ Graff Herman von Newgarten/ vnd Graff Johann von Guͤtzkowen auff die Marck zu/ verheerete alles biß an Cremmen.,da wolte nun hertzog barnimb nicht erwarten das der feind den anfall machte ſondern brachte ſein volck in eyl zuſammen vnd zog mit fuͤrſt johan von werlen oder wenden deme er ſeine schweſter mechthildem newlich hette beylegen laſſen vnnd mit graff heinrichen von schwerin biſchoff friederichen von cammin graff herman von newgarten vnd graff johann von guͤtzkowen auff die marck zu verheerete alles biß an cremmen,da wolte nun hertzog barnimb nicht erwarten das der feind den anfall machte sondern brachte sein uolck in eyl zusammen und zog mit furst iohan uon werlen oder wenden deme er seine schwester mechthildem newlich hette beylegen lassen unnd mit graff heinrichen uon schwerin bischoff friederichen uon cammin graff herman uon newgarten und graff iohann uon gutzkowen auff die marck zu uerheerete alles biss an cremmen
micraelius_pommernland03_1639,body,38,2,False,330,Da er dann den Churfuͤrſten mit ſeinem Heere fuͤr ſich gefunden/ vnd jhme anfaͤnglich/ ſo ferne er vnd die Hertzogen in jhrem Rechten vnverrucket gelaſſen wuͤrden/ daß ſie das Lehen vom Roͤmiſchen Kaͤyſer allein/ vnd keines weges vom Churfuͤrſten zu Brandenburg empfangen durfften/ durch ſeine Bottſchafften Freundſchafft/ vnd alle leydliche Mittel zum Frieden antragen laſſen.,da er dann den churfuͤrſten mit ſeinem heere fuͤr ſich gefunden vnd jhme anfaͤnglich ſo ferne er vnd die hertzogen in jhrem rechten vnverrucket gelaſſen wuͤrden daß ſie das lehen vom roͤmiſchen kaͤyſer allein vnd keines weges vom churfuͤrſten zu brandenburg empfangen durfften durch ſeine bottſchafften freundſchafft vnd alle leydliche mittel zum frieden antragen laſſen,da er dann den churfursten mit seinem heere fur sich gefunden und ihme anfanglich so ferne er und die hertzogen in ihrem rechten unuerrucket gelassen wurden dass sie das lehen uom romischen kayser allein und keines weges uom churfursten zu brandenburg empfangen durfften durch seine bottschafften freundschafft und alle leydliche mittel zum frieden antragen lassen
micraelius_pommernland03_1639,body,38,3,False,330,Als er aber damit nichtes ſchaffen konte/ hat ers gewaget/ eine Schlacht dem Feinde beym Cremmer Tham̃ geliefert/ vnd nach deme das Treffen faſt einen halben Tag gewehret/ jhn aus dem Felde geſchlagen/ vnd verfolget.,als er aber damit nichtes ſchaffen konte hat ers gewaget eine schlacht dem feinde beym cremmer tham̃ geliefert vnd nach deme das treffen faſt einen halben tag gewehret jhn aus dem felde geſchlagen vnd verfolget,als er aber damit nichtes schaffen konte hat ers gewaget eine schlacht dem feinde beym cremmer thamm geliefert und nach deme das treffen fast einen halben tag gewehret ihn aus dem felde geschlagen und uerfolget
micraelius_pommernland03_1639,body,38,4,False,330,D. Pomeranus vnd andere meinen/ das Kaͤyſer Ludewig ſelbſt in dieſer Feldſchlacht geweſen/ vnd anfaͤnglich ſeinem Sohne gerahten habe/ weil der Sieg vngewiß/ das er ſich in der Guͤte mit Hertzog Barnimb vertragen ſolte.,d pomeranus vnd andere meinen das kaͤyſer ludewig ſelbſt in dieſer feldſchlacht geweſen vnd anfaͤnglich ſeinem sohne gerahten habe weil der sieg vngewiß das er ſich in der guͤte mit hertzog barnimb vertragen ſolte,d pomeranus und andere meinen das kayser ludewig selbst in dieser feldschlacht gewesen und anfanglich seinem sohne gerahten habe weil der sieg ungewiss das er sich in der gute mit hertzog barnimb uertragen solte
micraelius_pommernland03_1639,body,38,5,True,330,Aber/ wenn Vbermuth nicht ruhen kan/ mus das Vngluͤck auch auffgewecket werden.,aber wenn vbermuth nicht ruhen kan mus das vngluͤck auch auffgewecket werden,aber wenn ubermuth nicht ruhen kan mus das ungluck auch auffgewecket werden
micraelius_pommernland03_1639,body,39,0,False,330,Nach gehaltenem Treffen verſtaͤrckete der Biſchoff von Cammin ſein Volck/ gieng in die Newe Marck/ vnd gewan Tempelburg/ welches Luͤtke von Maſſow daßmahl einhette.,nach gehaltenem treffen verſtaͤrckete der biſchoff von cammin ſein volck gieng in die newe marck vnd gewan tempelburg welches luͤtke von maſſow daßmahl einhette,nach gehaltenem treffen uerstarckete der bischoff uon cammin sein uolck gieng in die newe marck und gewan tempelburg welches lutke uon massow dassmahl einhette
micraelius_pommernland03_1639,body,39,1,False,330,Ließ ſich aber endlich vom Churfuͤrſten bereden/ das er ſich zwiſchen demſelbigen/ vnd dem Hertzogen zu einem Vnterhaͤndler gebrauchen ließ.,ließ ſich aber endlich vom churfuͤrſten bereden das er ſich zwiſchen demſelbigen vnd dem hertzogen zu einem vnterhaͤndler gebrauchen ließ,liess sich aber endlich uom churfursten bereden das er sich zwischen demselbigen und dem hertzogen zu einem unterhandler gebrauchen liess
micraelius_pommernland03_1639,body,39,2,False,330,Vnd hat drauff das Werck dermaſſen gerichtet/ das dem Churfuͤrſten Paſewalck vnd Prentzlow wieder abgetreten wuͤrden/ vnd er fuͤr ſich vnd ſeine Erben/ die nachfolgende Churfuͤrſten/ dagegen ſeines Vatern des Kaͤyſers Begnadung wegen der Lehen empfaͤngnus ſich abſagen/ vnd nur die Anwartunge auff den fall/ da das Fuͤrſtliche Hauß Stettin Pommeren abgehen wuͤrde/ haben ſolte.,vnd hat drauff das werck dermaſſen gerichtet das dem churfuͤrſten paſewalck vnd prentzlow wieder abgetreten wuͤrden vnd er fuͤr ſich vnd ſeine erben die nachfolgende churfuͤrſten dagegen ſeines vatern des kaͤyſers begnadung wegen der lehen empfaͤngnus ſich abſagen vnd nur die anwartunge auff den fall da das fuͤrſtliche hauß stettin pommeren abgehen wuͤrde haben ſolte,und hat drauff das werck dermassen gerichtet das dem churfursten pasewalck und prentzlow wieder abgetreten wurden und er fur sich und seine erben die nachfolgende churfursten dagegen seines uatern des kaysers begnadung wegen der lehen empfangnus sich absagen und nur die anwartunge auff den fall da das furstliche hauss stettin pommeren abgehen wurde haben solte
micraelius_pommernland03_1639,body,39,3,False,331,Als nun nach ſolchem getroffenen Frieden im Jahr mcccxxxviij. ein Reichstag zu Franckfurt am Mayn gehalten ward/ hat daſelbſt Hertzog Barnimb zugleich vor ſich vnd ſeine Vettern vom Kaͤyſer das Lehen empfangen/ vnd mit offentlichen Briefen vnd Siegeln beſtetigen laſſen/ das die Hertzogen von Pom̃eren zu dem Roͤmiſchen Reich vnmittelbahr gehoͤren/ vnd die Lehen ohne Mittel vom Reich empfangen ſollen.,als nun nach ſolchem getroffenen frieden im jahr mcccxxxviij ein reichstag zu franckfurt am mayn gehalten ward hat daſelbſt hertzog barnimb zugleich vor ſich vnd ſeine vettern vom kaͤyſer das lehen empfangen vnd mit offentlichen briefen vnd siegeln beſtetigen laſſen das die hertzogen von pom̃eren zu dem roͤmiſchen reich vnmittelbahr gehoͤren vnd die lehen ohne mittel vom reich empfangen ſollen,als nun nach solchem getroffenen frieden im iahr mcccxxxuiii ein reichstag zu franckfurt am mayn gehalten ward hat daselbst hertzog barnimb zugleich uor sich und seine uettern uom kayser das lehen empfangen und mit offentlichen briefen und siegeln bestetigen lassen das die hertzogen uon pommeren zu dem romischen reich unmittelbahr gehoren und die lehen ohne mittel uom reich empfangen sollen
micraelius_pommernland03_1639,body,39,4,False,331,Jn ſolchen Briefen bezeuget Kaͤyſer Ludovicus IV. daß er die Hertzogthuͤmbe zu Stettin/ Pommeren/ Wenden/ Caſſuben vnd alle andere Herꝛſchafften/ mit ſeines Sohnes Ludovici des Marggraffen vnd Churfuͤrſten zu Brandenburg gutem Willen vnd Gunſt/ von der Marck/ von der ſie (wegen newlicher Begnadung) zu Lehen giengen/ genommen/ vnd dem Roͤmiſchen Reiche/ zu welchem ſie von Alters her anfaͤnglich gehoͤret hetten/ wieder vereiniget/ vnd ſie von aller Pflicht der Marggraffen in Ewigkeit koßgeſprochen habe/ alſo das die Hertzogen aus Pommeren an die Marggraffen/ vnd die Marck von derſelben Lehenſchafft wegen nichtes zufordern haben/ ſondern jhre Hertzogthuͤmber vnd Herꝛſchafften fuͤrbas Ewiglichen zu rechten Lehen vnmittelbahr von dem Reich empfahen ſollen: Daß auch weil hier bey Churfuͤrſt Ludewig die Lehen der Pom̃erſchen Laͤnder in ſeines Vatern des Roͤmiſchen Kaͤyſers Hand vnd Gewalt geſtellet/ vnd ſich ſolcher Lehen fuͤr ſich/ vnd ſeine Nachkommen/ verzeihen/ die beyde Pommeriſche Hertzogen Otto vnd Barnimb Churfuͤrſt Ludovico/ ſeinem Bruder vnd Erben/ alle jhre Land/ Herꝛſchafft/ Leut vnd Guth nach jhrem Todte/ ob ſie ohne eheliche Soͤhneverfuͤhren/ gemachet vnd verſchaffet/ vnd ſolchs mit gnugſamen Briefen verſchrieben vnd verſiegelt hetten.,jn ſolchen briefen bezeuget kaͤyſer ludovicus iv daß er die hertzogthuͤmbe zu stettin pommeren wenden caſſuben vnd alle andere herꝛſchafften mit ſeines sohnes ludovici des marggraffen vnd churfuͤrſten zu brandenburg gutem willen vnd gunſt von der marck von der ſie wegen newlicher begnadung zu lehen giengen genommen vnd dem roͤmiſchen reiche zu welchem ſie von alters her anfaͤnglich gehoͤret hetten wieder vereiniget vnd ſie von aller pflicht der marggraffen in ewigkeit koßgeſprochen habe alſo das die hertzogen aus pommeren an die marggraffen vnd die marck von derſelben lehenſchafft wegen nichtes zufordern haben ſondern jhre hertzogthuͤmber vnd herꝛſchafften fuͤrbas ewiglichen zu rechten lehen vnmittelbahr von dem reich empfahen ſollen daß auch weil hier bey churfuͤrſt ludewig die lehen der pom̃erſchen laͤnder in ſeines vatern des roͤmiſchen kaͤyſers hand vnd gewalt geſtellet vnd ſich ſolcher lehen fuͤr ſich vnd ſeine nachkommen verzeihen die beyde pommeriſche hertzogen otto vnd barnimb churfuͤrſt ludovico ſeinem bruder vnd erben alle jhre land herꝛſchafft leut vnd guth nach jhrem todte ob ſie ohne eheliche soͤhneverfuͤhren gemachet vnd verſchaffet vnd ſolchs mit gnugſamen briefen verſchrieben vnd verſiegelt hetten,in solchen briefen bezeuget kayser ludouicus iu dass er die hertzogthumbe zu stettin pommeren wenden cassuben und alle andere herschafften mit seines sohnes ludouici des marggraffen und churfursten zu brandenburg gutem willen und gunst uon der marck uon der sie wegen newlicher begnadung zu lehen giengen genommen und dem romischen reiche zu welchem sie uon alters her anfanglich gehoret hetten wieder uereiniget und sie uon aller pflicht der marggraffen in ewigkeit kossgesprochen habe also das die hertzogen aus pommeren an die marggraffen und die marck uon derselben lehenschafft wegen nichtes zufordern haben sondern ihre hertzogthumber und herschafften furbas ewiglichen zu rechten lehen unmittelbahr uon dem reich empfahen sollen dass auch weil hier bey churfurst ludewig die lehen der pommerschen lander in seines uatern des romischen kaysers hand und gewalt gestellet und sich solcher lehen fur sich und seine nachkommen uerzeihen die beyde pommerische hertzogen otto und barnimb churfurst ludouico seinem bruder und erben alle ihre land herschafft leut und guth nach ihrem todte ob sie ohne eheliche sohneuerfuhren gemachet und uerschaffet und solchs mit gnugsamen briefen uerschrieben und uersiegelt hetten
micraelius_pommernland03_1639,body,39,5,True,332,Vnd wer wider dieſen Vertrag handeln wuͤrde/ deme ſind zu Straffe tauſend Marck feines loͤtiges Goldes in Kaͤyſerlichem Briefe angeſetzet.,vnd wer wider dieſen vertrag handeln wuͤrde deme ſind zu straffe tauſend marck feines loͤtiges goldes in kaͤyſerlichem briefe angeſetzet,und wer wider diesen uertrag handeln wurde deme sind zu straffe tausend marck feines lotiges goldes in kayserlichem briefe angesetzet
micraelius_pommernland03_1639,body,40,0,True,332,Als dieſes alles geſchehen/ hat ſich Hertzog Barnimb der aͤlter der Vormundſchafft ſeiner Herren Vettern von Wollgaſt Wartißlai IV. Sohnen/ weil ſie nunmehr nicht minderjaͤhrlig/ begeben.,als dieſes alles geſchehen hat ſich hertzog barnimb der aͤlter der vormundſchafft ſeiner herren vettern von wollgaſt wartißlai iv sohnen weil ſie nunmehr nicht minderjaͤhrlig begeben,als dieses alles geschehen hat sich hertzog barnimb der alter der uormundschafft seiner herren uettern uon wollgast wartisslai iu sohnen weil sie nunmehr nicht minderiahrlig begeben
micraelius_pommernland03_1639,body,41,0,True,332,Etliche Jahr hernach ſpinnen ſich wunderliche Haͤndel an/ daruͤber Sachſen/ Marck vnd Pommeren gnug zuthun bekommen haben/ vnd der zuvor geſchloſſene Friede zimlich zerruͤttet worden iſt.,etliche jahr hernach ſpinnen ſich wunderliche haͤndel an daruͤber sachſen marck vnd pommeren gnug zuthun bekommen haben vnd der zuvor geſchloſſene friede zimlich zerruͤttet worden iſt,etliche iahr hernach spinnen sich wunderliche handel an daruber sachsen marck und pommeren gnug zuthun bekommen haben und der zuuor geschlossene friede zimlich zerruttet worden ist
micraelius_pommernland03_1639,body,42,0,False,332,Offtgemelter Churfuͤrſt Ludewig hette ſeine erſte Gemahlin/ des Koͤniges aus Dennemarck Tochter/ newlich begraben laſſen/ vnd weil eben zu der zeit Margareta/ ſo man von der groͤſſe des Maules Maultaſche nennete/ des Hertzogen aus Kerndten vnd Tyrol/ vnd Grafen zu Steyrmarck einige Tochter/ ſich beſchwerete/ das jhre Herre/ Wenceslaus/ Johannis des Koͤniges aus Boͤhmen Sohn/ Marggraff in Maͤhren/ jhr keine Eheliche pflicht leiſten koͤnte/ vnd ſie doch gerne Mutter ſein wolte/ als hat der Kaͤyſer Luſt gewonnen/ ſolch eine reiche Braut ſeinem Sohne/ damit er ein groß Hertzogthumb zur Mitgifft bekommen koͤnte/ zufreyen.,offtgemelter churfuͤrſt ludewig hette ſeine erſte gemahlin des koͤniges aus dennemarck tochter newlich begraben laſſen vnd weil eben zu der zeit margareta ſo man von der groͤſſe des maules maultaſche nennete des hertzogen aus kerndten vnd tyrol vnd grafen zu steyrmarck einige tochter ſich beſchwerete das jhre herre wenceslaus johannis des koͤniges aus boͤhmen sohn marggraff in maͤhren jhr keine eheliche pflicht leiſten koͤnte vnd ſie doch gerne mutter ſein wolte als hat der kaͤyſer luſt gewonnen ſolch eine reiche braut ſeinem sohne damit er ein groß hertzogthumb zur mitgifft bekommen koͤnte zufreyen,offtgemelter churfurst ludewig hette seine erste gemahlin des koniges aus dennemarck tochter newlich begraben lassen und weil eben zu der zeit margareta so man uon der grosse des maules maultasche nennete des hertzogen aus kerndten und tyrol und grafen zu steyrmarck einige tochter sich beschwerete das ihre herre wenceslaus iohannis des koniges aus bohmen sohn marggraff in mahren ihr keine eheliche pflicht leisten konte und sie doch gerne mutter sein wolte als hat der kayser lust gewonnen solch eine reiche braut seinem sohne damit er ein gross hertzogthumb zur mitgifft bekommen konte zufreyen
micraelius_pommernland03_1639,body,42,1,False,333,Derſelbe iſt auch nicht vnwillig darzu/ vnd ob ſchon gemeltes Tyroliſches Fraͤwlein ſeine naͤhiſte Ohmin im anderen Grade gleicher Linij war/ hat er ſie dennoch jhrem Manne entfuͤhret/ vnd zur Ehe genommen.,derſelbe iſt auch nicht vnwillig darzu vnd ob ſchon gemeltes tyroliſches fraͤwlein ſeine naͤhiſte ohmin im anderen grade gleicher linij war hat er ſie dennoch jhrem manne entfuͤhret vnd zur ehe genommen,derselbe ist auch nicht unwillig darzu und ob schon gemeltes tyrolisches frawlein seine nahiste ohmin im anderen grade gleicher linii war hat er sie dennoch ihrem manne entfuhret und zur ehe genommen
micraelius_pommernland03_1639,body,42,2,False,333,Daruͤber ward Boͤhmen/ Hungern/ Franckreich auffgebracht/ weil der erſte ſo vbel verhoͤhnete Mann die Schmahe rechen/ vnd der ander ſeine Greten/ vnd mit Jhr Tyrol vnd die Steyrmarck behalten wolte.,daruͤber ward boͤhmen hungern franckreich auffgebracht weil der erſte ſo vbel verhoͤhnete mann die schmahe rechen vnd der ander ſeine greten vnd mit jhr tyrol vnd die steyrmarck behalten wolte,daruber ward bohmen hungern franckreich auffgebracht weil der erste so ubel uerhohnete mann die schmahe rechen und der ander seine greten und mit ihr tyrol und die steyrmarck behalten wolte
micraelius_pommernland03_1639,body,42,3,False,333,Wenceslaus bekam auff ſeine Seyte Chur Fuͤrſt Rudolff aus Sachſen/ vnd den Fuͤrſten von Anhalt/ vnd das deſto mehr/ weil dieſelbe allerley Gelegenheit ſucheten/ die Marck/ dazu ſie meineten/ das beſte Recht/ als die naͤheſte Vettern/ zuhaben/ wieder zuerlangen.,wenceslaus bekam auff ſeine seyte chur fuͤrſt rudolff aus sachſen vnd den fuͤrſten von anhalt vnd das deſto mehr weil dieſelbe allerley gelegenheit ſucheten die marck dazu ſie meineten das beſte recht als die naͤheſte vettern zuhaben wieder zuerlangen,wenceslaus bekam auff seine seyte chur furst rudolff aus sachsen und den fursten uon anhalt und das desto mehr weil dieselbe allerley gelegenheit sucheten die marck dazu sie meineten das beste recht als die naheste uettern zuhaben wieder zuerlangen
micraelius_pommernland03_1639,body,42,4,True,333,Daruͤber ward ein feſter/ doch heimlicher Bund/ zwiſchen ſolchen Fuͤrſten wider das Hauß Beyeren/ vnd alſo wider den Kaͤyſer/ gemachet/ darin Wenceslaus ſich verband/ ſo er wuͤrde Kaͤyſer werden/ wie ers dann auch vnter dem Nahmen Caroli IV. der die guͤldene Bulla geſchrieben hat/ endlich geworden iſt/ das er Rudolff dem Chur Fuͤrſten aus Sachſen/ vnd dem Fuͤrſten von Anhalt/ als den naͤheſten Erben der alten verſtorbenen Marggraffen/ die Marcke vrlehnen wolte.,daruͤber ward ein feſter doch heimlicher bund zwiſchen ſolchen fuͤrſten wider das hauß beyeren vnd alſo wider den kaͤyſer gemachet darin wenceslaus ſich verband ſo er wuͤrde kaͤyſer werden wie ers dann auch vnter dem nahmen caroli iv der die guͤldene bulla geſchrieben hat endlich geworden iſt das er rudolff dem chur fuͤrſten aus sachſen vnd dem fuͤrſten von anhalt als den naͤheſten erben der alten verſtorbenen marggraffen die marcke vrlehnen wolte,daruber ward ein fester doch heimlicher bund zwischen solchen fursten wider das hauss beyeren und also wider den kayser gemachet darin wenceslaus sich uerband so er wurde kayser werden wie ers dann auch unter dem nahmen caroli iu der die guldene bulla geschrieben hat endlich geworden ist das er rudolff dem chur fursten aus sachsen und dem fursten uon anhalt als den nahesten erben der alten uerstorbenen marggraffen die marcke urlehnen wolte
micraelius_pommernland03_1639,body,43,0,False,333,Nach gepflogener heimblicher Handlung/ iſt Churfuͤrſt Rudolffen von Sachſen der Griff eingefallen/ das er einen alten Muͤller zum Hundlufft Jeckel Rehbock/ oder wie jhn andere nennen/ Menicken von Belitz/ der in ſeiner Jugend Marggraff Waldemars Schildknabe geweſen war/ vnd von den Dingen/ die vor deme bey Hofe vorgefallen waren/ etlilicher maſſen beſcheid geben konte/ zu ſich erforderte/ vnd einen Eyd von jhme nahm/ reinen Mund deſſen/ was jhme wuͤrde vertrawet werden/ zuhalten.,nach gepflogener heimblicher handlung iſt churfuͤrſt rudolffen von sachſen der griff eingefallen das er einen alten muͤller zum hundlufft jeckel rehbock oder wie jhn andere nennen menicken von belitz der in ſeiner jugend marggraff waldemars schildknabe geweſen war vnd von den dingen die vor deme bey hofe vorgefallen waren etlilicher maſſen beſcheid geben konte zu ſich erforderte vnd einen eyd von jhme nahm reinen mund deſſen was jhme wuͤrde vertrawet werden zuhalten,nach gepflogener heimblicher handlung ist churfurst rudolffen uon sachsen der griff eingefallen das er einen alten muller zum hundlufft ieckel rehbock oder wie ihn andere nennen menicken uon belitz der in seiner iugend marggraff waldemars schildknabe gewesen war und uon den dingen die uor deme bey hofe uorgefallen waren etlilicher massen bescheid geben konte zu sich erforderte und einen eyd uon ihme nahm reinen mund dessen was ihme wurde uertrawet werden zuhalten
micraelius_pommernland03_1639,body,43,1,False,334,Solches konte ein ſo groſſer Herre von einem armen Muͤller leicht erlangen/ vnd hielt darauff der Chur Fuͤrſt gemeltem Muͤller fuͤr/ wie die Marck von den Außlaͤndiſchen Beyern bedrenget/ vnd jhme vnd den Fuͤrſten von Anhalt/ als den rechten Erben/ entzogen were: Das dannenhero derſelb ein loͤblich vnd dem Vaterland ein erſprießlich Werck thun koͤnte/ der jhm/ auff was wege es auch geſchehe/ helffen wuͤrde.,solches konte ein ſo groſſer herre von einem armen muͤller leicht erlangen vnd hielt darauff der chur fuͤrſt gemeltem muͤller fuͤr wie die marck von den außlaͤndiſchen beyern bedrenget vnd jhme vnd den fuͤrſten von anhalt als den rechten erben entzogen were das dannenhero derſelb ein loͤblich vnd dem vaterland ein erſprießlich werck thun koͤnte der jhm auff was wege es auch geſchehe helffen wuͤrde,solches konte ein so grosser herre uon einem armen muller leicht erlangen und hielt darauff der chur furst gemeltem muller fur wie die marck uon den ausslandischen beyern bedrenget und ihme und den fursten uon anhalt als den rechten erben entzogen were das dannenhero derselb ein loblich und dem uaterland ein erspriesslich werck thun konte der ihm auff was wege es auch geschehe helffen wurde
micraelius_pommernland03_1639,body,43,2,False,334,So ſolte er/ der Muͤller/ in einem Pilgrams Habit durch die Marcke reiſen/ vnd allenthalben anzeigen/ Marggraff Waldemar/ von deme man ſonſt hielte/ das er fuͤr xxvj. Jahr geſtorben ſey/ lebe noch.,so ſolte er der muͤller in einem pilgrams habit durch die marcke reiſen vnd allenthalben anzeigen marggraff waldemar von deme man ſonſt hielte das er fuͤr xxvj jahr geſtorben ſey lebe noch,so solte er der muller in einem pilgrams habit durch die marcke reisen und allenthalben anzeigen marggraff waldemar uon deme man sonst hielte das er fur xxui iahr gestorben sey lebe noch
micraelius_pommernland03_1639,body,43,3,False,334,Solte auch etliche Ringe vnd guͤldene Muͤntze/ die jhme der Churfuͤrſte gab/ bißweilen/ als von vngefehr/ blicken laſſen/ aber noch nichtes weiters ſagen.,solte auch etliche ringe vnd guͤldene muͤntze die jhme der churfuͤrſte gab bißweilen als von vngefehr blicken laſſen aber noch nichtes weiters ſagen,solte auch etliche ringe und guldene muntze die ihme der churfurste gab bissweilen als uon ungefehr blicken lassen aber noch nichtes weiters sagen
micraelius_pommernland03_1639,body,43,4,False,334,Der Muͤller als ein verſchmitzeter alter Hoͤfeling verrichtet alles/ wie es jhme anbefohlen war/ vnd als er das Geruͤchte/ das Waldemar noch lebe/ in der gantzen Marck außgebracht hette/ kam er wieder zum Churfuͤrſten/ zu fragen/ was nun weiter zuthun were.,der muͤller als ein verſchmitzeter alter hoͤfeling verrichtet alles wie es jhme anbefohlen war vnd als er das geruͤchte das waldemar noch lebe in der gantzen marck außgebracht hette kam er wieder zum churfuͤrſten zu fragen was nun weiter zuthun were,der muller als ein uerschmitzeter alter hofeling uerrichtet alles wie es ihme anbefohlen war und als er das geruchte das waldemar noch lebe in der gantzen marck aussgebracht hette kam er wieder zum churfursten zu fragen was nun weiter zuthun were
micraelius_pommernland03_1639,body,43,5,False,334,Derſelbe befahl jhm/ er ſolte zum Ertz Biſchoff von Magdeburg gehen/ vnd weil er ohne das an Statur/ Alter vnd Geſtalt/ dem verſtorbenen Marggraff Waldemar nicht vnehnlich were/ bey jhme vorgeben/ das er eben der Marggraffe/ den man vor todt hielte/ were/ vnd das er an ſeine Statt einen andern todten Coͤrper hette begraben laſſen/ vñ ſeine Suͤnde zubuͤſſen/ die er inſonderheit darin begangen/ das er zu nahe ins Gebluͤte gefreyet/ vnd ſeines Vettern vnd/ wo mir recht iſt/ ſeines Groß Vater Bruders Hermanni Tochter/ geheuratet hette/ auff anordnung ſeines Beicht Vaters vñ Babſt Johannis XXII. gantzer xxvj. Jahr Pilgrams weyſe Wallfahrten gegangen were.,derſelbe befahl jhm er ſolte zum ertz biſchoff von magdeburg gehen vnd weil er ohne das an statur alter vnd geſtalt dem verſtorbenen marggraff waldemar nicht vnehnlich were bey jhme vorgeben das er eben der marggraffe den man vor todt hielte were vnd das er an ſeine statt einen andern todten coͤrper hette begraben laſſen vñ ſeine suͤnde zubuͤſſen die er inſonderheit darin begangen das er zu nahe ins gebluͤte gefreyet vnd ſeines vettern vnd wo mir recht iſt ſeines groß vater bruders hermanni tochter geheuratet hette auff anordnung ſeines beicht vaters vñ babſt johannis xxii gantzer xxvj jahr pilgrams weyſe wallfahrten gegangen were,derselbe befahl ihm er solte zum ertz bischoff uon magdeburg gehen und weil er ohne das an statur alter und gestalt dem uerstorbenen marggraff waldemar nicht unehnlich were bey ihme uorgeben das er eben der marggraffe den man uor todt hielte were und das er an seine statt einen andern todten corper hette begraben lassen und seine sunde zubussen die er insonderheit darin begangen das er zu nahe ins geblute gefreyet und seines uettern und wo mir recht ist seines gross uater bruders hermanni tochter geheuratet hette auff anordnung seines beicht uaters und babst iohannis xxii gantzer xxui iahr pilgrams weyse wallfahrten gegangen were
micraelius_pommernland03_1639,body,43,6,False,335,Weil nun aber/ nach verflieſſung ſolcher zur Buſſe angeſetzten Zeit/ er ſich wieder anheim gemachet hette/ vnd vernehme/ das ein Außlaͤndiſcher Beyerſcher Fuͤrſte ſein Land einhette/ ſolte er weiter vermelden/ daß er zwar/ Alters vnd Schwachheit halben/ nicht luſt zum Regiment hette/ gleichwol aber ſein Land/ als das billig/ den naͤhiſten Vettern/ dem Churfuͤrſten Rudolff von Sachſen/ vnd dem Anhaltiſchen Fuͤrſten/ nach ſeinem Todte ſolte eingereumet werden/ in frembden Haͤnden nicht wiſſen wolte.,weil nun aber nach verflieſſung ſolcher zur buſſe angeſetzten zeit er ſich wieder anheim gemachet hette vnd vernehme das ein außlaͤndiſcher beyerſcher fuͤrſte ſein land einhette ſolte er weiter vermelden daß er zwar alters vnd schwachheit halben nicht luſt zum regiment hette gleichwol aber ſein land als das billig den naͤhiſten vettern dem churfuͤrſten rudolff von sachſen vnd dem anhaltiſchen fuͤrſten nach ſeinem todte ſolte eingereumet werden in frembden haͤnden nicht wiſſen wolte,weil nun aber nach uerfliessung solcher zur busse angesetzten zeit er sich wieder anheim gemachet hette und uernehme das ein ausslandischer beyerscher furste sein land einhette solte er weiter uermelden dass er zwar alters und schwachheit halben nicht lust zum regiment hette gleichwol aber sein land als das billig den nahisten uettern dem churfursten rudolff uon sachsen und dem anhaltischen fursten nach seinem todte solte eingereumet werden in frembden handen nicht wissen wolte
micraelius_pommernland03_1639,body,43,7,False,335,Solte auch zu bekraͤfftigung ſeiner Wort/ dem Biſchoff/ Marggraffen Waldemari Pittſchafft/ ſo jhme der Churfuͤrſt zu wege gebracht hette/ fuͤrzeigen.,solte auch zu bekraͤfftigung ſeiner wort dem biſchoff marggraffen waldemari pittſchafft ſo jhme der churfuͤrſt zu wege gebracht hette fuͤrzeigen,solte auch zu bekrafftigung seiner wort dem bischoff marggraffen waldemari pittschafft so ihme der churfurst zu wege gebracht hette furzeigen
micraelius_pommernland03_1639,body,43,8,False,335,Der Muͤller richtet auch dieſes wolaus/ vnd der Ertz Biſchoff gab jhme faſt beyfall/ inſonderheit/ weil der Alte von etlichen geheimen Sachen zu reden wuſte/ die jhm theils der Churfuͤrſte geſaget/ theils er ſelbſt/ als er noch des Marggraffen Schildknecht geweſen/ erfahren hette.,der muͤller richtet auch dieſes wolaus vnd der ertz biſchoff gab jhme faſt beyfall inſonderheit weil der alte von etlichen geheimen sachen zu reden wuſte die jhm theils der churfuͤrſte geſaget theils er ſelbſt als er noch des marggraffen schildknecht geweſen erfahren hette,der muller richtet auch dieses wolaus und der ertz bischoff gab ihme fast beyfall insonderheit weil der alte uon etlichen geheimen sachen zu reden wuste die ihm theils der churfurste gesaget theils er selbst als er noch des marggraffen schildknecht gewesen erfahren hette
micraelius_pommernland03_1639,body,43,9,False,335,Vnd deſſentwegen beſcheidet gemelter Ertz Biſchoff ſich mit dem Sachſen/ vnd dem Anhalter an einen Ort/ zu einer vertraweten Vnterredung.,vnd deſſentwegen beſcheidet gemelter ertz biſchoff ſich mit dem sachſen vnd dem anhalter an einen ort zu einer vertraweten vnterredung,und dessentwegen bescheidet gemelter ertz bischoff sich mit dem sachsen und dem anhalter an einen ort zu einer uertraweten unterredung
micraelius_pommernland03_1639,body,43,10,False,335,Sie waren bald bereit/ vnd ward mit gemeiner beliebung beſchloſſen/ man muͤſte den alten Marggraffen wieder zum Lande helffen.,sie waren bald bereit vnd ward mit gemeiner beliebung beſchloſſen man muͤſte den alten marggraffen wieder zum lande helffen,sie waren bald bereit und ward mit gemeiner beliebung beschlossen man muste den alten marggraffen wieder zum lande helffen
micraelius_pommernland03_1639,body,43,11,False,335,Weil aber ohne huͤlffe vnd beyſtand Hertzog Barnimbs aus Pommeren wenig fruchtbahres koͤnte verrichtet werden/ als benenneten gemelte drey Herren jhme einen Tag/ da ſie zu Torgelow bey jhme ſein wolten.,weil aber ohne huͤlffe vnd beyſtand hertzog barnimbs aus pommeren wenig fruchtbahres koͤnte verrichtet werden als benenneten gemelte drey herren jhme einen tag da ſie zu torgelow bey jhme ſein wolten,weil aber ohne hulffe und beystand hertzog barnimbs aus pommeren wenig fruchtbahres konte uerrichtet werden als benenneten gemelte drey herren ihme einen tag da sie zu torgelow bey ihme sein wolten
micraelius_pommernland03_1639,body,43,12,False,336,Sie kamen auch/ vnd entdecketen jhre Vorhaben.,sie kamen auch vnd entdecketen jhre vorhaben,sie kamen auch und entdecketen ihre uorhaben
micraelius_pommernland03_1639,body,43,13,False,336,Er aber wolte nichtes von dem Handel halten/ ſagete/ der Marggraff were gewiß vnd wahrhafftig todt/ als auff deſſen Begraͤbnus er ſelber geweſen were.,er aber wolte nichtes von dem handel halten ſagete der marggraff were gewiß vnd wahrhafftig todt als auff deſſen begraͤbnus er ſelber geweſen were,er aber wolte nichtes uon dem handel halten sagete der marggraff were gewiss und wahrhafftig todt als auff dessen begrabnus er selber gewesen were
micraelius_pommernland03_1639,body,43,14,False,336,Wuſte auch ſo viele Vmbſtaͤnde von Marggraff Waldemari Todte zuerzehlen/ daß der Ertz Biſchoff ſelbſten an deme/ der ſich fuͤr den Alten Marggraffen bey jhme außgegeben hette/ zu zweifeln anfieng.,wuſte auch ſo viele vmbſtaͤnde von marggraff waldemari todte zuerzehlen daß der ertz biſchoff ſelbſten an deme der ſich fuͤr den alten marggraffen bey jhme außgegeben hette zu zweifeln anfieng,wuste auch so uiele umbstande uon marggraff waldemari todte zuerzehlen dass der ertz bischoff selbsten an deme der sich fur den alten marggraffen bey ihme aussgegeben hette zu zweifeln anfieng
micraelius_pommernland03_1639,body,43,15,True,336,Das aber damit der Anſchlag nicht zuruͤcke gehen moͤchte/ haben endlich der Churfuͤrſt vnd Fuͤrſt/ den anderen beyden/ die gantze Beſchaffenheit der Sache/ vnd jhre Vorhaben/ entdecket/ vnd zugleich dargethan/ wie ein jeder ein ſtuͤcke Landes davon bringen konte.,das aber damit der anſchlag nicht zuruͤcke gehen moͤchte haben endlich der churfuͤrſt vnd fuͤrſt den anderen beyden die gantze beſchaffenheit der sache vnd jhre vorhaben entdecket vnd zugleich dargethan wie ein jeder ein ſtuͤcke landes davon bringen konte,das aber damit der anschlag nicht zurucke gehen mochte haben endlich der churfurst und furst den anderen beyden die gantze beschaffenheit der sache und ihre uorhaben entdecket und zugleich dargethan wie ein ieder ein stucke landes dauon bringen konte
micraelius_pommernland03_1639,body,44,0,False,336,Ob nun wol Hertzog Barnimb ſolchen Handel in hohes Bedencken zog/ wie hievon noch etliche alte Reyme verhanden ſein/ dennoch wolte er der anderen Herren willen ſich nicht zuwiedern legen/ vnd weil er inſonderheit an der Vcker vnd Newemarck alte Zuſprache hette/ vnd vermerckete/ das faſt die gantze Marcke nunmehr/ außgenommen Franckfurt an der Oder/ Spandow vnd Trew Brietzen/ an dem vermeineten Marggraffen Waldemaͤr hieng/ vnd jhm auch auff gemeinem Landtage zu Alten Brandenburg gehuldiget hette/ vnd Churfuͤrſt Ludewigen zu Franckfurt an der Oder belagert hielte/ Als war er im Jahr mcccxlv. mit groſſer Macht auff/ eroberte Paſewalck/ Prentzlow/ Angermuͤnde/ Jagow/ Bruſſow/ Boyzenburg/ Greifenberg/ Stolpe/ Schweet/ Vierraden/ Verchenitz/ Newen Sund/ vnd andere Staͤdte vnd Schloͤſſer mehr.,ob nun wol hertzog barnimb ſolchen handel in hohes bedencken zog wie hievon noch etliche alte reyme verhanden ſein dennoch wolte er der anderen herren willen ſich nicht zuwiedern legen vnd weil er inſonderheit an der vcker vnd newemarck alte zuſprache hette vnd vermerckete das faſt die gantze marcke nunmehr außgenommen franckfurt an der oder spandow vnd trew brietzen an dem vermeineten marggraffen waldemaͤr hieng vnd jhm auch auff gemeinem landtage zu alten brandenburg gehuldiget hette vnd churfuͤrſt ludewigen zu franckfurt an der oder belagert hielte als war er im jahr mcccxlv mit groſſer macht auff eroberte paſewalck prentzlow angermuͤnde jagow bruſſow boyzenburg greifenberg stolpe schweet vierraden verchenitz newen sund vnd andere staͤdte vnd schloͤſſer mehr,ob nun wol hertzog barnimb solchen handel in hohes bedencken zog wie hieuon noch etliche alte reyme uerhanden sein dennoch wolte er der anderen herren willen sich nicht zuwiedern legen und weil er insonderheit an der ucker und newemarck alte zusprache hette und uermerckete das fast die gantze marcke nunmehr aussgenommen franckfurt an der oder spandow und trew brietzen an dem uermeineten marggraffen waldemar hieng und ihm auch auff gemeinem landtage zu alten brandenburg gehuldiget hette und churfurst ludewigen zu franckfurt an der oder belagert hielte als war er im iahr mcccxlu mit grosser macht auff eroberte pasewalck prentzlow angermunde iagow brussow boyzenburg greifenberg stolpe schweet uierraden uerchenitz newen sund und andere stadte und schlosser mehr
micraelius_pommernland03_1639,body,44,1,True,337,Hat auch Strausberg/ Muͤnchberg/ Waldenburg gewonnen/ vnd ruckete endlich vor Franckfurt/ die daßmahl/ wie die Maͤrckiſchen Chronicken ſagen/ von xiv. Fuͤrſten iſt belagert geweſen.,hat auch strausberg muͤnchberg waldenburg gewonnen vnd ruckete endlich vor franckfurt die daßmahl wie die maͤrckiſchen chronicken ſagen von xiv fuͤrſten iſt belagert geweſen,hat auch strausberg munchberg waldenburg gewonnen und ruckete endlich uor franckfurt die dassmahl wie die marckischen chronicken sagen uon xiu fursten ist belagert gewesen
micraelius_pommernland03_1639,body,45,0,False,337,Zu dieſer Zeit war das gantze Roͤmiſche Reich in groſſer Vnruhe: Dann weil Kaͤyſer Ludewig wieder den Bapſt auff oͤffentlichem Reichstage geſchloſſen/ das derſelbe gar keine Macht vber den Kaͤyſer oder das Teutſche Reich hette/ als wiegelte der Bapſt vnterſchiedliche Fuͤrſten wieder jhn auff/ thete jhn auch in den Ban/ vnd brachte es dahin/ das etliche Fuͤrſten ſich zuſammen thaͤten/ einen newen Kaͤyſer zuerwehlen.,zu dieſer zeit war das gantze roͤmiſche reich in groſſer vnruhe dann weil kaͤyſer ludewig wieder den bapſt auff oͤffentlichem reichstage geſchloſſen das derſelbe gar keine macht vber den kaͤyſer oder das teutſche reich hette als wiegelte der bapſt vnterſchiedliche fuͤrſten wieder jhn auff thete jhn auch in den ban vnd brachte es dahin das etliche fuͤrſten ſich zuſammen thaͤten einen newen kaͤyſer zuerwehlen,zu dieser zeit war das gantze romische reich in grosser unruhe dann weil kayser ludewig wieder den bapst auff offentlichem reichstage geschlossen das derselbe gar keine macht uber den kayser oder das teutsche reich hette als wiegelte der bapst unterschiedliche fursten wieder ihn auff thete ihn auch in den ban und brachte es dahin das etliche fursten sich zusammen thaten einen newen kayser zuerwehlen
micraelius_pommernland03_1639,body,45,1,False,337,Vnter ſolchen ließ ſich nun auch Chur Fuͤrſt Rudolff aus Sachſen finden/ vnd erwehlete neben jhnen vorgemelten Carolum IV. Koͤnig aus Boͤhmen/ ſonſt Wenceslaum oder Wentzel genant.,vnter ſolchen ließ ſich nun auch chur fuͤrſt rudolff aus sachſen finden vnd erwehlete neben jhnen vorgemelten carolum iv koͤnig aus boͤhmen ſonſt wenceslaum oder wentzel genant,unter solchen liess sich nun auch chur furst rudolff aus sachsen finden und erwehlete neben ihnen uorgemelten carolum iu konig aus bohmen sonst wenceslaum oder wentzel genant
micraelius_pommernland03_1639,body,45,2,False,337,Dieſer hat den vermeineten Marggraffen Waldemar in eigener Perſon fuͤr Franckfurt an der Oder/ da die Carthaus lieget/ mit der Marck Brandenburg vnd Churfuͤrſtlicher Wuͤrde belehnet/ auch jhn/ wie einen Churfuͤrſten/ zu ſich an die Kaͤyſerliche Tafel gezogen/ vnd alles mit offentlichen Briefen beſtetiget.,dieſer hat den vermeineten marggraffen waldemar in eigener perſon fuͤr franckfurt an der oder da die carthaus lieget mit der marck brandenburg vnd churfuͤrſtlicher wuͤrde belehnet auch jhn wie einen churfuͤrſten zu ſich an die kaͤyſerliche tafel gezogen vnd alles mit offentlichen briefen beſtetiget,dieser hat den uermeineten marggraffen waldemar in eigener person fur franckfurt an der oder da die carthaus lieget mit der marck brandenburg und churfurstlicher wurde belehnet auch ihn wie einen churfursten zu sich an die kayserliche tafel gezogen und alles mit offentlichen briefen bestetiget
micraelius_pommernland03_1639,body,45,3,True,337,Die Hertzogen aus Pommern von beyden Regierung ſind auch von jhme im Jahr mcccxlviij. zu Znaym vnter des Reichs Scepter mit gebuͤhrlichen Ceremonien belehnet worden.,die hertzogen aus pommern von beyden regierung ſind auch von jhme im jahr mcccxlviij zu znaym vnter des reichs scepter mit gebuͤhrlichen ceremonien belehnet worden,die hertzogen aus pommern uon beyden regierung sind auch uon ihme im iahr mcccxluiii zu znaym unter des reichs scepter mit gebuhrlichen ceremonien belehnet worden
micraelius_pommernland03_1639,body,46,0,False,338,Aber Churfuͤrſt Ludewig hielt ſich ſo feſte/ vnd vorgemelte drey Staͤdte ſtunden ſo beſtaͤndig bey jhme/ das die Fuͤrſten die Belaͤgerung Franckfurt an der Oder wieder auffheben muſten.,aber churfuͤrſt ludewig hielt ſich ſo feſte vnd vorgemelte drey staͤdte ſtunden ſo beſtaͤndig bey jhme das die fuͤrſten die belaͤgerung franckfurt an der oder wieder auffheben muſten,aber churfurst ludewig hielt sich so feste und uorgemelte drey stadte stunden so bestandig bey ihme das die fursten die belagerung franckfurt an der oder wieder auffheben musten
micraelius_pommernland03_1639,body,46,1,False,338,Vnd weil er vernam/ das ſein Vater/ Kaͤyſer Ludewig im xxxiij. Jahr ſeines Regiments verſtorben/ als machete er ſich aus der Marck/ mit ſeinen fuͤnff Bruͤderen theilung der Vaͤterlichen Landſchafften zuhalten.,vnd weil er vernam das ſein vater kaͤyſer ludewig im xxxiij jahr ſeines regiments verſtorben als machete er ſich aus der marck mit ſeinen fuͤnff bruͤderen theilung der vaͤterlichen landſchafften zuhalten,und weil er uernam das sein uater kayser ludewig im xxxiii iahr seines regiments uerstorben als machete er sich aus der marck mit seinen funff bruderen theilung der uaterlichen landschafften zuhalten
micraelius_pommernland03_1639,body,46,2,False,338,Jn ſolcher Theilung vbergab Churfuͤrſt Ludewig ſeinem Bruder Ludwigen/ dem Roͤmer genant/ weil er zu Rom gebohren war/ die Marck Brandenburg mit Land vnd Leuten/ behielt aber fuͤr ſich/ nebenſt der Graffſchafft Tyroll vnd Ober Beyern/ die Ehr vnd den Nahmen des Churfuͤrſten vnd Ertz Caͤmmerers des heiligen Roͤmiſchen Reiches/ wie Aventinus meldet.,jn ſolcher theilung vbergab churfuͤrſt ludewig ſeinem bruder ludwigen dem roͤmer genant weil er zu rom gebohren war die marck brandenburg mit land vnd leuten behielt aber fuͤr ſich nebenſt der graffſchafft tyroll vnd ober beyern die ehr vnd den nahmen des churfuͤrſten vnd ertz caͤmmerers des heiligen roͤmiſchen reiches wie aventinus meldet,in solcher theilung ubergab churfurst ludewig seinem bruder ludwigen dem romer genant weil er zu rom gebohren war die marck brandenburg mit land und leuten behielt aber fur sich nebenst der graffschafft tyroll und ober beyern die ehr und den nahmen des churfursten und ertz cammerers des heiligen romischen reiches wie auentinus meldet
micraelius_pommernland03_1639,body,46,3,False,338,Aber Angelus/ der die Maͤrckiſche Chronica beſchrieben/ zeuget/ das in allen Alten Briefen vnd Kundſchafften/ ſo von Ludewig dem Roͤmer verhanden ſein/ er des Reichs Oberſter Caͤmmerer genennet werde/ welches nicht hette geſchehen koͤnnen/ wenn jhme nicht neben dem Lande auch die Chur abgetreten were.,aber angelus der die maͤrckiſche chronica beſchrieben zeuget das in allen alten briefen vnd kundſchafften ſo von ludewig dem roͤmer verhanden ſein er des reichs oberſter caͤmmerer genennet werde welches nicht hette geſchehen koͤnnen wenn jhme nicht neben dem lande auch die chur abgetreten were,aber angelus der die marckische chronica beschrieben zeuget das in allen alten briefen und kundschafften so uon ludewig dem romer uerhanden sein er des reichs oberster cammerer genennet werde welches nicht hette geschehen konnen wenn ihme nicht neben dem lande auch die chur abgetreten were
micraelius_pommernland03_1639,body,46,4,True,338,Dieſer Ludewig der Roͤmer hat ſich hoͤchlich bemuͤhet/ die Vnruhe in der Marck zuſtillen/ vnd weil nunmehr der Betrug Jeckel Rehebockes faſt offenbahr geworden war/ wie dann nicht lange beſtehet/ was nicht mit der Warheit vnterſtuͤtzet iſt/ haben ſich viele Vnterthanen in der Marck wiederumb zu jhm gethan/ vnd Jeckel hat ſich aus der Marck gegen Deſſow ins Anhaltiſche begeben/ vnd iſt daſelbſt vnlaͤngſt hernach im Jahr mcccl. geſtorben/ vnd in einer Capelle begraben/ vnd ein Spiegel der Menſchlichen Eytelkeit geworden.,dieſer ludewig der roͤmer hat ſich hoͤchlich bemuͤhet die vnruhe in der marck zuſtillen vnd weil nunmehr der betrug jeckel rehebockes faſt offenbahr geworden war wie dann nicht lange beſtehet was nicht mit der warheit vnterſtuͤtzet iſt haben ſich viele vnterthanen in der marck wiederumb zu jhm gethan vnd jeckel hat ſich aus der marck gegen deſſow ins anhaltiſche begeben vnd iſt daſelbſt vnlaͤngſt hernach im jahr mcccl geſtorben vnd in einer capelle begraben vnd ein spiegel der menſchlichen eytelkeit geworden,dieser ludewig der romer hat sich hochlich bemuhet die unruhe in der marck zustillen und weil nunmehr der betrug ieckel rehebockes fast offenbahr geworden war wie dann nicht lange bestehet was nicht mit der warheit unterstutzet ist haben sich uiele unterthanen in der marck wiederumb zu ihm gethan und ieckel hat sich aus der marck gegen dessow ins anhaltische begeben und ist daselbst unlangst hernach im iahr mcccl gestorben und in einer capelle begraben und ein spiegel der menschlichen eytelkeit geworden
micraelius_pommernland03_1639,body,47,0,False,339,Nach ſeinem Todte maſſen ſich der Chur Fuͤrſt aus Sachſen/ vnd Fuͤrſt von Anhalt der Marck an/ als die naͤhiſte Vettern.,nach ſeinem todte maſſen ſich der chur fuͤrſt aus sachſen vnd fuͤrſt von anhalt der marck an als die naͤhiſte vettern,nach seinem todte massen sich der chur furst aus sachsen und furst uon anhalt der marck an als die nahiste uettern
micraelius_pommernland03_1639,body,47,1,False,339,Nehmen auch mit Gewalt viele Staͤdte vnd Schloͤſſer hinweg/ vnd machen ſich auch an Paſewalck vnd Prentzlow/ vnd nehmen allda den Huldigungs Eyd auff.,nehmen auch mit gewalt viele staͤdte vnd schloͤſſer hinweg vnd machen ſich auch an paſewalck vnd prentzlow vnd nehmen allda den huldigungs eyd auff,nehmen auch mit gewalt uiele stadte und schlosser hinweg und machen sich auch an pasewalck und prentzlow und nehmen allda den huldigungs eyd auff
micraelius_pommernland03_1639,body,47,2,False,339,Solches verdroß nun Hertzog Barnimb zum hefftigeſten/ vnd vertrug ſich mit Marggraff Ludewig dem Roͤmer in der guͤte.,solches verdroß nun hertzog barnimb zum hefftigeſten vnd vertrug ſich mit marggraff ludewig dem roͤmer in der guͤte,solches uerdross nun hertzog barnimb zum hefftigesten und uertrug sich mit marggraff ludewig dem romer in der gute
micraelius_pommernland03_1639,body,47,3,False,339,Vnd da er darob war/ das er die Sachſen vnd Anhaltiner/ die jhme zu nahe graͤntzeten/ angreiffen wolte/ bekompt er von den drey Vor Pommeriſchen Fuͤrſten/ ſeinen Vettern/ Zeitung/ wie Hertzog Allbrecht von Mechelenburg vnd Fuͤrſt Nickel zur Werle/ auff Saͤchſiſcher Seyte ſtunden/ vnd mit Gewalt durch jhren Hauptman Claus Hanen Bahrt vnd Grimmen eingenommen/ vnd ſich mit einem ſtarcken hauffen vor Loytz gelagert hetten.,vnd da er darob war das er die sachſen vnd anhaltiner die jhme zu nahe graͤntzeten angreiffen wolte bekompt er von den drey vor pommeriſchen fuͤrſten ſeinen vettern zeitung wie hertzog allbrecht von mechelenburg vnd fuͤrſt nickel zur werle auff saͤchſiſcher seyte ſtunden vnd mit gewalt durch jhren hauptman claus hanen bahrt vnd grimmen eingenommen vnd ſich mit einem ſtarcken hauffen vor loytz gelagert hetten,und da er darob war das er die sachsen und anhaltiner die ihme zu nahe grantzeten angreiffen wolte bekompt er uon den drey uor pommerischen fursten seinen uettern zeitung wie hertzog allbrecht uon mechelenburg und furst nickel zur werle auff sachsischer seyte stunden und mit gewalt durch ihren hauptman claus hanen bahrt und grimmen eingenommen und sich mit einem starcken hauffen uor loytz gelagert hetten
micraelius_pommernland03_1639,body,47,4,False,339,Derowegen machet er ſich mit huͤlffe vnd beyſtand Ottonis vnd Burckhardi zweyer Herren von Puttlitz/ die jhme Marggraff Ludewig zu gab/ eylfertig auff/ faͤllet Claus Hanen Hauffen fuͤr Loytz/ auff dem Schuppen Tham an/ erleget dieſelbe mehrentheils/ die vbrige nimpt er gefangen/ vnd iſt Claus Hane der Haͤuptman ſelbſt hiervber hart verwundet worden/ vnd hat ſich kuͤmmerlich mit der Flucht retten koͤnnen.,derowegen machet er ſich mit huͤlffe vnd beyſtand ottonis vnd burckhardi zweyer herren von puttlitz die jhme marggraff ludewig zu gab eylfertig auff faͤllet claus hanen hauffen fuͤr loytz auff dem schuppen tham an erleget dieſelbe mehrentheils die vbrige nimpt er gefangen vnd iſt claus hane der haͤuptman ſelbſt hiervber hart verwundet worden vnd hat ſich kuͤmmerlich mit der flucht retten koͤnnen,derowegen machet er sich mit hulffe und beystand ottonis und burckhardi zweyer herren uon puttlitz die ihme marggraff ludewig zu gab eylfertig auff fallet claus hanen hauffen fur loytz auff dem schuppen tham an erleget dieselbe mehrentheils die ubrige nimpt er gefangen und ist claus hane der hauptman selbst hieruber hart uerwundet worden und hat sich kummerlich mit der flucht retten konnen
micraelius_pommernland03_1639,body,47,5,True,339,Von dieſer Niederlage Claus Haneu/ ſind noch die Alte Pomriſche Verßlein bekand/ darin der Hertzog von Mechelenburg/ vnd gemelter Hane/ als in einem Geſpraͤche eingefuͤhret werden:,von dieſer niederlage claus haneu ſind noch die alte pomriſche verßlein bekand darin der hertzog von mechelenburg vnd gemelter hane als in einem geſpraͤche eingefuͤhret werden,uon dieser niederlage claus haneu sind noch die alte pomrische uersslein bekand darin der hertzog uon mechelenburg und gemelter hane als in einem gesprache eingefuhret werden
micraelius_pommernland03_1639,body,48,0,True,339,Hane/ Hane wol hefft thorethen dynen Kam?,hane hane wol hefft thorethen dynen kam,hane hane wol hefft thorethen dynen kam
micraelius_pommernland03_1639,body,49,0,True,339,Herr/ dat hefft gedan Hartog Barnam.,herr dat hefft gedan hartog barnam,herr dat hefft gedan hartog barnam
micraelius_pommernland03_1639,body,50,0,True,340,Jd iß ein kleyn Mann van Lijve/,jd iß ein kleyn mann van lijve,id iss ein kleyn mann uan liiue
micraelius_pommernland03_1639,body,51,0,True,340,Averſt ein Held im Kyfe.,averſt ein held im kyfe,auerst ein held im kyfe
micraelius_pommernland03_1639,body,52,0,True,340,Jn dieſem Kriege iſt Graff Johann der Juͤnger von Gutzkow eben an ſeinem Brauttage auch vmbkommen/ vnd weil er auff Mechelnburgiſcher Seyten geſtanden/ hat ſein Vater Graff Johan der Elter ſich mit Hertzog Barnimb muͤſſen auſſoͤhnen/ vnd demſelbigen auffs newe huldigen vnd ſchweren.,jn dieſem kriege iſt graff johann der juͤnger von gutzkow eben an ſeinem brauttage auch vmbkommen vnd weil er auff mechelnburgiſcher seyten geſtanden hat ſein vater graff johan der elter ſich mit hertzog barnimb muͤſſen auſſoͤhnen vnd demſelbigen auffs newe huldigen vnd ſchweren,in diesem kriege ist graff iohann der iunger uon gutzkow eben an seinem brauttage auch umbkommen und weil er auff mechelnburgischer seyten gestanden hat sein uater graff iohan der elter sich mit hertzog barnimb mussen aussohnen und demselbigen auffs newe huldigen und schweren
micraelius_pommernland03_1639,body,53,0,False,340,Nach erhaltenem Siege/ haben die ſaͤmptliche Hertzogen die Stadt Grimmen wieder erobert/ aber an Bahrt ſie nichtes ſchaffen koͤnnen.,nach erhaltenem siege haben die ſaͤmptliche hertzogen die stadt grimmen wieder erobert aber an bahrt ſie nichtes ſchaffen koͤnnen,nach erhaltenem siege haben die samptliche hertzogen die stadt grimmen wieder erobert aber an bahrt sie nichtes schaffen konnen
micraelius_pommernland03_1639,body,53,1,False,340,Ja es hat kurtz hernach/ der Fuͤrſt von Werlen abermahl einen Einfall in Pommeren gethan/ vnd Grimmen wieder hinweg genommen.,ja es hat kurtz hernach der fuͤrſt von werlen abermahl einen einfall in pommeren gethan vnd grimmen wieder hinweg genommen,ia es hat kurtz hernach der furst uon werlen abermahl einen einfall in pommeren gethan und grimmen wieder hinweg genommen
micraelius_pommernland03_1639,body,53,2,True,340,Derowegen ermannen ſich die Pommern/ gehen mit gantzer Macht im Jahr mcccliv. auff den Feind/ jagen alle Mechelnburger aus Grimmen vnd Bahrt/ vnd nach nothwendiger beſetzung ſolcher oͤrter/ ruͤcken ſie vor Paſewalck/ gewinnen es/ vnd iſt ſolche Stadt hinfort jmmerdar Pommeriſch geblieben.,derowegen ermannen ſich die pommern gehen mit gantzer macht im jahr mcccliv auff den feind jagen alle mechelnburger aus grimmen vnd bahrt vnd nach nothwendiger beſetzung ſolcher oͤrter ruͤcken ſie vor paſewalck gewinnen es vnd iſt ſolche stadt hinfort jmmerdar pommeriſch geblieben,derowegen ermannen sich die pommern gehen mit gantzer macht im iahr mcccliu auff den feind iagen alle mechelnburger aus grimmen und bahrt und nach nothwendiger besetzung solcher orter rucken sie uor pasewalck gewinnen es und ist solche stadt hinfort immerdar pommerisch geblieben
micraelius_pommernland03_1639,body,54,0,False,340,Weiter fuͤhreten ſie Marggraff Ludewig/ der nunmehr mit Kaͤyſer Carl außgeſoͤhnet war/ vnd die Lehn vber die Marck von jhme empfangen hette/ jhre Volck zu/ halffen jhme/ nebenſt Koͤnig Waldemar von Dennemarck/ die Marck wieder erobern/ vnd zum Gehorſamb zubringen/ vnd vereinigeten ſich folgends/ wegen der eingenommenen Staͤdte vnd Schloͤſſer im Vkerlande/ mit jhme/ ſolcher maſſen/ das Hertzog Barnimb New Angermuͤnde/ Schwet/ Bruͤſſow/ Stolpe/ Gelmersdorff/ Grampzow vnd das gantze Land des Orthes in der Vckermarcke mit allen Gerechtigkeiten ewiglich behalten/ dagegen aber Boytzenburg/ Jagow/ Greiffenberg/ Verckenitz/ Newenſund/ vnd etliche Doͤrffer mit allen Gerechtigkeiten abtreten ſolte/ wie dann ſolcher Vertrag im Jahr mccclv. durch Kaͤyſer Carln zu Regensburg iſt beſtetiget worden.,weiter fuͤhreten ſie marggraff ludewig der nunmehr mit kaͤyſer carl außgeſoͤhnet war vnd die lehn vber die marck von jhme empfangen hette jhre volck zu halffen jhme nebenſt koͤnig waldemar von dennemarck die marck wieder erobern vnd zum gehorſamb zubringen vnd vereinigeten ſich folgends wegen der eingenommenen staͤdte vnd schloͤſſer im vkerlande mit jhme ſolcher maſſen das hertzog barnimb new angermuͤnde schwet bruͤſſow stolpe gelmersdorff grampzow vnd das gantze land des orthes in der vckermarcke mit allen gerechtigkeiten ewiglich behalten dagegen aber boytzenburg jagow greiffenberg verckenitz newenſund vnd etliche doͤrffer mit allen gerechtigkeiten abtreten ſolte wie dann ſolcher vertrag im jahr mccclv durch kaͤyſer carln zu regensburg iſt beſtetiget worden,weiter fuhreten sie marggraff ludewig der nunmehr mit kayser carl aussgesohnet war und die lehn uber die marck uon ihme empfangen hette ihre uolck zu halffen ihme nebenst konig waldemar uon dennemarck die marck wieder erobern und zum gehorsamb zubringen und uereinigeten sich folgends wegen der eingenommenen stadte und schlosser im ukerlande mit ihme solcher massen das hertzog barnimb new angermunde schwet brussow stolpe gelmersdorff grampzow und das gantze land des orthes in der uckermarcke mit allen gerechtigkeiten ewiglich behalten dagegen aber boytzenburg iagow greiffenberg uerckenitz newensund und etliche dorffer mit allen gerechtigkeiten abtreten solte wie dann solcher uertrag im iahr mccclu durch kayser carln zu regensburg ist bestetiget worden
micraelius_pommernland03_1639,body,54,1,False,341,"Bald drauff in eben dieſem Jahre hat Hertzog Barnimb der Elter zu Praga/ nach deme Carolus IV. vom gantzen Reich nach Ludovici IV. todte im Kaͤyſerthumb beſtetiget war/ die Lehen vnter des Reichs, Scepter empfangen.",bald drauff in eben dieſem jahre hat hertzog barnimb der elter zu praga nach deme carolus iv vom gantzen reich nach ludovici iv todte im kaͤyſerthumb beſtetiget war die lehen vnter des reichs scepter empfangen,bald drauff in eben diesem iahre hat hertzog barnimb der elter zu praga nach deme carolus iu uom gantzen reich nach ludouici iu todte im kayserthumb bestetiget war die lehen unter des reichs scepter empfangen
micraelius_pommernland03_1639,body,54,2,True,341,Vnd zwey Jahr hernach hat Kaͤyſ. Mayt. zu Nuͤrnberg alle Vereygungen/ Entfrembdungen vnd Theylungen der Pommerſchen Laͤnder/ ſo vom Reich zur Lehen herruͤhren/ gar vnd gaͤntzlich caßieret vnd abgethan/ vnd mit einem Ewigen Geſetze geboten/ ſo in kuͤnfftigen Zeiten ein Hertzog zu Stettin der gemelten Laͤnder rechte Guͤter vnd Zugehoͤrungen entfrembden/ vereignen/ oder theilen wuͤrde/ ohne des Reiches Wiſſen/ Gunſt vnd Vrlaub/ das ſolchs alles vntuͤchtig ſein/ vnd keine Krafft haben ſolle.,vnd zwey jahr hernach hat kaͤyſ mayt zu nuͤrnberg alle vereygungen entfrembdungen vnd theylungen der pommerſchen laͤnder ſo vom reich zur lehen herruͤhren gar vnd gaͤntzlich caßieret vnd abgethan vnd mit einem ewigen geſetze geboten ſo in kuͤnfftigen zeiten ein hertzog zu stettin der gemelten laͤnder rechte guͤter vnd zugehoͤrungen entfrembden vereignen oder theilen wuͤrde ohne des reiches wiſſen gunſt vnd vrlaub das ſolchs alles vntuͤchtig ſein vnd keine krafft haben ſolle,und zwey iahr hernach hat kays mayt zu nurnberg alle uereygungen entfrembdungen und theylungen der pommerschen lander so uom reich zur lehen herruhren gar und gantzlich cassieret und abgethan und mit einem ewigen gesetze geboten so in kunfftigen zeiten ein hertzog zu stettin der gemelten lander rechte guter und zugehorungen entfrembden uereignen oder theilen wurde ohne des reiches wissen gunst und urlaub das solchs alles untuchtig sein und keine krafft haben solle
micraelius_pommernland03_1639,body,55,0,False,341,Jn obgemelten Maͤrckiſchen Kriegen hat der Koͤnig von Dennemarck von den Hertzogen in Pommeren eine anſehenliche Summa Geldes auffgenommen/ vnd jhnen dafuͤr Stavenhert/ Stendel/ Stern/ Fledingen/ vnd Fuͤedingen in Dennemarck zum Vnterpfande eingethan/ welche Oerter auch faſt hundert Jahr bey Pommeren geblieben ſind/ biß ſie Koͤnig Chriſtoff/ gegen Erlegung einer anſehenlichen Summa/ wieder von jhnen gehandelt.,jn obgemelten maͤrckiſchen kriegen hat der koͤnig von dennemarck von den hertzogen in pommeren eine anſehenliche summa geldes auffgenommen vnd jhnen dafuͤr stavenhert stendel stern fledingen vnd fuͤedingen in dennemarck zum vnterpfande eingethan welche oerter auch faſt hundert jahr bey pommeren geblieben ſind biß ſie koͤnig chriſtoff gegen erlegung einer anſehenlichen summa wieder von jhnen gehandelt,in obgemelten marckischen kriegen hat der konig uon dennemarck uon den hertzogen in pommeren eine ansehenliche summa geldes auffgenommen und ihnen dafur stauenhert stendel stern fledingen und fuedingen in dennemarck zum unterpfande eingethan welche oerter auch fast hundert iahr bey pommeren geblieben sind biss sie konig christoff gegen erlegung einer ansehenlichen summa wieder uon ihnen gehandelt
micraelius_pommernland03_1639,body,55,1,False,341,Vnd nach Beylegung ſolches Krieges/ hat gemelter Hertzog wider die Herꝛen von der Werle/ die ſich ſo feindlich biß daher bezeiget hetten/ ſeine Anſprache wegen des Schloſſes vnd Amptes Stavenhagen/ ſo ſein Vater Bruder Bogißlaus der IV. Fuͤrſt Niclaſen von der Werle etlicher Krieges Koſten halben eingethan hette/ erhaben/ vnd gegen Erlegung der Summ/ dafuͤr es außſtand/ ſolch Ampt wieder gefordert.,vnd nach beylegung ſolches krieges hat gemelter hertzog wider die herꝛen von der werle die ſich ſo feindlich biß daher bezeiget hetten ſeine anſprache wegen des schloſſes vnd amptes stavenhagen ſo ſein vater bruder bogißlaus der iv fuͤrſt niclaſen von der werle etlicher krieges koſten halben eingethan hette erhaben vnd gegen erlegung der summ dafuͤr es außſtand ſolch ampt wieder gefordert,und nach beylegung solches krieges hat gemelter hertzog wider die heren uon der werle die sich so feindlich biss daher bezeiget hetten seine ansprache wegen des schlosses und amptes stauenhagen so sein uater bruder bogisslaus der iu furst niclasen uon der werle etlicher krieges kosten halben eingethan hette erhaben und gegen erlegung der summ dafur es aussstand solch ampt wieder gefordert
micraelius_pommernland03_1639,body,55,2,False,342,Damit weren aber der Fuͤrſten von Werlen Jntraden ſehr geſchmaͤlert worden/ vnd derowegen hat Hertzog Allbrecht/ als ein Vnterhaͤndler/ die Sache/ ehe es zur Fehde keme/ auffgegriffen/ vnd es dahin vermittelt/ das die Fuͤrſten von der Werle ſich der Gerechtigkeit/ ſo ſie vermeineten/ am Fuͤrſtenthumb Ruͤgen/ das an daß Hertzogthumb Pommeren/ nach Abgang der Rugianiſchen Fuͤrſten/ verfallen war/ wie wir in der Wolgaſtiſchen Hiſtorij berichten wollen/ zuhaben/ vnd weßwegen ſie newlich Grimmen eingenommen hetten/ gaͤntzlich abſagen/ vnd alſo Stavenhagen von den hertzogen aus Pommeren zur Lehen behalten ſolten/ mit dem auß druͤcklichen bedingen/ ſo der von der Werle oder Wenden Geſchlecht abgienge/ das auff ſolchen fall beregtes Schloß vnd Ampt/ wiederumb an die Stetiniſche Pommeriſche Herꝛſchafft kommen/ vnd fallen ſolte.,damit weren aber der fuͤrſten von werlen jntraden ſehr geſchmaͤlert worden vnd derowegen hat hertzog allbrecht als ein vnterhaͤndler die sache ehe es zur fehde keme auffgegriffen vnd es dahin vermittelt das die fuͤrſten von der werle ſich der gerechtigkeit ſo ſie vermeineten am fuͤrſtenthumb ruͤgen das an daß hertzogthumb pommeren nach abgang der rugianiſchen fuͤrſten verfallen war wie wir in der wolgaſtiſchen hiſtorij berichten wollen zuhaben vnd weßwegen ſie newlich grimmen eingenommen hetten gaͤntzlich abſagen vnd alſo stavenhagen von den hertzogen aus pommeren zur lehen behalten ſolten mit dem auß druͤcklichen bedingen ſo der von der werle oder wenden geſchlecht abgienge das auff ſolchen fall beregtes schloß vnd ampt wiederumb an die stetiniſche pommeriſche herꝛſchafft kommen vnd fallen ſolte,damit weren aber der fursten uon werlen intraden sehr geschmalert worden und derowegen hat hertzog allbrecht als ein unterhandler die sache ehe es zur fehde keme auffgegriffen und es dahin uermittelt das die fursten uon der werle sich der gerechtigkeit so sie uermeineten am furstenthumb rugen das an dass hertzogthumb pommeren nach abgang der rugianischen fursten uerfallen war wie wir in der wolgastischen historii berichten wollen zuhaben und wesswegen sie newlich grimmen eingenommen hetten gantzlich absagen und also stauenhagen uon den hertzogen aus pommeren zur lehen behalten solten mit dem auss drucklichen bedingen so der uon der werle oder wenden geschlecht abgienge das auff solchen fall beregtes schloss und ampt wiederumb an die stetinische pommerische herschafft kommen und fallen solte
micraelius_pommernland03_1639,body,55,3,False,342,Weil auch der Hertzog von Meckelenburg Gerechtigkeit ans Land zu Ruͤgen fuͤrzuwenden hette/ als haben jhme die drey Wolgaſtiſche Herren etliche tauſent Guͤlden zugeſagt/ daß alſo dermahl eins ein durchgehender Friede in Pom̃eren iſt angerichtet worden.,weil auch der hertzog von meckelenburg gerechtigkeit ans land zu ruͤgen fuͤrzuwenden hette als haben jhme die drey wolgaſtiſche herren etliche tauſent guͤlden zugeſagt daß alſo dermahl eins ein durchgehender friede in pom̃eren iſt angerichtet worden,weil auch der hertzog uon meckelenburg gerechtigkeit ans land zu rugen furzuwenden hette als haben ihme die drey wolgastische herren etliche tausent gulden zugesagt dass also dermahl eins ein durchgehender friede in pommeren ist angerichtet worden
micraelius_pommernland03_1639,body,55,4,True,342,Da auch bald hernach im Jahr mccclvij. der letzte Graff von Gutzkow Johan der Elter/ ohne Leibs Erben abgieng/ haben die Hertzogen als Lehenherren ſolche Graffſchafft/ die auff ſie gefallen war/ eingenommen/ vud vnter ſich getheilet/ vnd von Kaͤyſer Carlen daruͤber beſtaͤtigung erholet.,da auch bald hernach im jahr mccclvij der letzte graff von gutzkow johan der elter ohne leibs erben abgieng haben die hertzogen als lehenherren ſolche graffſchafft die auff ſie gefallen war eingenommen vud vnter ſich getheilet vnd von kaͤyſer carlen daruͤber beſtaͤtigung erholet,da auch bald hernach im iahr mcccluii der letzte graff uon gutzkow iohan der elter ohne leibs erben abgieng haben die hertzogen als lehenherren solche graffschafft die auff sie gefallen war eingenommen uud unter sich getheilet und uon kayser carlen daruber bestatigung erholet
micraelius_pommernland03_1639,body,56,0,False,343,Jmgleichen haben ſie etliche fuͤrnehme Geſchlechter/ derer ſie ſich inſonderheit in Ehren vnd Noͤthen zugebrauchen hetten/ auff einwilligung Kaͤyſ. Mayt. mit etlichen Erbaͤmptern begnadet/ vnd alſo das Erb Marſchalck Ampt im Lande zu Stettin/ den Molzanen; Jm Lande zu Pommeren den Flemingen; Jm Fuͤrſtenthumb Ruͤgen vnnd Bahrt den Bugenhagen; Das Erb Caͤmmerer Ampt den von Eickſtedten; Das Erbſchaͤncken Ampt den Wuſſowen; dz Erbkuchen Meiſter Ampt den von Schwerin auffgetragen/ vnd ſie vnd jhre Erben damit verehret.,jmgleichen haben ſie etliche fuͤrnehme geſchlechter derer ſie ſich inſonderheit in ehren vnd noͤthen zugebrauchen hetten auff einwilligung kaͤyſ mayt mit etlichen erbaͤmptern begnadet vnd alſo das erb marſchalck ampt im lande zu stettin den molzanen jm lande zu pommeren den flemingen jm fuͤrſtenthumb ruͤgen vnnd bahrt den bugenhagen das erb caͤmmerer ampt den von eickſtedten das erbſchaͤncken ampt den wuſſowen dz erbkuchen meiſter ampt den von schwerin auffgetragen vnd ſie vnd jhre erben damit verehret,imgleichen haben sie etliche furnehme geschlechter derer sie sich insonderheit in ehren und nothen zugebrauchen hetten auff einwilligung kays mayt mit etlichen erbamptern begnadet und also das erb marschalck ampt im lande zu stettin den molzanen im lande zu pommeren den flemingen im furstenthumb rugen unnd bahrt den bugenhagen das erb cammerer ampt den uon eickstedten das erbschancken ampt den wussowen dz erbkuchen meister ampt den uon schwerin auffgetragen und sie und ihre erben damit uerehret
micraelius_pommernland03_1639,body,56,1,False,343,So iſt nun zu dieſer Zeit das Land in ſonderem Flor vnd Anſehen geweſen/ theils/ weil das Fuͤrſtenthumb Ruͤgen vnd die Graffſchafft Gutzkow dazu kam/ theils wegen des anſehenligen Adels/ der ſich im Lande befand.,so iſt nun zu dieſer zeit das land in ſonderem flor vnd anſehen geweſen theils weil das fuͤrſtenthumb ruͤgen vnd die graffſchafft gutzkow dazu kam theils wegen des anſehenligen adels der ſich im lande befand,so ist nun zu dieser zeit das land in sonderem flor und ansehen gewesen theils weil das furstenthumb rugen und die graffschafft gutzkow dazu kam theils wegen des ansehenligen adels der sich im lande befand
micraelius_pommernland03_1639,body,56,2,False,343,Vnd zwar vnter ſolchen Adelichen Geſchlechtern waren inſonderheit im Stetiniſchen Gebiete/ die Borcken/ die Wedele/ die Devitzen/ die Fleminge/ die Oſten/ die Mañteufele ſehr anſehenlich/ welche auch noch heutiges Tages Schloßgeſeſſen ſein/ vnd jhre Lehen abſonderlich fuͤr dem andern Andel empfangen/ vnd jhre Affterlehenleute/ alle Adeliches Geſchlechtes/ vnter ſich haben/ die jhnen in Hochzeiten vnd Begraͤbnuſſen vnd anderen Außrichtungen muͤſſen auffwertig ſeyn.,vnd zwar vnter ſolchen adelichen geſchlechtern waren inſonderheit im stetiniſchen gebiete die borcken die wedele die devitzen die fleminge die oſten die mañteufele ſehr anſehenlich welche auch noch heutiges tages schloßgeſeſſen ſein vnd jhre lehen abſonderlich fuͤr dem andern andel empfangen vnd jhre affterlehenleute alle adeliches geſchlechtes vnter ſich haben die jhnen in hochzeiten vnd begraͤbnuſſen vnd anderen außrichtungen muͤſſen auffwertig ſeyn,und zwar unter solchen adelichen geschlechtern waren insonderheit im stetinischen gebiete die borcken die wedele die deuitzen die fleminge die osten die mannteufele sehr ansehenlich welche auch noch heutiges tages schlossgesessen sein und ihre lehen absonderlich fur dem andern andel empfangen und ihre affterlehenleute alle adeliches geschlechtes unter sich haben die ihnen in hochzeiten und begrabnussen und anderen aussrichtungen mussen auffwertig seyn
micraelius_pommernland03_1639,body,56,3,False,343,Darauß dann faſt erſcheinen wil/ das ſie Einheimiſche/ vnd nicht von der Frembde einkommende Geſchlechter ſein/ ſondern zu dem Alten freyen Edlen Teutſchen Gebluͤte muͤſſen gerechnet werden/ daß vor dieſem im Lande iſt maͤchtig vnd anſehenlich geweſen/ vnd als die hoͤheſte Gewalt endlich auff des Svantibori Vorfahren/ ſo auch zu einem von den vornembſten Geſchlechtern gehoͤret haben/ gebracht ward/ nichtes deſto weniger daß alte Anſehen behalten hat.,darauß dann faſt erſcheinen wil das ſie einheimiſche vnd nicht von der frembde einkommende geſchlechter ſein ſondern zu dem alten freyen edlen teutſchen gebluͤte muͤſſen gerechnet werden daß vor dieſem im lande iſt maͤchtig vnd anſehenlich geweſen vnd als die hoͤheſte gewalt endlich auff des svantibori vorfahren ſo auch zu einem von den vornembſten geſchlechtern gehoͤret haben gebracht ward nichtes deſto weniger daß alte anſehen behalten hat,darauss dann fast erscheinen wil das sie einheimische und nicht uon der frembde einkommende geschlechter sein sondern zu dem alten freyen edlen teutschen geblute mussen gerechnet werden dass uor diesem im lande ist machtig und ansehenlich gewesen und als die hoheste gewalt endlich auff des suantibori uorfahren so auch zu einem uon den uornembsten geschlechtern gehoret haben gebracht ward nichtes desto weniger dass alte ansehen behalten hat
micraelius_pommernland03_1639,body,56,4,False,344,Dannenher auch ein Theil vnter jhnen/ vnd inſonderheit die Borcken/ die annoch zehen Adeliche Geſchlechter zu Affterlehenleuten vnter ſich haben/ vor dieſem ſolche Befreyungen gehabt/ daß ſie vermoͤge derſelben zu keiner Eydesleiſtung in Empfahung der Lehen gegen der Herꝛſchafft ſind verbunden geweſen/ welche alte Befreyunge ſie doch endlich haben geſchwinden laſſen.,dannenher auch ein theil vnter jhnen vnd inſonderheit die borcken die annoch zehen adeliche geſchlechter zu affterlehenleuten vnter ſich haben vor dieſem ſolche befreyungen gehabt daß ſie vermoͤge derſelben zu keiner eydesleiſtung in empfahung der lehen gegen der herꝛſchafft ſind verbunden geweſen welche alte befreyunge ſie doch endlich haben geſchwinden laſſen,dannenher auch ein theil unter ihnen und insonderheit die borcken die annoch zehen adeliche geschlechter zu affterlehenleuten unter sich haben uor diesem solche befreyungen gehabt dass sie uermoge derselben zu keiner eydesleistung in empfahung der lehen gegen der herschafft sind uerbunden gewesen welche alte befreyunge sie doch endlich haben geschwinden lassen
micraelius_pommernland03_1639,body,56,5,False,344,Vnter gemelten Geſchlechtern haben ſich die Dewitzen zeitig herfuͤr gethan/ vnd iſt ſchon vmbs Jahr Chriſti mccxlviij. vnd alſo faſt fuͤr viertehalb hundert Jahr Bogißlaff von Dewitz beruͤmpt geweſen/ welcher/ da jhn Witzlaff der Fuͤrſt aus Ruͤgen wider die Marggraffen von Brandenburg mit etlichem Volck voraus ſandte/ in einem Treffen Ritterlich geblieben iſt.,vnter gemelten geſchlechtern haben ſich die dewitzen zeitig herfuͤr gethan vnd iſt ſchon vmbs jahr chriſti mccxlviij vnd alſo faſt fuͤr viertehalb hundert jahr bogißlaff von dewitz beruͤmpt geweſen welcher da jhn witzlaff der fuͤrſt aus ruͤgen wider die marggraffen von brandenburg mit etlichem volck voraus ſandte in einem treffen ritterlich geblieben iſt,unter gemelten geschlechtern haben sich die dewitzen zeitig herfur gethan und ist schon umbs iahr christi mccxluiii und also fast fur uiertehalb hundert iahr bogisslaff uon dewitz berumpt gewesen welcher da ihn witzlaff der furst aus rugen wider die marggraffen uon brandenburg mit etlichem uolck uoraus sandte in einem treffen ritterlich geblieben ist
micraelius_pommernland03_1639,body,56,6,False,344,Etliche Zeit hernach hat Kaͤyſer Carl Vlrich von Dewitzen zum Graͤflichen Stande erhaben/ vnd jhm den Titul eines Grafen von Schencken/ vnd das Ampt Fuͤrſtenberg vnd Streliz in Mechelenburg/ gegeben.,etliche zeit hernach hat kaͤyſer carl vlrich von dewitzen zum graͤflichen stande erhaben vnd jhm den titul eines grafen von schencken vnd das ampt fuͤrſtenberg vnd streliz in mechelenburg gegeben,etliche zeit hernach hat kayser carl ulrich uon dewitzen zum graflichen stande erhaben und ihm den titul eines grafen uon schencken und das ampt furstenberg und streliz in mechelenburg gegeben
micraelius_pommernland03_1639,body,56,7,False,344,Dannenher ſie auch Graffen von Fuͤrſtenberg genennet ſeyn.,dannenher ſie auch graffen von fuͤrſtenberg genennet ſeyn,dannenher sie auch graffen uon furstenberg genennet seyn
micraelius_pommernland03_1639,body,56,8,True,344,Solchen Titul aber haben die von Dewitzen wider fallen laſſen/ theils weil Fuͤrſtenberg mit der zeit in Kriegen wieder Mechelenburg verlohren worden/ davor jhnen doch von den Fuͤrſten die Herꝛſchafft Daber iſt eingereumet worden/ theils weil ſich jhre Stamm in viele Zweige zertheilet hat/ daraus nichts deſto weniger ſehr vornehme/ vnd dem Vaterlande ſehr nuͤtzliche Maͤnner entſproſſen ſind.,solchen titul aber haben die von dewitzen wider fallen laſſen theils weil fuͤrſtenberg mit der zeit in kriegen wieder mechelenburg verlohren worden davor jhnen doch von den fuͤrſten die herꝛſchafft daber iſt eingereumet worden theils weil ſich jhre stamm in viele zweige zertheilet hat daraus nichts deſto weniger ſehr vornehme vnd dem vaterlande ſehr nuͤtzliche maͤnner entſproſſen ſind,solchen titul aber haben die uon dewitzen wider fallen lassen theils weil furstenberg mit der zeit in kriegen wieder mechelenburg uerlohren worden dauor ihnen doch uon den fursten die herschafft daber ist eingereumet worden theils weil sich ihre stamm in uiele zweige zertheilet hat daraus nichts desto weniger sehr uornehme und dem uaterlande sehr nutzliche manner entsprossen sind
micraelius_pommernland03_1639,body,57,0,False,345,Alſo koͤnnen die von Wedel noch heutiges Tages Briefe/ auff Pergament geſchrieben/ auffweiſen/ darin von Carolo IV. dem Kaͤyſer/ vnd deſſen Sohne Wenceßlao/ Koͤnige in Boͤhmen vnd Marggraffen zu Brandenburg/ jhnen/ als die in geſambter Hand/ vnd alſo einer Ankunfft vnd Vrſprung geweſen ſein/ viele ſtattliche anſehenliche Oerter/ die ſie daßmahl erblich innen gehabt/ vnd theils noch einhaben/ im Jahr mcccxxviij. verlehnet haben: Als nahmentlich Falckenburg/ Schivelbein/ Newen Wedel/ Calliß/ Reez/ Norenberg/ Hochzit/ Luͤtken Mellen/ Newen Bernow/ Cuͤſtrin mit Hoff/ Stad vnd Land nebenſt etlichen Doͤrffern vnd fuͤnff tauſent Hufen/ Feld/ vnd Heyden.,alſo koͤnnen die von wedel noch heutiges tages briefe auff pergament geſchrieben auffweiſen darin von carolo iv dem kaͤyſer vnd deſſen sohne wenceßlao koͤnige in boͤhmen vnd marggraffen zu brandenburg jhnen als die in geſambter hand vnd alſo einer ankunfft vnd vrſprung geweſen ſein viele ſtattliche anſehenliche oerter die ſie daßmahl erblich innen gehabt vnd theils noch einhaben im jahr mcccxxviij verlehnet haben als nahmentlich falckenburg schivelbein newen wedel calliß reez norenberg hochzit luͤtken mellen newen bernow cuͤſtrin mit hoff stad vnd land nebenſt etlichen doͤrffern vnd fuͤnff tauſent hufen feld vnd heyden,also konnen die uon wedel noch heutiges tages briefe auff pergament geschrieben auffweisen darin uon carolo iu dem kayser und dessen sohne wencesslao konige in bohmen und marggraffen zu brandenburg ihnen als die in gesambter hand und also einer ankunfft und ursprung gewesen sein uiele stattliche ansehenliche oerter die sie dassmahl erblich innen gehabt und theils noch einhaben im iahr mcccxxuiii uerlehnet haben als nahmentlich falckenburg schiuelbein newen wedel calliss reez norenberg hochzit lutken mellen newen bernow custrin mit hoff stad und land nebenst etlichen dorffern und funff tausent hufen feld und heyden
micraelius_pommernland03_1639,body,57,1,False,345,Alſo muͤſſen warlich daßmahl die von Wedel/ inſonderheit wenn man die Staͤdte/ Schloͤſſer vnd Doͤrffer/ ſo ſie in Pommeren vnd Polen annoch beſitzen/ darzu rechnen wolte/ ein weitbegriffenes Land vnter ſich gehabt haben.,alſo muͤſſen warlich daßmahl die von wedel inſonderheit wenn man die staͤdte schloͤſſer vnd doͤrffer ſo ſie in pommeren vnd polen annoch beſitzen darzu rechnen wolte ein weitbegriffenes land vnter ſich gehabt haben,also mussen warlich dassmahl die uon wedel insonderheit wenn man die stadte schlosser und dorffer so sie in pommeren und polen annoch besitzen darzu rechnen wolte ein weitbegriffenes land unter sich gehabt haben
micraelius_pommernland03_1639,body,57,2,False,345,Weßwegen ſie dann auch in ein groß Anſehen gerathen ſein/ alſo das auch Ludewig der Roͤmer/ Marggraff von Brandenburg/ Ritter Haſſen von Wedel von Falckenburg zum Obriſten Hofemeiſter in der gantzen Marck vber die Elbe/ wie der Brieff/ ſo auch noch verhanden iſt/ lautet/ vber Oder/ zwiſchen Habel vnd Oder/ in der Prigniz/ in der Vkere/ vnd im Land zu Luſiz/ das iſt Lauſenitz/ beſtellet hat/ alſo das er Niemand ſolte vber ſich haben/ als den Marggraffen alleine.,weßwegen ſie dann auch in ein groß anſehen gerathen ſein alſo das auch ludewig der roͤmer marggraff von brandenburg ritter haſſen von wedel von falckenburg zum obriſten hofemeiſter in der gantzen marck vber die elbe wie der brieff ſo auch noch verhanden iſt lautet vber oder zwiſchen habel vnd oder in der prigniz in der vkere vnd im land zu luſiz das iſt lauſenitz beſtellet hat alſo das er niemand ſolte vber ſich haben als den marggraffen alleine,wesswegen sie dann auch in ein gross ansehen gerathen sein also das auch ludewig der romer marggraff uon brandenburg ritter hassen uon wedel uon falckenburg zum obristen hofemeister in der gantzen marck uber die elbe wie der brieff so auch noch uerhanden ist lautet uber oder zwischen habel und oder in der prigniz in der ukere und im land zu lusiz das ist lausenitz bestellet hat also das er niemand solte uber sich haben als den marggraffen alleine
micraelius_pommernland03_1639,body,57,3,False,346,Aber weil ſie zweyen Herren wegen vnterſchiedlicher Lehensguͤter dienen muͤſten/ die offtermahlen in die Haare geriethen/ als hat der/ deme ſie abgeſtanden/ ſie weydlich gezwacket/ vnd jhnen bald dieſes/ bald jenes abgenommen.,aber weil ſie zweyen herren wegen vnterſchiedlicher lehensguͤter dienen muͤſten die offtermahlen in die haare geriethen als hat der deme ſie abgeſtanden ſie weydlich gezwacket vnd jhnen bald dieſes bald jenes abgenommen,aber weil sie zweyen herren wegen unterschiedlicher lehensguter dienen musten die offtermahlen in die haare geriethen als hat der deme sie abgestanden sie weydlich gezwacket und ihnen bald dieses bald ienes abgenommen
micraelius_pommernland03_1639,body,57,4,False,346,Alſo leſen wir/ das da Hertzog Barnimb III. die Schlacht am Cremmer Tham̃ wieder Ludewig den Beyern erhielt/ Er den Wedeln/ die ſich mehr auff die Maͤrkiſche als Pommeriſche Seyte gelencket/ jhre Hauß Krempzow/ eingezogen habe.,alſo leſen wir das da hertzog barnimb iii die schlacht am cremmer tham̃ wieder ludewig den beyern erhielt er den wedeln die ſich mehr auff die maͤrkiſche als pommeriſche seyte gelencket jhre hauß krempzow eingezogen habe,also lesen wir das da hertzog barnimb iii die schlacht am cremmer thamm wieder ludewig den beyern erhielt er den wedeln die sich mehr auff die markische als pommerische seyte gelencket ihre hauss krempzow eingezogen habe
micraelius_pommernland03_1639,body,57,5,False,346,Welches er jhnen doch hernach auff geſchehene Vorbitte etlicher Fuͤrſten wiederumb eingeantwortet/ vnd ſie nach geleiſteter newen Lehnspflicht zu Gnaden auffgenommen.,welches er jhnen doch hernach auff geſchehene vorbitte etlicher fuͤrſten wiederumb eingeantwortet vnd ſie nach geleiſteter newen lehnspflicht zu gnaden auffgenommen,welches er ihnen doch hernach auff geschehene uorbitte etlicher fursten wiederumb eingeantwortet und sie nach geleisteter newen lehnspflicht zu gnaden auffgenommen
micraelius_pommernland03_1639,body,57,6,True,346,Es ſollen auch die vhralte Vertragsbriefe/ ſo zwiſchen den Preuſſen vnd Pommerſchen Herren auffgerichtet ſein/ die Wedele fuͤr anderen Geſchlechten/ als Mit Jntereſſenten gedencken/ vnd zu Latein das Wort Turba Wedelorum etwa von jhrer Menge oder groſſem Anhange ſetzen.,es ſollen auch die vhralte vertragsbriefe ſo zwiſchen den preuſſen vnd pommerſchen herren auffgerichtet ſein die wedele fuͤr anderen geſchlechten als mit jntereſſenten gedencken vnd zu latein das wort turba wedelorum etwa von jhrer menge oder groſſem anhange ſetzen,es sollen auch die uhralte uertragsbriefe so zwischen den preussen und pommerschen herren auffgerichtet sein die wedele fur anderen geschlechten als mit interessenten gedencken und zu latein das wort turba wedelorum etwa uon ihrer menge oder grossem anhange setzen
micraelius_pommernland03_1639,body,58,0,False,346,Aber von den Pommerſchen Adelichen Geſchlechtern viele allhie zureden/ will ſich nicht woll ſchicken.,aber von den pommerſchen adelichen geſchlechtern viele allhie zureden will ſich nicht woll ſchicken,aber uon den pommerschen adelichen geschlechtern uiele allhie zureden will sich nicht woll schicken
micraelius_pommernland03_1639,body,58,1,True,346,Drumb wollen wir das Regiſter derſelben biß zu Ende dieſer Buͤcher ſparen/ vnd der Fuͤrſten vnd des Landes Hiſtorij vollenfuͤhren/ doch zuerſt/ weil auch die Graffen von Eberſtein in Pommeren in ein groß Anſehen gerathen ſein/ von derſelben Ankunfft in dieß Land ein wenig hieherſetzen.,drumb wollen wir das regiſter derſelben biß zu ende dieſer buͤcher ſparen vnd der fuͤrſten vnd des landes hiſtorij vollenfuͤhren doch zuerſt weil auch die graffen von eberſtein in pommeren in ein groß anſehen gerathen ſein von derſelben ankunfft in dieß land ein wenig hieherſetzen,drumb wollen wir das register derselben biss zu ende dieser bucher sparen und der fursten und des landes historii uollenfuhren doch zuerst weil auch die graffen uon eberstein in pommeren in ein gross ansehen gerathen sein uon derselben ankunfft in diess land ein wenig hiehersetzen
micraelius_pommernland03_1639,body,59,0,False,346,Als Albrecht Hertzog von Braunſchweig die von Aſchenburg wegen jhrer Vppigkeit vnd Vngehorſamb verjaget/ vnd jhnen kaum das Staͤdtlein Brackel gelaſſen hette/ verdroß ſolches Graff Dieterichen von Eberſtein.,als albrecht hertzog von braunſchweig die von aſchenburg wegen jhrer vppigkeit vnd vngehorſamb verjaget vnd jhnen kaum das staͤdtlein brackel gelaſſen hette verdroß ſolches graff dieterichen von eberſtein,als albrecht hertzog uon braunschweig die uon aschenburg wegen ihrer uppigkeit und ungehorsamb ueriaget und ihnen kaum das stadtlein brackel gelassen hette uerdross solches graff dieterichen uon eberstein
micraelius_pommernland03_1639,body,59,1,False,347,Derſelbe brachte den Ertzbiſchoff von Meynz auff/ vñ fiel mit jme dem Hertzogen ins Gottingiſche Land.,derſelbe brachte den ertzbiſchoff von meynz auff vñ fiel mit jme dem hertzogen ins gottingiſche land,derselbe brachte den ertzbischoff uon meynz auff und fiel mit ime dem hertzogen ins gottingische land
micraelius_pommernland03_1639,body,59,2,False,347,Ward aber daruͤber gefangen/ vñ weil er wieder ſeinen Herren das Schwerd ergriffen/ ſchmaͤlig getoͤdtet.,ward aber daruͤber gefangen vñ weil er wieder ſeinen herren das schwerd ergriffen ſchmaͤlig getoͤdtet,ward aber daruber gefangen und weil er wieder seinen herren das schwerd ergriffen schmalig getodtet
micraelius_pommernland03_1639,body,59,3,False,347,Seine Gemaͤhlin/ die er mit vielen Kindern nachließ/ war eine Schweſter Hermanni/ des acht vnd dreiſſig Jaͤhrigen Biſchoffes von Cammin/ eine geborne Graͤfin von Gleichen/ vnd weil ſie bey jhres Herren Bruder/ Graff Otten von Eberſtein/ wenig Troſtes zu gewarten hette/ ſandte ſie jhrem Bruder Hermanno dem Biſchoffe jhre vier Junge Soͤhne zu. Derſelbe verehrete Ottoni dem Eltiſten vnter jhnen die Herꝛſchafft Newgarten in Pommeren/ vnd machete die anderen drey Bruͤder als Wißlaff/ Moritz vnd Bernhard zu Thumbherren zu Cammin etwa vmbs Jahr Chriſti mcclxiij. Ob nun wol gedachte Graffen alſo in Pommeren einen Sitz ergriffen/ ſo behielten ſie gleichwol die geſambte Hand an der Graffſchafft Eberſtein im Braunſchweiger Lande.,seine gemaͤhlin die er mit vielen kindern nachließ war eine schweſter hermanni des acht vnd dreiſſig jaͤhrigen biſchoffes von cammin eine geborne graͤfin von gleichen vnd weil ſie bey jhres herren bruder graff otten von eberſtein wenig troſtes zu gewarten hette ſandte ſie jhrem bruder hermanno dem biſchoffe jhre vier junge soͤhne zu derſelbe verehrete ottoni dem eltiſten vnter jhnen die herꝛſchafft newgarten in pommeren vnd machete die anderen drey bruͤder als wißlaff moritz vnd bernhard zu thumbherren zu cammin etwa vmbs jahr chriſti mcclxiij ob nun wol gedachte graffen alſo in pommeren einen sitz ergriffen ſo behielten ſie gleichwol die geſambte hand an der graffſchafft eberſtein im braunſchweiger lande,seine gemahlin die er mit uielen kindern nachliess war eine schwester hermanni des acht und dreissig iahrigen bischoffes uon cammin eine geborne grafin uon gleichen und weil sie bey ihres herren bruder graff otten uon eberstein wenig trostes zu gewarten hette sandte sie ihrem bruder hermanno dem bischoffe ihre uier iunge sohne zu derselbe uerehrete ottoni dem eltisten unter ihnen die herschafft newgarten in pommeren und machete die anderen drey bruder als wisslaff moritz und bernhard zu thumbherren zu cammin etwa umbs iahr christi mcclxiii ob nun wol gedachte graffen also in pommeren einen sitz ergriffen so behielten sie gleichwol die gesambte hand an der graffschafft eberstein im braunschweiger lande
micraelius_pommernland03_1639,body,59,4,False,347,Aber hernach iſt ſolche Graffſchafft in frembde Haͤnde gerathen.,aber hernach iſt ſolche graffſchafft in frembde haͤnde gerathen,aber hernach ist solche graffschafft in frembde hande gerathen
micraelius_pommernland03_1639,body,59,5,False,347,Dann als im Jahr mcccxxij. Ernſt von Grubenhagen/ Graff Heinrichs von Eberſtein Tochter heurathete/ hat er mit derſelben ein ſtuͤcke von der Graffſchafft mit bekommen.,dann als im jahr mcccxxij ernſt von grubenhagen graff heinrichs von eberſtein tochter heurathete hat er mit derſelben ein ſtuͤcke von der graffſchafft mit bekommen,dann als im iahr mcccxxii ernst uon grubenhagen graff heinrichs uon eberstein tochter heurathete hat er mit derselben ein stucke uon der graffschafft mit bekommen
micraelius_pommernland03_1639,body,59,6,False,347,Das vbrige Theil iſt lxxviij. Jahr hernach an die Hertzogen von Braunſchweig gekommen/ vnd das zwar daher.,das vbrige theil iſt lxxviij jahr hernach an die hertzogen von braunſchweig gekommen vnd das zwar daher,das ubrige theil ist lxxuiii iahr hernach an die hertzogen uon braunschweig gekommen und das zwar daher
micraelius_pommernland03_1639,body,59,7,False,347,Der letzte Graff von Eberſtein/ aus Graff Otten Dieterich Bruders Linie/ hatte einen Graffen von Homburg erſchlagen.,der letzte graff von eberſtein aus graff otten dieterich bruders linie hatte einen graffen von homburg erſchlagen,der letzte graff uon eberstein aus graff otten dieterich bruders linie hatte einen graffen uon homburg erschlagen
micraelius_pommernland03_1639,body,59,8,False,348,Drumb zog Hertzog Bernhard die Graffſchafft Eberſtein ein/ vnd wolte ſie dem Grafen nicht ehe wieder einantworten/ biß er ſeine Tochter Eliſabeth ſeinem Sohne Otten zur Ehe gab/ mit dem Außgeluͤbde/ das weil er keine Mannliche Leibes Erben hette/ gemelter Otto die Graffſchafft erben ſolte.,drumb zog hertzog bernhard die graffſchafft eberſtein ein vnd wolte ſie dem grafen nicht ehe wieder einantworten biß er ſeine tochter eliſabeth ſeinem sohne otten zur ehe gab mit dem außgeluͤbde das weil er keine mannliche leibes erben hette gemelter otto die graffſchafft erben ſolte,drumb zog hertzog bernhard die graffschafft eberstein ein und wolte sie dem grafen nicht ehe wieder einantworten biss er seine tochter elisabeth seinem sohne otten zur ehe gab mit dem aussgelubde das weil er keine mannliche leibes erben hette gemelter otto die graffschafft erben solte
micraelius_pommernland03_1639,body,59,9,False,348,Vnd alſo ſind vnſere Grafen von Newgarten/ die von Dieterichs Linij entſproſſen ſind/ außgeſchloſſen.,vnd alſo ſind vnſere grafen von newgarten die von dieterichs linij entſproſſen ſind außgeſchloſſen,und also sind unsere grafen uon newgarten die uon dieterichs linii entsprossen sind aussgeschlossen
micraelius_pommernland03_1639,body,59,10,True,348,Aber gnug hievon.,aber gnug hievon,aber gnug hieuon
micraelius_pommernland03_1639,body,60,0,False,348,Wir muͤſſen wieder zu vnſerer Settiniſchen Hertzogen Hiſtorij ſchreiten.,wir muͤſſen wieder zu vnſerer settiniſchen hertzogen hiſtorij ſchreiten,wir mussen wieder zu unserer settinischen hertzogen historii schreiten
micraelius_pommernland03_1639,body,60,1,False,348,Es iſt wol zu mercken/ das viele Jahr/ da beſagter maſſen Hertzog Barnimb III. die Regierung loͤblich vnd maͤnlich fuͤhrete/ ſein Vater Otto I. noch im Leben geweſen/ vnd meiſtentheils im Cloſter Colbatz/ ſein Alter/ das ſich biß ins lxvij. Jahr erſtreckete/ mit ſingen vnd beten zugebracht/ vnd ſeinem Sohn die Verwaltung des Landes gantz heimgeſtellet hat.,es iſt wol zu mercken das viele jahr da beſagter maſſen hertzog barnimb iii die regierung loͤblich vnd maͤnlich fuͤhrete ſein vater otto i noch im leben geweſen vnd meiſtentheils im cloſter colbatz ſein alter das ſich biß ins lxvij jahr erſtreckete mit ſingen vnd beten zugebracht vnd ſeinem sohn die verwaltung des landes gantz heimgeſtellet hat,es ist wol zu mercken das uiele iahr da besagter massen hertzog barnimb iii die regierung loblich und manlich fuhrete sein uater otto i noch im leben gewesen und meistentheils im closter colbatz sein alter das sich biss ins lxuii iahr erstreckete mit singen und beten zugebracht und seinem sohn die uerwaltung des landes gantz heimgestellet hat
micraelius_pommernland03_1639,body,60,2,False,348,Jſt endlich im Jahr mcccxlv. geſtorben/ vnd zu Collbatz begraben.,jſt endlich im jahr mcccxlv geſtorben vnd zu collbatz begraben,ist endlich im iahr mcccxlu gestorben und zu collbatz begraben
micraelius_pommernland03_1639,body,60,3,False,348,Sein Sohn Hertzog Barnimb III. hat nach jhme noch xxiij. Jahr gelebet/ vnd regieret/ vnd zwar im Jahr mccclix. auffs newe mit Marggraff Ludewig/ dem Roͤmer/ zu thuen bekommen/ welcher ſich fuͤr Paſewalck gelagert hette/ des fuͤrſatzes/ nichts von dem Vkerlande bey Pommeren zu laſſen.,sein sohn hertzog barnimb iii hat nach jhme noch xxiij jahr gelebet vnd regieret vnd zwar im jahr mccclix auffs newe mit marggraff ludewig dem roͤmer zu thuen bekommen welcher ſich fuͤr paſewalck gelagert hette des fuͤrſatzes nichts von dem vkerlande bey pommeren zu laſſen,sein sohn hertzog barnimb iii hat nach ihme noch xxiii iahr gelebet und regieret und zwar im iahr mccclix auffs newe mit marggraff ludewig dem romer zu thuen bekommen welcher sich fur pasewalck gelagert hette des fursatzes nichts uon dem ukerlande bey pommeren zu lassen
micraelius_pommernland03_1639,body,60,4,False,348,Aber der Hertzog hat mit Graff Otten von Eberſtein/ vnd Graff Vlrichen von Fuͤrſtenberg/ mit macht ſie von dannen gehoben/ vnd iſt abermahl der Handel auffgegriffen/ vnd durch Hertzog Albrecht von Mechelenburg beygeleget worden/ das Paſewalck nebenſt Alt vnd New Torgelow ewiglich den Hertzogen aus Pommeren verbleiben ſolte/ biß jhnen xiij Tauſent Marck loͤthiges Silbers erleget wuͤrden.,aber der hertzog hat mit graff otten von eberſtein vnd graff vlrichen von fuͤrſtenberg mit macht ſie von dannen gehoben vnd iſt abermahl der handel auffgegriffen vnd durch hertzog albrecht von mechelenburg beygeleget worden das paſewalck nebenſt alt vnd new torgelow ewiglich den hertzogen aus pommeren verbleiben ſolte biß jhnen xiij tauſent marck loͤthiges silbers erleget wuͤrden,aber der hertzog hat mit graff otten uon eberstein und graff ulrichen uon furstenberg mit macht sie uon dannen gehoben und ist abermahl der handel auffgegriffen und durch hertzog albrecht uon mechelenburg beygeleget worden das pasewalck nebenst alt und new torgelow ewiglich den hertzogen aus pommeren uerbleiben solte biss ihnen xiii tausent marck lothiges silbers erleget wurden
micraelius_pommernland03_1639,body,60,5,False,349,Drauff iſt zimlicher Friede geweſen/ außgenommen/ das kurtz vor Hertzog Barnimbs Ende ein Zwiſt zwiſchen jhme vnd dem Biſchoff von Cammin Johanne/ wie auch den Stargardiſchen/ wegen der Graͤntze fuͤr gefallen/ welcher doch durch den Grafen von Eberſtein alsfort iſt beygeleget worden.,drauff iſt zimlicher friede geweſen außgenommen das kurtz vor hertzog barnimbs ende ein zwiſt zwiſchen jhme vnd dem biſchoff von cammin johanne wie auch den stargardiſchen wegen der graͤntze fuͤr gefallen welcher doch durch den grafen von eberſtein alsfort iſt beygeleget worden,drauff ist zimlicher friede gewesen aussgenommen das kurtz uor hertzog barnimbs ende ein zwist zwischen ihme und dem bischoff uon cammin iohanne wie auch den stargardischen wegen der grantze fur gefallen welcher doch durch den grafen uon eberstein alsfort ist beygeleget worden
micraelius_pommernland03_1639,body,60,6,False,349,Drauff ſind etliche nothwendige Verfaſſungen wieder die Straſſen Raͤuber/ ſo ſich in groſſer Menge funden/ gefaſſet worden.,drauff ſind etliche nothwendige verfaſſungen wieder die straſſen raͤuber ſo ſich in groſſer menge funden gefaſſet worden,drauff sind etliche nothwendige uerfassungen wieder die strassen rauber so sich in grosser menge funden gefasset worden
micraelius_pommernland03_1639,body,60,7,False,349,Vnnd iſt endlich Hertzog Barnimb/ als er die Carthaus fuͤr Alten Stettin/ da jetzund die Aderburg iſt/ oder vielmehr geweſen iſt/ geſtifftet/ vnd mit Muͤnchen von Marien Ehr beſetzet/ vnd ſie zur Gottes Gnade genennet/ im Jahr mccclxviij. verſtorben/ vnd hat mit ſeinen Helden Thaten den Nahmen bey den Nachkommen erlanget das man jhn Barnimb den Groſſen heiſſet.,vnnd iſt endlich hertzog barnimb als er die carthaus fuͤr alten stettin da jetzund die aderburg iſt oder vielmehr geweſen iſt geſtifftet vnd mit muͤnchen von marien ehr beſetzet vnd ſie zur gottes gnade genennet im jahr mccclxviij verſtorben vnd hat mit ſeinen helden thaten den nahmen bey den nachkommen erlanget das man jhn barnimb den groſſen heiſſet,unnd ist endlich hertzog barnimb als er die carthaus fur alten stettin da ietzund die aderburg ist oder uielmehr gewesen ist gestifftet und mit munchen uon marien ehr besetzet und sie zur gottes gnade genennet im iahr mccclxuiii uerstorben und hat mit seinen helden thaten den nahmen bey den nachkommen erlanget das man ihn barnimb den grossen heisset
micraelius_pommernland03_1639,body,60,8,False,349,Er hat mit ſeiner Gemaͤhlin Fraw Agnes aus Braunſchweig drey Soͤhne gezeuget/ Caſimirum IV. Bogißlaum VII. vnd Suantiborum III. vnd eine Tochter Margaretam/ welche Hertzog Ernſten von Oſterreich/ Kaͤyſer Friderici III. Vater/ iſt beygeleget worden.,er hat mit ſeiner gemaͤhlin fraw agnes aus braunſchweig drey soͤhne gezeuget caſimirum iv bogißlaum vii vnd suantiborum iii vnd eine tochter margaretam welche hertzog ernſten von oſterreich kaͤyſer friderici iii vater iſt beygeleget worden,er hat mit seiner gemahlin fraw agnes aus braunschweig drey sohne gezeuget casimirum iu bogisslaum uii und suantiborum iii und eine tochter margaretam welche hertzog ernsten uon osterreich kayser friderici iii uater ist beygeleget worden
micraelius_pommernland03_1639,body,60,9,False,349,Johannes von der Oſten/ Ewaldi von der Oſten/ Ritters von der Waldenburg/ Sohn/ ein ſehr gelarter/ vnd von Philippo Melanchthone vnd der Vniverſitet zu Wittenberg hochbeliebter Edelman ſol vom Leben vnd Heldenthaten dieſes Barnimi viele verzeichnet haben.,johannes von der oſten ewaldi von der oſten ritters von der waldenburg sohn ein ſehr gelarter vnd von philippo melanchthone vnd der vniverſitet zu wittenberg hochbeliebter edelman ſol vom leben vnd heldenthaten dieſes barnimi viele verzeichnet haben,iohannes uon der osten ewaldi uon der osten ritters uon der waldenburg sohn ein sehr gelarter und uon philippo melanchthone und der uniuersitet zu wittenberg hochbeliebter edelman sol uom leben und heldenthaten dieses barnimi uiele uerzeichnet haben
micraelius_pommernland03_1639,body,60,10,True,349,Weil er aber vnvermuthlich/ vnd zwar gar jung geſtorben/ als iſt das/ was er geſchrieben/ abhaͤndig geworden/ vnd hat man meines Wiſſens nichts davon vberig/ als nur eine wolgeſtalte Grabſchrifft/ die er Hertzog Barnimo gemachet hat/ vnd in Doctor Pommers Chronick mit dieſen Worten geleſen wird.,weil er aber vnvermuthlich vnd zwar gar jung geſtorben als iſt das was er geſchrieben abhaͤndig geworden vnd hat man meines wiſſens nichts davon vberig als nur eine wolgeſtalte grabſchrifft die er hertzog barnimo gemachet hat vnd in doctor pommers chronick mit dieſen worten geleſen wird,weil er aber unuermuthlich und zwar gar iung gestorben als ist das was er geschrieben abhandig geworden und hat man meines wissens nichts dauon uberig als nur eine wolgestalte grabschrifft die er hertzog barnimo gemachet hat und in doctor pommers chronick mit diesen worten gelesen wird
micraelius_pommernland03_1639,body,61,0,True,350,"Ille ego, cui multum tota hæc Pomerania debet,",ille ego cui multum tota hæc pomerania debet,ille ego cui multum tota haec pomerania debet
micraelius_pommernland03_1639,body,62,0,True,350,Hîctegor ex longis Dux Berenimus avis.,hîctegor ex longis dux berenimus avis,hictegor ex longis dux berenimus auis
micraelius_pommernland03_1639,body,63,0,True,350,"Qui toties populos, qui propugnacula & urbes",qui toties populos qui propugnacula & urbes,qui toties populos qui propugnacula et urbes
micraelius_pommernland03_1639,body,64,0,True,350,Subieci imperio Marte mauuq; meâ;,subieci imperio marte mauuq meâ,subieci imperio marte mauuq mea
micraelius_pommernland03_1639,body,65,0,True,350,"Qui toties hoſtem vici. Odera teſtis & Albis,",qui toties hoſtem vici odera teſtis & albis,qui toties hostem uici odera testis et albis
micraelius_pommernland03_1639,body,66,0,True,350,Quam verti in volucrem millia multa fugam.,quam verti in volucrem millia multa fugam,quam uerti in uolucrem millia multa fugam
micraelius_pommernland03_1639,body,67,0,True,350,"Sed quia nil ſtabile eſt, vertunturq; omnia fatis,",sed quia nil ſtabile eſt vertunturq omnia fatis,sed quia nil stabile est uertunturq omnia fatis
micraelius_pommernland03_1639,body,68,0,True,350,"Hic jaceo, ut requies ſit mihi. Lector avc.",hic jaceo ut requies ſit mihi lector avc,hic iaceo ut requies sit mihi lector auc
micraelius_pommernland03_1639,body,69,0,False,350,Nach dieſes loͤblichen Fuͤrſten Todt haben ſeine drey Soͤhne das Hertzogthumb Stettin ſaͤmptlich vnd in gemein zu verwalten angefangen.,nach dieſes loͤblichen fuͤrſten todt haben ſeine drey soͤhne das hertzogthumb stettin ſaͤmptlich vnd in gemein zu verwalten angefangen,nach dieses loblichen fursten todt haben seine drey sohne das hertzogthumb stettin samptlich und in gemein zu uerwalten angefangen
micraelius_pommernland03_1639,body,69,1,False,350,Doch hat Caſimirus IV. als der aͤltiſte die Regierung meiſtentheils gefuͤhret/ vnd alsfort im Jahr mccclxx. durch Kaͤyſer IV. zu Guben dieſer Vertrag auffgerichtet vnd verſiegeln laſſen/ daß/ wenn der Fall keme/ das Otto der Marggraff vnd Churfuͤrſt zu Brandenburg/ des Kaͤyſers Eydam/ der nach Ludewig dem Roͤmer/ ſeinem Bruder/ als er geſtorben/ die Chur einhette/ ohne Maͤñliche Erben abgienge/ vnd die Marck an des Kayſers Kinder verfiele/ als dann der Kaͤyſer vnd ſeine Kinder guten Friede mit Pommern halten/ ſie in jhren Landen nicht angreiffen/ ſondern vielmehr jhnen beyſtaͤndig ſein/ auch ſie bey den Staͤdten/ Schloͤſſern vnd Doͤrfern/ die ſie in der Vkermarck von Ludewig des Roͤmers zeiten hetten eingehabt/ geruhiglich laſſen vnd ſchuͤtzen wollen.,doch hat caſimirus iv als der aͤltiſte die regierung meiſtentheils gefuͤhret vnd alsfort im jahr mccclxx durch kaͤyſer iv zu guben dieſer vertrag auffgerichtet vnd verſiegeln laſſen daß wenn der fall keme das otto der marggraff vnd churfuͤrſt zu brandenburg des kaͤyſers eydam der nach ludewig dem roͤmer ſeinem bruder als er geſtorben die chur einhette ohne maͤñliche erben abgienge vnd die marck an des kayſers kinder verfiele als dann der kaͤyſer vnd ſeine kinder guten friede mit pommern halten ſie in jhren landen nicht angreiffen ſondern vielmehr jhnen beyſtaͤndig ſein auch ſie bey den staͤdten schloͤſſern vnd doͤrfern die ſie in der vkermarck von ludewig des roͤmers zeiten hetten eingehabt geruhiglich laſſen vnd ſchuͤtzen wollen,doch hat casimirus iu als der altiste die regierung meistentheils gefuhret und alsfort im iahr mccclxx durch kayser iu zu guben dieser uertrag auffgerichtet und uersiegeln lassen dass wenn der fall keme das otto der marggraff und churfurst zu brandenburg des kaysers eydam der nach ludewig dem romer seinem bruder als er gestorben die chur einhette ohne mannliche erben abgienge und die marck an des kaysers kinder uerfiele als dann der kayser und seine kinder guten friede mit pommern halten sie in ihren landen nicht angreiffen sondern uielmehr ihnen beystandig sein auch sie bey den stadten schlossern und dorfern die sie in der ukermarck uon ludewig des romers zeiten hetten eingehabt geruhiglich lassen und schutzen wollen
micraelius_pommernland03_1639,body,69,2,False,351,Nicht lange aber darauff ſind ſie von gemeltem Churfuͤrſten vnd Margrafen Otten/ Ludewig des Roͤmers Bruder/ wegen der Vkermarck/ daruͤber ſie neben den andern Laͤndern die Lehn vom Kaͤyſer empfangen/ vnd die Huldigung auffgenommen hatten/ feindlich mit einem vnnoͤtigen/ aber jhme ſelbſt ſchaͤdlichen/ Kriege angegriffen worden.,nicht lange aber darauff ſind ſie von gemeltem churfuͤrſten vnd margrafen otten ludewig des roͤmers bruder wegen der vkermarck daruͤber ſie neben den andern laͤndern die lehn vom kaͤyſer empfangen vnd die huldigung auffgenommen hatten feindlich mit einem vnnoͤtigen aber jhme ſelbſt ſchaͤdlichen kriege angegriffen worden,nicht lange aber darauff sind sie uon gemeltem churfursten und margrafen otten ludewig des romers bruder wegen der ukermarck daruber sie neben den andern landern die lehn uom kayser empfangen und die huldigung auffgenommen hatten feindlich mit einem unnotigen aber ihme selbst schadlichen kriege angegriffen worden
micraelius_pommernland03_1639,body,69,3,False,351,Derſelbe brachte eine groſſe Macht/ mit huͤlffe Koͤnig Waldemars aus Dennemarck vnd Pfaltzgraff Friederichs beym Rein/ auff die Beine/ vnd gieng damit in die Vkermarck.,derſelbe brachte eine groſſe macht mit huͤlffe koͤnig waldemars aus dennemarck vnd pfaltzgraff friederichs beym rein auff die beine vnd gieng damit in die vkermarck,derselbe brachte eine grosse macht mit hulffe konig waldemars aus dennemarck und pfaltzgraff friederichs beym rein auff die beine und gieng damit in die ukermarck
micraelius_pommernland03_1639,body,69,4,False,351,Aber vnſere drey Fuͤrſten fielen dagegen/ den Feind aus der Vkermarck zu bringen/ in die Newemarck/ nahmen anfaͤnglich das Staͤdtlein Noͤrenberg vnd Lippene ein/ lagerten ſich fuͤr Koͤnigsberg/ vnd bedrengeten dieſelbe Stadt gar hart.,aber vnſere drey fuͤrſten fielen dagegen den feind aus der vkermarck zu bringen in die newemarck nahmen anfaͤnglich das staͤdtlein noͤrenberg vnd lippene ein lagerten ſich fuͤr koͤnigsberg vnd bedrengeten dieſelbe stadt gar hart,aber unsere drey fursten fielen dagegen den feind aus der ukermarck zu bringen in die newemarck nahmen anfanglich das stadtlein norenberg und lippene ein lagerten sich fur konigsberg und bedrengeten dieselbe stadt gar hart
micraelius_pommernland03_1639,body,69,5,False,351,Daruͤber iſt Caſimirus IV. der aͤltiſte vnter den Bruͤdern/ im Sturm/ als er faſt die Mawre erſtiegen/ toͤdtlich in der Gurgel verwundet/ daran er auch bald hernach zu Stettin geſtorben iſt.,daruͤber iſt caſimirus iv der aͤltiſte vnter den bruͤdern im sturm als er faſt die mawre erſtiegen toͤdtlich in der gurgel verwundet daran er auch bald hernach zu stettin geſtorben iſt,daruber ist casimirus iu der altiste unter den brudern im sturm als er fast die mawre erstiegen todtlich in der gurgel uerwundet daran er auch bald hernach zu stettin gestorben ist
micraelius_pommernland03_1639,body,69,6,False,351,Nichts deſto weniger verblieben die andere beyde Bruͤder fuͤr der Stadt liegen/ vnd da Marggraff Otto/ nach deme er Noͤrinberg wiederumb eroͤbert hette/ Koͤnigsberg zu entſetzen/ jhre Lager anfiel/ begegneten ſie jhme ſo mutig/ das ſie jhn weydlich abkehreten/ vnd daruͤber viele/ vnd vnter andern Graff Guͤnther von Lindow/ Herꝛen zu Rupin/ gefangen bekamen; Alſo ward der Marggraff auffs newe genoͤtiget auff Friedensmittel zugedencken/ wie dann auch zu Roͤrich ein Tag zum guthlichen Vertrage beſtimmet worden/ da dann auff Vnterhandlung gemeltes Koͤniges vnd Pfaltzgraffen beſchloſſen worden/ das Marggraff Otto dem Hertzogen von Stettin alle Oerter/ ſo jhrem Vater erblich vbergeben/ auch von Kaͤyſerlicher Mayeſtaͤt beſtetiget weren/ laſſen ſolte.,nichts deſto weniger verblieben die andere beyde bruͤder fuͤr der stadt liegen vnd da marggraff otto nach deme er noͤrinberg wiederumb eroͤbert hette koͤnigsberg zu entſetzen jhre lager anfiel begegneten ſie jhme ſo mutig das ſie jhn weydlich abkehreten vnd daruͤber viele vnd vnter andern graff guͤnther von lindow herꝛen zu rupin gefangen bekamen alſo ward der marggraff auffs newe genoͤtiget auff friedensmittel zugedencken wie dann auch zu roͤrich ein tag zum guthlichen vertrage beſtimmet worden da dann auff vnterhandlung gemeltes koͤniges vnd pfaltzgraffen beſchloſſen worden das marggraff otto dem hertzogen von stettin alle oerter ſo jhrem vater erblich vbergeben auch von kaͤyſerlicher mayeſtaͤt beſtetiget weren laſſen ſolte,nichts desto weniger uerblieben die andere beyde bruder fur der stadt liegen und da marggraff otto nach deme er norinberg wiederumb erobert hette konigsberg zu entsetzen ihre lager anfiel begegneten sie ihme so mutig das sie ihn weydlich abkehreten und daruber uiele und unter andern graff gunther uon lindow heren zu rupin gefangen bekamen also ward der marggraff auffs newe genotiget auff friedensmittel zugedencken wie dann auch zu rorich ein tag zum guthlichen uertrage bestimmet worden da dann auff unterhandlung gemeltes koniges und pfaltzgraffen beschlossen worden das marggraff otto dem hertzogen uon stettin alle oerter so ihrem uater erblich ubergeben auch uon kayserlicher mayestat bestetiget weren lassen solte
micraelius_pommernland03_1639,body,69,7,True,352,Dagegen ſolten beyde Hertzogen jhme Lippene/ vnd was ſie ſonſten in der Newmarck eingenommen hetten/ abtreten/ von der Belagerung Koͤnigsberg abſtehen/ vnd die Gefangene ohne Entgeltnus loß geben.,dagegen ſolten beyde hertzogen jhme lippene vnd was ſie ſonſten in der newmarck eingenommen hetten abtreten von der belagerung koͤnigsberg abſtehen vnd die gefangene ohne entgeltnus loß geben,dagegen solten beyde hertzogen ihme lippene und was sie sonsten in der newmarck eingenommen hetten abtreten uon der belagerung konigsberg abstehen und die gefangene ohne entgeltnus loss geben
micraelius_pommernland03_1639,body,70,0,False,352,Nach ſolchem getroffenen Frieden hat Hertzog Suantiborus III. Annam eine geborne von Henneberg geheurathet/ vnd mit jhr die Stadt vñ Schloß Koͤnigsberg in Francken in der Pflege Coburg zur Außſtewre mitbekom̃en/ vnd Gebhard Fuchs dahin zum Verwalter verordnet.,nach ſolchem getroffenen frieden hat hertzog suantiborus iii annam eine geborne von henneberg geheurathet vnd mit jhr die stadt vñ schloß koͤnigsberg in francken in der pflege coburg zur außſtewre mitbekom̃en vnd gebhard fuchs dahin zum verwalter verordnet,nach solchem getroffenen frieden hat hertzog suantiborus iii annam eine geborne uon henneberg geheurathet und mit ihr die stadt und schloss konigsberg in francken in der pflege coburg zur aussstewre mitbekommen und gebhard fuchs dahin zum uerwalter uerordnet
micraelius_pommernland03_1639,body,70,1,False,352,Nach etlichen Jahren aber hat er ſie/ weil ſie jhme weit abgelegen/ ſeinem Schwager Landgraff Balzer in Thuͤringen/ der auch eine Schweſter von Hennenberg geheurathet/ vnd mit jhr Coburg erlanget/ vmb eine gewiſſe Summa Geldes erblich verkauffet.,nach etlichen jahren aber hat er ſie weil ſie jhme weit abgelegen ſeinem schwager landgraff balzer in thuͤringen der auch eine schweſter von hennenberg geheurathet vnd mit jhr coburg erlanget vmb eine gewiſſe summa geldes erblich verkauffet,nach etlichen iahren aber hat er sie weil sie ihme weit abgelegen seinem schwager landgraff balzer in thuringen der auch eine schwester uon hennenberg geheurathet und mit ihr coburg erlanget umb eine gewisse summa geldes erblich uerkauffet
micraelius_pommernland03_1639,body,70,2,False,352,Mitlerweile wird Wenzlaff Caroli IV. Sohn Roͤmiſcher Kaͤyſer/ vnd Boͤhemiſcher Koͤnig/ von ſeinen Vnterthanen in Boͤhmen/ wegen boͤſer Verwaltung des Regiments/ da nunmehr die Hußitiſche Vnruhe angegangen war/ gefaͤnglich eingezogen.,mitlerweile wird wenzlaff caroli iv sohn roͤmiſcher kaͤyſer vnd boͤhemiſcher koͤnig von ſeinen vnterthanen in boͤhmen wegen boͤſer verwaltung des regiments da nunmehr die hußitiſche vnruhe angegangen war gefaͤnglich eingezogen,mitlerweile wird wenzlaff caroli iu sohn romischer kayser und bohemischer konig uon seinen unterthanen in bohmen wegen boser uerwaltung des regiments da nunmehr die hussitische unruhe angegangen war gefanglich eingezogen
micraelius_pommernland03_1639,body,70,3,False,352,Sein Bruder Hertzog Johan von Goͤrlitz vnd Marggraff von Mehren erbittet vnſeren Suantiborum/ das er mit xvj. hundert Pferden in Boͤhmen zu jhme ſtoſſet/ vnd zu Wenzlaffs Erledigung Huͤlffe leiſtet.,sein bruder hertzog johan von goͤrlitz vnd marggraff von mehren erbittet vnſeren suantiborum das er mit xvj hundert pferden in boͤhmen zu jhme ſtoſſet vnd zu wenzlaffs erledigung huͤlffe leiſtet,sein bruder hertzog iohan uon gorlitz und marggraff uon mehren erbittet unseren suantiborum das er mit xui hundert pferden in bohmen zu ihme stosset und zu wenzlaffs erledigung hulffe leistet
micraelius_pommernland03_1639,body,70,4,False,352,Fuͤr ſolch einen Reuter dienſt werden jhme Herꝛ Johanſen von Biberſtein/ der zu ſeines Koͤniges Gefaͤngnus Rhat vnd That gegeben/ eingereumet.,fuͤr ſolch einen reuter dienſt werden jhme herꝛ johanſen von biberſtein der zu ſeines koͤniges gefaͤngnus rhat vnd that gegeben eingereumet,fur solch einen reuter dienst werden ihme her iohansen uon biberstein der zu seines koniges gefangnus rhat und that gegeben eingereumet
micraelius_pommernland03_1639,body,70,5,False,352,Alſo hat er Beſekow vnd Storckow eine Zeitlang eingehabt.,alſo hat er beſekow vnd storckow eine zeitlang eingehabt,also hat er besekow und storckow eine zeitlang eingehabt
micraelius_pommernland03_1639,body,70,6,True,352,Aber ſolche Herꝛſchafft ward von den Herren von Biberſtein wieder gewonnen.,aber ſolche herꝛſchafft ward von den herren von biberſtein wieder gewonnen,aber solche herschafft ward uon den herren uon biberstein wieder gewonnen
micraelius_pommernland03_1639,body,71,0,False,353,Daßmahl ;w;ar die Marcke ſchon aus den Haͤnden der Beyerfuͤrſten/ bey denen ſie etwa lj. Jahr geweſen var: Dañ da Marggraff Otto der Beyer nicht mehr lut hette in der Marck zu leben/ hat er im Jahr mccclxxij. ſeinem Schwaͤher Kaͤyſer Carolo IV. die Marck fuͤr cc. tauſent Vngeriſche Goldguͤlden verkauffet/ vnd ſolch Geld in Beyern auffm Schloſſe Wolffſtein miteiner ſchoͤnen Muͤllerin Margareta verzehret.,daßmahl war die marcke ſchon aus den haͤnden der beyerfuͤrſten bey denen ſie etwa lj jahr geweſen var dañ da marggraff otto der beyer nicht mehr lut hette in der marck zu leben hat er im jahr mccclxxij ſeinem schwaͤher kaͤyſer carolo iv die marck fuͤr cc tauſent vngeriſche goldguͤlden verkauffet vnd ſolch geld in beyern auffm schloſſe wolffſtein miteiner ſchoͤnen muͤllerin margareta verzehret,dassmahl war die marcke schon aus den handen der beyerfursten bey denen sie etwa li iahr gewesen uar dann da marggraff otto der beyer nicht mehr lut hette in der marck zu leben hat er im iahr mccclxxii seinem schwaher kayser carolo iu die marck fur cc tausent ungerische goldgulden uerkauffet und solch geld in beyern auffm schlosse wolffstein miteiner schonen mullerin margareta uerzehret
micraelius_pommernland03_1639,body,71,1,False,353,Der Kaͤyſer aber gab die Marck vnd die Chur Brandenburg ſeinem Sohn Wenzlaff/ zog perſoͤhnlich zur auffnehmung der Pflicht mit jhme im Lande herumb/ machete mit den Pommeriſchen Fuͤrſten einen ewigen Bund vnd Vertrag/ bawete das Schloß zu Tangermuͤnde an der Elbe/ vnd legete allenthalben/ auch mit hindanſetzung gemeines Nutzens im Reiche/ ſeinen Kindern einen feſten Grund/ wie er meinete/ groſſer Herꝛſchafften.,der kaͤyſer aber gab die marck vnd die chur brandenburg ſeinem sohn wenzlaff zog perſoͤhnlich zur auffnehmung der pflicht mit jhme im lande herumb machete mit den pommeriſchen fuͤrſten einen ewigen bund vnd vertrag bawete das schloß zu tangermuͤnde an der elbe vnd legete allenthalben auch mit hindanſetzung gemeines nutzens im reiche ſeinen kindern einen feſten grund wie er meinete groſſer herꝛſchafften,der kayser aber gab die marck und die chur brandenburg seinem sohn wenzlaff zog persohnlich zur auffnehmung der pflicht mit ihme im lande herumb machete mit den pommerischen fursten einen ewigen bund und uertrag bawete das schloss zu tangermunde an der elbe und legete allenthalben auch mit hindansetzung gemeines nutzens im reiche seinen kindern einen festen grund wie er meinete grosser herschafften
micraelius_pommernland03_1639,body,71,2,False,353,Als nach ſeinem Todte ſein Sohn Wenzlaff jhm in der Regierung/ ſo wol im Teutſchen Reiche/ als in Boͤhmen folgete/ vber ließ er die Chur Brandenburg ſeinem Bruder Sigiſmundo.,als nach ſeinem todte ſein sohn wenzlaff jhm in der regierung ſo wol im teutſchen reiche als in boͤhmen folgete vber ließ er die chur brandenburg ſeinem bruder sigiſmundo,als nach seinem todte sein sohn wenzlaff ihm in der regierung so wol im teutschen reiche als in bohmen folgete uber liess er die chur brandenburg seinem bruder sigismundo
micraelius_pommernland03_1639,body,71,3,False,353,Dieſer ward im Jahr mccclxxxvj. durch ſeine Gemaͤhlin Mariam/ Koͤnigin von Hungern/ das Koͤnigreiche Hungern einzunehmen/ vñ ſie aus dem Gefaͤngnus/ darin ſie von jhren Vnterthanen gehalten ward/ zu reiſſen gefordert.,dieſer ward im jahr mccclxxxvj durch ſeine gemaͤhlin mariam koͤnigin von hungern das koͤnigreiche hungern einzunehmen vñ ſie aus dem gefaͤngnus darin ſie von jhren vnterthanen gehalten ward zu reiſſen gefordert,dieser ward im iahr mccclxxxui durch seine gemahlin mariam konigin uon hungern das konigreiche hungern einzunehmen und sie aus dem gefangnus darin sie uon ihren unterthanen gehalten ward zu reissen gefordert
micraelius_pommernland03_1639,body,71,4,True,353,Da er nun zu ſolchem Zuge Geldes beduͤrfftig war/ vberließ er Pfandes weiſe die Marck Brandenburg ſeinen Vaͤttern Procopio vnd Jodoco oder Joſten/ den Marggrafen von Maͤhren/ fuͤr eine gewiſſe Summa Geldes/ die dann inſonderheit Jodocus/ wie die Maͤrckiſche Chronicken berichten/ das Land mit groſſen Landſtewren vber xxv. Jahr ſehr beſchweret haben.,da er nun zu ſolchem zuge geldes beduͤrfftig war vberließ er pfandes weiſe die marck brandenburg ſeinen vaͤttern procopio vnd jodoco oder joſten den marggrafen von maͤhren fuͤr eine gewiſſe summa geldes die dann inſonderheit jodocus wie die maͤrckiſche chronicken berichten das land mit groſſen landſtewren vber xxv jahr ſehr beſchweret haben,da er nun zu solchem zuge geldes bedurfftig war uberliess er pfandes weise die marck brandenburg seinen uattern procopio und iodoco oder iosten den marggrafen uon mahren fur eine gewisse summa geldes die dann insonderheit iodocus wie die marckische chronicken berichten das land mit grossen landstewren uber xxu iahr sehr beschweret haben
micraelius_pommernland03_1639,body,72,0,False,354,Gemelter Jodocus hat auch eine zeitlang vnſeren Suantiborum zu einem Statthalter in der Mittel Marck verordnet/ vnd endlich/ da er mit ſeinem Bruder Procopio in einen jnnerlichen Krieg gerieth/ die gantze Marck Wilhelmo/ Marggraffen in Meiſſen vnd Landgrafen in Thuͤringen/ fuͤr cccc. tauſent Schock Boͤhmiſch/ die Newe Marck aber dem Preuſſiſchen Orden fuͤr c. tauſend Ducaten verſetzet.,gemelter jodocus hat auch eine zeitlang vnſeren suantiborum zu einem statthalter in der mittel marck verordnet vnd endlich da er mit ſeinem bruder procopio in einen jnnerlichen krieg gerieth die gantze marck wilhelmo marggraffen in meiſſen vnd landgrafen in thuͤringen fuͤr cccc tauſent schock boͤhmiſch die newe marck aber dem preuſſiſchen orden fuͤr c tauſend ducaten verſetzet,gemelter iodocus hat auch eine zeitlang unseren suantiborum zu einem statthalter in der mittel marck uerordnet und endlich da er mit seinem bruder procopio in einen innerlichen krieg gerieth die gantze marck wilhelmo marggraffen in meissen und landgrafen in thuringen fur cccc tausent schock bohmisch die newe marck aber dem preussischen orden fur c tausend ducaten uersetzet
micraelius_pommernland03_1639,body,72,1,False,354,Aber da er balde drauff im Jahr mccccxj. ohne Leibes Erben verſtarb/ vud alſo die Chur vnd Marck Brandenburg wiederumb an ſeinen Vetter/ Koͤnig in Hungern/ Sigismundum/ verfiel/ hat derſelbe ſie vom Marggrafen in Meiſſen wieder abgeloͤſet.,aber da er balde drauff im jahr mccccxj ohne leibes erben verſtarb vud alſo die chur vnd marck brandenburg wiederumb an ſeinen vetter koͤnig in hungern sigismundum verfiel hat derſelbe ſie vom marggrafen in meiſſen wieder abgeloͤſet,aber da er balde drauff im iahr mccccxi ohne leibes erben uerstarb uud also die chur und marck brandenburg wiederumb an seinen uetter konig in hungern sigismundum uerfiel hat derselbe sie uom marggrafen in meissen wieder abgeloset
micraelius_pommernland03_1639,body,72,2,True,354,Die New Marck aber iſt vnter dem Orden bey lvij. Jahr geblieben/ biß ſie Fridericus II. der Churfuͤrſt wider einloͤſete.,die new marck aber iſt vnter dem orden bey lvij jahr geblieben biß ſie fridericus ii der churfuͤrſt wider einloͤſete,die new marck aber ist unter dem orden bey luii iahr geblieben biss sie fridericus ii der churfurst wider einlosete
micraelius_pommernland03_1639,body,73,0,False,354,Jn dieſer vielfaͤltigen Verenderung der Regierung in der Marck/ vnd allgemeiner Vnruhe/ haben die Pommeren mit huͤlff der beyden Grafen zu Lindaw vnd Rupin/ Guͤnther vnd Vlrich/ Boyzenburg/ Zedenick/ vnd Straßburg einbekommen/ wie auch das Schloß Butzow/ auff welchem zu der Zeit Gerhard von Holzendorff wohnete/ vnd die Stadt Straußberg durch Dieterich von Quitzow eingenommen vnd außgepluͤndert.,jn dieſer vielfaͤltigen verenderung der regierung in der marck vnd allgemeiner vnruhe haben die pommeren mit huͤlff der beyden grafen zu lindaw vnd rupin guͤnther vnd vlrich boyzenburg zedenick vnd straßburg einbekommen wie auch das schloß butzow auff welchem zu der zeit gerhard von holzendorff wohnete vnd die stadt straußberg durch dieterich von quitzow eingenommen vnd außgepluͤndert,in dieser uielfaltigen uerenderung der regierung in der marck und allgemeiner unruhe haben die pommeren mit hulff der beyden grafen zu lindaw und rupin gunther und ulrich boyzenburg zedenick und strassburg einbekommen wie auch das schloss butzow auff welchem zu der zeit gerhard uon holzendorff wohnete und die stadt straussberg durch dieterich uon quitzow eingenommen und aussgeplundert
micraelius_pommernland03_1639,body,73,1,False,354,Koͤnig Sigiſmundus aber hat alsfort/ da jhme die Marck wieder eingereumet ward/ ſeinem Schweſter Sohne/ Burggraff Friderichen von Nuͤrnberg/ einem gebornen Grafen von Zollern/ aus dem Jtalieniſchen/ doch aus Teutſchen Guelpfiſchen Gebluͤte entſproſſenen Geſchlechte der Edelen Columner/ fuͤr hundert tauſend Vngeriſche Goldguͤlden/ dieſelbe abgetreten/ vnd jhn zu einem Statthalter dahin geſetzet/ auch endlich gar gegen erlegung cd. tauſend Vngeriſcher Goldguͤlden/ darunter die vorige Summa gerechnet iſt/ ſie jhme mit der Chur erblich vbergeben/ vnd jhme die Erbhuldigung leiſten laſſen/ doch mit dem Vorbehalt/ da ſichs moͤchte zutragen/ daß der Kaͤyſer Sigiſinundus/ welcher zu ſolcher Wuͤrde mitlerweile erhoben war/ oder ſein Bruder/ Koͤnig in Boͤhmen/ Wenzlaff/ der abgeſetzte Kaͤyſer/ einen Mañs Erben zeugeten/ gedachter Marggraff Friederich demſelben die Marck/ mit ſampt der Chur/ wiederumb abtreten/ in verbleibung aber deſſen/ beydes behalten ſolte.,koͤnig sigiſmundus aber hat alsfort da jhme die marck wieder eingereumet ward ſeinem schweſter sohne burggraff friderichen von nuͤrnberg einem gebornen grafen von zollern aus dem jtalieniſchen doch aus teutſchen guelpfiſchen gebluͤte entſproſſenen geſchlechte der edelen columner fuͤr hundert tauſend vngeriſche goldguͤlden dieſelbe abgetreten vnd jhn zu einem statthalter dahin geſetzet auch endlich gar gegen erlegung cd tauſend vngeriſcher goldguͤlden darunter die vorige summa gerechnet iſt ſie jhme mit der chur erblich vbergeben vnd jhme die erbhuldigung leiſten laſſen doch mit dem vorbehalt da ſichs moͤchte zutragen daß der kaͤyſer sigiſinundus welcher zu ſolcher wuͤrde mitlerweile erhoben war oder ſein bruder koͤnig in boͤhmen wenzlaff der abgeſetzte kaͤyſer einen mañs erben zeugeten gedachter marggraff friederich demſelben die marck mit ſampt der chur wiederumb abtreten in verbleibung aber deſſen beydes behalten ſolte,konig sigismundus aber hat alsfort da ihme die marck wieder eingereumet ward seinem schwester sohne burggraff friderichen uon nurnberg einem gebornen grafen uon zollern aus dem italienischen doch aus teutschen guelpfischen geblute entsprossenen geschlechte der edelen columner fur hundert tausend ungerische goldgulden dieselbe abgetreten und ihn zu einem statthalter dahin gesetzet auch endlich gar gegen erlegung cd tausend ungerischer goldgulden darunter die uorige summa gerechnet ist sie ihme mit der chur erblich ubergeben und ihme die erbhuldigung leisten lassen doch mit dem uorbehalt da sichs mochte zutragen dass der kayser sigisinundus welcher zu solcher wurde mitlerweile erhoben war oder sein bruder konig in bohmen wenzlaff der abgesetzte kayser einen manns erben zeugeten gedachter marggraff friederich demselben die marck mit sampt der chur wiederumb abtreten in uerbleibung aber dessen beydes behalten solte
micraelius_pommernland03_1639,body,73,2,True,355,Aber es iſt damit verblieben/ vnd beſitzen ſeythero hochgemelte Marggrafen vnd Churfuͤrſten/ Friederichs Erben/ die Chur vnd Marck Brandenburg biß auff heutigen Tag.,aber es iſt damit verblieben vnd beſitzen ſeythero hochgemelte marggrafen vnd churfuͤrſten friederichs erben die chur vnd marck brandenburg biß auff heutigen tag,aber es ist damit uerblieben und besitzen seythero hochgemelte marggrafen und churfursten friederichs erben die chur und marck brandenburg biss auff heutigen tag
micraelius_pommernland03_1639,body,74,0,False,355,Da alſo die Marck von einer Familij auff die ander kam/ verfiel vnſer Hertzog zu Stettin Bogißgißlaus VII. ohne Mannes Erben im Jahr mcdix. eben in dem Jahr/ da die letzte Wenden in Ruͤgen/ ſo Wendiſch gekoͤnt/ die Guͤlizin genant/ geſtorben iſt/ vnd blieb alſo ſein Bruder Suantiborus III. allein von Barnimi III. Kindern in der Stetiniſchen Regierung vber/ welcher jhme doch balde im neunden Jahr gefolget.,da alſo die marck von einer familij auff die ander kam verfiel vnſer hertzog zu stettin bogißgißlaus vii ohne mannes erben im jahr mcdix eben in dem jahr da die letzte wenden in ruͤgen ſo wendiſch gekoͤnt die guͤlizin genant geſtorben iſt vnd blieb alſo ſein bruder suantiborus iii allein von barnimi iii kindern in der stetiniſchen regierung vber welcher jhme doch balde im neunden jahr gefolget,da also die marck uon einer familii auff die ander kam uerfiel unser hertzog zu stettin bogissgisslaus uii ohne mannes erben im iahr mcdix eben in dem iahr da die letzte wenden in rugen so wendisch gekont die gulizin genant gestorben ist und blieb also sein bruder suantiborus iii allein uon barnimi iii kindern in der stetinischen regierung uber welcher ihme doch balde im neunden iahr gefolget
micraelius_pommernland03_1639,body,74,1,False,355,Vnd alſo ſind ſeine zweene Soͤhne Otto II vnd Caſimirus VI. zur Regierung gelanget/ vñ haben von Kaͤyſer Sigiſmundo im Jahr mcdxxiv. zu Nuͤrnberg die Reichs Lehen geſucht/ vnd nebenſt Kaͤyſerlicher beſtaͤtigung/ das jhre Lande vnmittelbar von Reich zu Lehen getragen werden/ erhalten.,vnd alſo ſind ſeine zweene soͤhne otto ii vnd caſimirus vi zur regierung gelanget vñ haben von kaͤyſer sigiſmundo im jahr mcdxxiv zu nuͤrnberg die reichs lehen geſucht vnd nebenſt kaͤyſerlicher beſtaͤtigung das jhre lande vnmittelbar von reich zu lehen getragen werden erhalten,und also sind seine zweene sohne otto ii und casimirus ui zur regierung gelanget und haben uon kayser sigismundo im iahr mcdxxiu zu nurnberg die reichs lehen gesucht und nebenst kayserlicher bestatigung das ihre lande unmittelbar uon reich zu lehen getragen werden erhalten
micraelius_pommernland03_1639,body,74,2,False,356,Otto zwar iſt in ſeiner Jugend zum Coadjutoren im Ertzſtifft zu Riga in Lyfland angenommen vnd beſtetiget worden; Aber da ſein Vater mit Todte abgieng/ wolte er nicht Geiſtlich bleiben/ ſondern vberließ ſolch Ampt einem andern/ vnd nam Hedewigen/ Hertzog Johannis/ im Lande zu Stargard aus Mechelnburg/ Tochter/ zur Ehe/ mit welcher er doch nicht beerbet geworden.,otto zwar iſt in ſeiner jugend zum coadjutoren im ertzſtifft zu riga in lyfland angenommen vnd beſtetiget worden aber da ſein vater mit todte abgieng wolte er nicht geiſtlich bleiben ſondern vberließ ſolch ampt einem andern vnd nam hedewigen hertzog johannis im lande zu stargard aus mechelnburg tochter zur ehe mit welcher er doch nicht beerbet geworden,otto zwar ist in seiner iugend zum coadiutoren im ertzstifft zu riga in lyfland angenommen und bestetiget worden aber da sein uater mit todte abgieng wolte er nicht geistlich bleiben sondern uberliess solch ampt einem andern und nam hedewigen hertzog iohannis im lande zu stargard aus mechelnburg tochter zur ehe mit welcher er doch nicht beerbet geworden
micraelius_pommernland03_1639,body,74,3,False,356,Sein Bruder Caſimirus iſt in der Jugend auch verſchicket/ vnd hat dem Orden mit dc. Pferden wieder den Koͤnig in Pohlen gedienet/ woruͤber er doch in des Koͤniges Gefaͤngnuß gerathen iſt/ wie wir im vorigen Buche vermeldet haben.,sein bruder caſimirus iſt in der jugend auch verſchicket vnd hat dem orden mit dc pferden wieder den koͤnig in pohlen gedienet woruͤber er doch in des koͤniges gefaͤngnuß gerathen iſt wie wir im vorigen buche vermeldet haben,sein bruder casimirus ist in der iugend auch uerschicket und hat dem orden mit dc pferden wieder den konig in pohlen gedienet woruber er doch in des koniges gefangnuss gerathen ist wie wir im uorigen buche uermeldet haben
micraelius_pommernland03_1639,body,74,4,True,356,Dieſer ließ ſich nach ſeines Vaters Todte Catharinam ein Braunſchweigiſch Fraͤwlein beylegen/ vnd zeugete mit derſelben einen Sohn Hertzog Joachim.,dieſer ließ ſich nach ſeines vaters todte catharinam ein braunſchweigiſch fraͤwlein beylegen vnd zeugete mit derſelben einen sohn hertzog joachim,dieser liess sich nach seines uaters todte catharinam ein braunschweigisch frawlein beylegen und zeugete mit derselben einen sohn hertzog ioachim
micraelius_pommernland03_1639,body,75,0,True,356,Weil aber Hertzog Johannes aus Mechelnburg/ Hertzog Otten Schwaͤher/ nunmehr ins ſiebende Jahr zu Tangermuͤnde in der Marck im Gefaͤngnuß gehalten ward/ darin er in vorigen Mechelburgiſchen Kriegen gerathen war/ als bemuͤhete ſich Hertzog Otto/ ſein Eydam/ nebenſt Hertzog Albrecht von Mechelburg/ vnd Hertzog Erich von Niederſachſen/ jhn mit Gewalt aus dem Gefaͤngnus zu heben: Vnd belagerte Straußberg/ hat aber wenig außrichten koͤnnen.,weil aber hertzog johannes aus mechelnburg hertzog otten schwaͤher nunmehr ins ſiebende jahr zu tangermuͤnde in der marck im gefaͤngnuß gehalten ward darin er in vorigen mechelburgiſchen kriegen gerathen war als bemuͤhete ſich hertzog otto ſein eydam nebenſt hertzog albrecht von mechelburg vnd hertzog erich von niederſachſen jhn mit gewalt aus dem gefaͤngnus zu heben vnd belagerte straußberg hat aber wenig außrichten koͤnnen,weil aber hertzog iohannes aus mechelnburg hertzog otten schwaher nunmehr ins siebende iahr zu tangermunde in der marck im gefangnuss gehalten ward darin er in uorigen mechelburgischen kriegen gerathen war als bemuhete sich hertzog otto sein eydam nebenst hertzog albrecht uon mechelburg und hertzog erich uon niedersachsen ihn mit gewalt aus dem gefangnus zu heben und belagerte straussberg hat aber wenig aussrichten konnen
micraelius_pommernland03_1639,body,76,0,False,356,Dagegen als gemelter Friederich/ Burggraff zu Nuͤrenberg/ zur Chur gelangete/ hat er alsfort ſich fuͤrgeſetzet/ die oͤrter/ ſo der Hertzog von Stettin in der Vker- vñ Newmarck einhatte/ jhm aus der Hand zu reiſſen/ Woruͤber auch im Jahr mcdxij. ein Treffen auff dem Thamme zu Cremmen gehalten iſt/ in welchem die Quizawen auff Pom̃erſcher ſeyten ſtuͤnden/ vnd Graff Johannes von Hohenlohe ſampt zwenen Rittern/ als Krafft von Leutersheim vnd Philipp von Vtenhofen vnter andern geblieben ſind.,dagegen als gemelter friederich burggraff zu nuͤrenberg zur chur gelangete hat er alsfort ſich fuͤrgeſetzet die oͤrter ſo der hertzog von stettin in der vker vñ newmarck einhatte jhm aus der hand zu reiſſen woruͤber auch im jahr mcdxij ein treffen auff dem thamme zu cremmen gehalten iſt in welchem die quizawen auff pom̃erſcher ſeyten ſtuͤnden vnd graff johannes von hohenlohe ſampt zwenen rittern als krafft von leutersheim vnd philipp von vtenhofen vnter andern geblieben ſind,dagegen als gemelter friederich burggraff zu nurenberg zur chur gelangete hat er alsfort sich furgesetzet die orter so der hertzog uon stettin in der uker und newmarck einhatte ihm aus der hand zu reissen woruber auch im iahr mcdxii ein treffen auff dem thamme zu cremmen gehalten ist in welchem die quizawen auff pommerscher seyten stunden und graff iohannes uon hohenlohe sampt zwenen rittern als krafft uon leutersheim und philipp uon utenhofen unter andern geblieben sind
micraelius_pommernland03_1639,body,76,1,False,357,Es ſchlugen ſich aber die Wolgaſtiſche Fuͤrſten Bogißlaus VIII. vnd Hertzog Vlrich von Stargard aus Mechelnburg darzwiſchen/ vnd handelten die Sache alſo ab/ das der Churfuͤrſt dem Hertzogen gegen abtretung deſſen/ was er in der Vkermarck hatte/ drey tanſend Boͤhmiſche Schock/ vnd fuͤr Boyzenburg vnd Zedenick zwey tauſend Schock entrichten ſolte.,es ſchlugen ſich aber die wolgaſtiſche fuͤrſten bogißlaus viii vnd hertzog vlrich von stargard aus mechelnburg darzwiſchen vnd handelten die sache alſo ab das der churfuͤrſt dem hertzogen gegen abtretung deſſen was er in der vkermarck hatte drey tanſend boͤhmiſche schock vnd fuͤr boyzenburg vnd zedenick zwey tauſend schock entrichten ſolte,es schlugen sich aber die wolgastische fursten bogisslaus uiii und hertzog ulrich uon stargard aus mechelnburg darzwischen und handelten die sache also ab das der churfurst dem hertzogen gegen abtretung dessen was er in der ukermarck hatte drey tansend bohmische schock und fur boyzenburg und zedenick zwey tausend schock entrichten solte
micraelius_pommernland03_1639,body,76,2,False,357,Nichts deſto weniger hat der Churfuͤrſt bald darauff im Jahr mcdxx. es zum Kriege kommen laſſen/ vnd weil New Angermuͤnd nebe;n;ſt dem Schloſſe/ ſo nunmehr lxx. Jahr Pommerſch geweſen/ mit ſtarcker Beſatzung der Pommern beleget war/ hat er die Stadt berennen/ vnd in eyl einnehmen laſſen.,nichts deſto weniger hat der churfuͤrſt bald darauff im jahr mcdxx es zum kriege kommen laſſen vnd weil new angermuͤnd nebenſt dem schloſſe ſo nunmehr lxx jahr pommerſch geweſen mit ſtarcker beſatzung der pommern beleget war hat er die stadt berennen vnd in eyl einnehmen laſſen,nichts desto weniger hat der churfurst bald darauff im iahr mcdxx es zum kriege kommen lassen und weil new angermund nebenst dem schlosse so nunmehr lxx iahr pommersch gewesen mit starcker besatzung der pommern beleget war hat er die stadt berennen und in eyl einnehmen lassen
micraelius_pommernland03_1639,body,76,3,False,357,Das Schloß aber hielt ſich feſte vnter dem Amptman Jeniken von Brieſen/ biß das Hertzog Caſimir vnd mit jhm Magnus der Biſchoff von Cammin/ vnd ein Polniſcher Herr Cordebue/ oder wie jhn Haſtitius nennet/ Peter Kerdeluck/ denn der Koͤnig in Pohlen den Pommern mit etlichem Volcke zugeſchicket hette/ ankamen.,das schloß aber hielt ſich feſte vnter dem amptman jeniken von brieſen biß das hertzog caſimir vnd mit jhm magnus der biſchoff von cammin vnd ein polniſcher herr cordebue oder wie jhn haſtitius nennet peter kerdeluck denn der koͤnig in pohlen den pommern mit etlichem volcke zugeſchicket hette ankamen,das schloss aber hielt sich feste unter dem amptman ieniken uon briesen biss das hertzog casimir und mit ihm magnus der bischoff uon cammin und ein polnischer herr cordebue oder wie ihn hastitius nennet peter kerdeluck denn der konig in pohlen den pommern mit etlichem uolcke zugeschicket hette ankamen
micraelius_pommernland03_1639,body,76,4,False,357,Es hette aber das Chur Fuͤrfiliche Volck ſich in der Stadt wol verſchantzet/ vnd der Herr von Putlitz lag mit cccc. Reutern fuͤr dem Thor im Hinterhalt.,es hette aber das chur fuͤrfiliche volck ſich in der stadt wol verſchantzet vnd der herr von putlitz lag mit cccc reutern fuͤr dem thor im hinterhalt,es hette aber das chur furfiliche uolck sich in der stadt wol uerschantzet und der herr uon putlitz lag mit cccc reutern fur dem thor im hinterhalt
micraelius_pommernland03_1639,body,76,5,False,357,Deßwegen gab Herr Dietoff von Schwerin/ Pommeriſcher Marſchalck vnd Rittmeiſter/ den Rath/ man ſolte erſtlich auff den Herren von Putlitz gehen/ vnd die Reuter trennen.,deßwegen gab herr dietoff von schwerin pommeriſcher marſchalck vnd rittmeiſter den rath man ſolte erſtlich auff den herren von putlitz gehen vnd die reuter trennen,desswegen gab herr dietoff uon schwerin pommerischer marschalck und rittmeister den rath man solte erstlich auff den herren uon putlitz gehen und die reuter trennen
micraelius_pommernland03_1639,body,76,6,False,358,Aber Hertzog Caſimir fuͤhrete deſſen vngeacht das Krieges Volck zu Nacht durch das Schloß/ ſo die Seinen innen hetten/ in die Stadt/ vnd ließ vberall in den Gaſſen Stettin ruffen.,aber hertzog caſimir fuͤhrete deſſen vngeacht das krieges volck zu nacht durch das schloß ſo die seinen innen hetten in die stadt vnd ließ vberall in den gaſſen stettin ruffen,aber hertzog casimir fuhrete dessen ungeacht das krieges uolck zu nacht durch das schloss so die seinen innen hetten in die stadt und liess uberall in den gassen stettin ruffen
micraelius_pommernland03_1639,body,76,7,False,358,Koͤnte aber dem Churfuͤrſten vnd ſeinem Volck/ ſo ſich auffm Marckt verſchantzet hetten/ nichts angewinnen/ weil ſie ſich mit ſchieſſen tapffer heraus wehreten.,koͤnte aber dem churfuͤrſten vnd ſeinem volck ſo ſich auffm marckt verſchantzet hetten nichts angewinnen weil ſie ſich mit ſchieſſen tapffer heraus wehreten,konte aber dem churfursten und seinem uolck so sich auffm marckt uerschantzet hetten nichts angewinnen weil sie sich mit schiessen tapffer heraus wehreten
micraelius_pommernland03_1639,body,76,8,False,358,Vber das trang der Herꝛ von Putlitz mit ſeinen Reutern ruckwerts auff das Pommeriſche Volck hinein/ vnd ward alſo ein blutiges Treffen mitten in der Stadt gehalten/ in welchem Dietloff von Schwerin vnd Peter Trampe beyde Ritter nebenſt lx. von Adel mit vielen andern erſchlagen/ vnd cc. oder ccc. gefangen ſind.,vber das trang der herꝛ von putlitz mit ſeinen reutern ruckwerts auff das pommeriſche volck hinein vnd ward alſo ein blutiges treffen mitten in der stadt gehalten in welchem dietloff von schwerin vnd peter trampe beyde ritter nebenſt lx von adel mit vielen andern erſchlagen vnd cc oder ccc gefangen ſind,uber das trang der her uon putlitz mit seinen reutern ruckwerts auff das pommerische uolck hinein und ward also ein blutiges treffen mitten in der stadt gehalten in welchem dietloff uon schwerin und peter trampe beyde ritter nebenst lx uon adel mit uielen andern erschlagen und cc oder ccc gefangen sind
micraelius_pommernland03_1639,body,76,9,True,358,Derowegen hat Hertzog Caſimir mit dem Polniſchen vnd Biſchoͤflichen Volck die Flucht nehmen muͤſſen/ vnd hat alſo der Churfuͤrſt nicht allein das Schloß Angermuͤnde/ ſondern auch daß Schloß Greiffenberg/ Boyzenburg/ Zedenick/ Prentzlow/ ſo alle biß daher Stetiniſch geweſen/ zur Auffgabe gebracht/ vnd den Pommern abgenommen.,derowegen hat hertzog caſimir mit dem polniſchen vnd biſchoͤflichen volck die flucht nehmen muͤſſen vnd hat alſo der churfuͤrſt nicht allein das schloß angermuͤnde ſondern auch daß schloß greiffenberg boyzenburg zedenick prentzlow ſo alle biß daher stetiniſch geweſen zur auffgabe gebracht vnd den pommern abgenommen,derowegen hat hertzog casimir mit dem polnischen und bischoflichen uolck die flucht nehmen mussen und hat also der churfurst nicht allein das schloss angermunde sondern auch dass schloss greiffenberg boyzenburg zedenick prentzlow so alle biss daher stetinisch gewesen zur auffgabe gebracht und den pommern abgenommen
micraelius_pommernland03_1639,body,77,0,False,358,Ob aber woll auff einer gemeinen Fuͤrſtlichen Zuſammenkunfft zu Perleberg in der Prignitz ein Anſtand bedinget ward/ ſo haben dennoch die Stetinſche Fuͤrſten ſich hoͤchlich beſchweret befunden/ vnd Caſimirus hat ſich perſoͤhnlich nach Ofen in Hungern zu Kaͤyſer Sigiſmundo verfuͤget/ vnd wegen der im Jahr mcdxxiv. jhme vnd ſeinem Bruder abgenommenen Vkermarck ſich beklaget.,ob aber woll auff einer gemeinen fuͤrſtlichen zuſammenkunfft zu perleberg in der prignitz ein anſtand bedinget ward ſo haben dennoch die stetinſche fuͤrſten ſich hoͤchlich beſchweret befunden vnd caſimirus hat ſich perſoͤhnlich nach ofen in hungern zu kaͤyſer sigiſmundo verfuͤget vnd wegen der im jahr mcdxxiv jhme vnd ſeinem bruder abgenommenen vkermarck ſich beklaget,ob aber woll auff einer gemeinen furstlichen zusammenkunfft zu perleberg in der prignitz ein anstand bedinget ward so haben dennoch die stetinsche fursten sich hochlich beschweret befunden und casimirus hat sich persohnlich nach ofen in hungern zu kayser sigismundo uerfuget und wegen der im iahr mcdxxiu ihme und seinem bruder abgenommenen ukermarck sich beklaget
micraelius_pommernland03_1639,body,77,1,False,358,Als er wenig damit außrichtete/ ruckete er mit ſeinem Bruder fuͤr Prentzlow/ eroͤberte ſie mit gewalt/ vnd ließ ſich die Buͤrger ſchweren.,als er wenig damit außrichtete ruckete er mit ſeinem bruder fuͤr prentzlow eroͤberte ſie mit gewalt vnd ließ ſich die buͤrger ſchweren,als er wenig damit aussrichtete ruckete er mit seinem bruder fur prentzlow eroberte sie mit gewalt und liess sich die burger schweren
micraelius_pommernland03_1639,body,77,2,False,359,Weil aber Hertzog Otto jhnen vorwarff/ das ſie ſich nicht Maͤnnlich gewehret hetten/ vnd viele vnter jhnen ohne das guth Maͤrckiſch waren/ macheten ſie/ nach deme ſie drey Jahr in Pommeriſchr Gewalt geweſen/ mit dem Churfuͤrſten den Anſchlag/ das er zu Nacht ſeinen Sohn Marggraff Johannem fuͤr die Stadt ſchickete/ welchem dann auch alsfort die Buͤrger die Thoͤre auffthaten.,weil aber hertzog otto jhnen vorwarff das ſie ſich nicht maͤnnlich gewehret hetten vnd viele vnter jhnen ohne das guth maͤrckiſch waren macheten ſie nach deme ſie drey jahr in pommeriſchr gewalt geweſen mit dem churfuͤrſten den anſchlag das er zu nacht ſeinen sohn marggraff johannem fuͤr die stadt ſchickete welchem dann auch alsfort die buͤrger die thoͤre auffthaten,weil aber hertzog otto ihnen uorwarff das sie sich nicht mannlich gewehret hetten und uiele unter ihnen ohne das guth marckisch waren macheten sie nach deme sie drey iahr in pommerischr gewalt gewesen mit dem churfursten den anschlag das er zu nacht seinen sohn marggraff iohannem fur die stadt schickete welchem dann auch alsfort die burger die thore auffthaten
micraelius_pommernland03_1639,body,77,3,True,359,Alſo ward es mit gewalt dahin gebracht/ das Claus Kopen/ der Stetiniſche Hauptmann/ daß Schloß auffgeben muͤſte.,alſo ward es mit gewalt dahin gebracht das claus kopen der stetiniſche hauptmann daß schloß auffgeben muͤſte,also ward es mit gewalt dahin gebracht das claus kopen der stetinische hauptmann dass schloss auffgeben muste
micraelius_pommernland03_1639,body,78,0,False,359,Drauff iſt es abermahl zur guͤtlichen Handelung gekommen/ vnd iſt eine Erbeinigung zu Templin im Jahr mcdxxvij. auffgerichtet/ darin ſich Friederich vnd ſein Sohn Johannes/ Marggraffen zu Brandeburg/ mit Ottone II. vnd Caſimiro VI. Gebruͤdern/ Hertzogen zu Stettin/ in einen ewigen Vertrag alſo verbinden/ das ſie Friede/ Einigkeit/ vnd guten Willen gegen einander pflegen/ fuͤr einen Mann wider die Feinde ſtehen/ vnd ſo ja Zwiſt zwiſchen jhnen vorfallen werde/ denſelben durch jhre Raͤthe/ vnd ſo die ſich nicht vereinigen koͤnten/ durch die Hertzoge von Beyern/ Braunſchweig vnd Luͤnenburg/ vnd durch den Meiſter St. Johannis Ordens/ in der guͤte entſcheiden laſſen wollen/ vnd das in dieſe Einigung vnd Verbuͤndnus Wartislaff IX. vnd Barnimus VII. Gebruͤdere/ Hertzogen zu Stettin/ zu Wolgaſt vnd Fuͤrſten zu Ruͤgen/ wie auch Barnimus VIII. vnd Suantiborus IV. Gebruͤdere/ Hertzogen zu Stettin zu Barth/ vnd Fuͤrſten zu Ruͤgen/ vnd Bogislaum IX. Hertzog zu Stettin Pom̃ern/ der Wenden vnd Caſſuben/ mit allen jhren Landen/ Staͤdten vnd Leuten/ mit ſollen eingenommen werden.,drauff iſt es abermahl zur guͤtlichen handelung gekommen vnd iſt eine erbeinigung zu templin im jahr mcdxxvij auffgerichtet darin ſich friederich vnd ſein sohn johannes marggraffen zu brandeburg mit ottone ii vnd caſimiro vi gebruͤdern hertzogen zu stettin in einen ewigen vertrag alſo verbinden das ſie friede einigkeit vnd guten willen gegen einander pflegen fuͤr einen mann wider die feinde ſtehen vnd ſo ja zwiſt zwiſchen jhnen vorfallen werde denſelben durch jhre raͤthe vnd ſo die ſich nicht vereinigen koͤnten durch die hertzoge von beyern braunſchweig vnd luͤnenburg vnd durch den meiſter st johannis ordens in der guͤte entſcheiden laſſen wollen vnd das in dieſe einigung vnd verbuͤndnus wartislaff ix vnd barnimus vii gebruͤdere hertzogen zu stettin zu wolgaſt vnd fuͤrſten zu ruͤgen wie auch barnimus viii vnd suantiborus iv gebruͤdere hertzogen zu stettin zu barth vnd fuͤrſten zu ruͤgen vnd bogislaum ix hertzog zu stettin pom̃ern der wenden vnd caſſuben mit allen jhren landen staͤdten vnd leuten mit ſollen eingenommen werden,drauff ist es abermahl zur gutlichen handelung gekommen und ist eine erbeinigung zu templin im iahr mcdxxuii auffgerichtet darin sich friederich und sein sohn iohannes marggraffen zu brandeburg mit ottone ii und casimiro ui gebrudern hertzogen zu stettin in einen ewigen uertrag also uerbinden das sie friede einigkeit und guten willen gegen einander pflegen fur einen mann wider die feinde stehen und so ia zwist zwischen ihnen uorfallen werde denselben durch ihre rathe und so die sich nicht uereinigen konten durch die hertzoge uon beyern braunschweig und lunenburg und durch den meister st iohannis ordens in der gute entscheiden lassen wollen und das in diese einigung und uerbundnus wartislaff ix und barnimus uii gebrudere hertzogen zu stettin zu wolgast und fursten zu rugen wie auch barnimus uiii und suantiborus iu gebrudere hertzogen zu stettin zu barth und fursten zu rugen und bogislaum ix hertzog zu stettin pommern der wenden und cassuben mit allen ihren landen stadten und leuten mit sollen eingenommen werden
micraelius_pommernland03_1639,body,78,1,True,360,Hierauff ward eine Heurath zwiſchen Marggraff Johannis Tochter/ vnd Hertzog Caſimir VI. Sohn Joachim abgeredet/ vnd folgendes vollenzogen.,hierauff ward eine heurath zwiſchen marggraff johannis tochter vnd hertzog caſimir vi sohn joachim abgeredet vnd folgendes vollenzogen,hierauff ward eine heurath zwischen marggraff iohannis tochter und hertzog casimir ui sohn ioachim abgeredet und folgendes uollenzogen
micraelius_pommernland03_1639,body,79,0,False,360,Vnter deſſen fieng der Hußitiſche Krieg mit macht an/ auch biß auff dieſe Laͤnder/ herein zutringen/ welcher daher entſtanden war/ das die Boͤhmen Johannis Huſſen Lehre/ die er wieder des Bapſtes Tyranney fuͤhrete/ vnd daruͤber er/ wider gegebenes Geleit/ zu Coſtnitz verbrand war/ mit Gewalt verthedigen.,vnter deſſen fieng der hußitiſche krieg mit macht an auch biß auff dieſe laͤnder herein zutringen welcher daher entſtanden war das die boͤhmen johannis huſſen lehre die er wieder des bapſtes tyranney fuͤhrete vnd daruͤber er wider gegebenes geleit zu coſtnitz verbrand war mit gewalt verthedigen,unter dessen fieng der hussitische krieg mit macht an auch biss auff diese lander herein zutringen welcher daher entstanden war das die bohmen iohannis hussen lehre die er wieder des bapstes tyranney fuhrete und daruber er wider gegebenes geleit zu costnitz uerbrand war mit gewalt uerthedigen
micraelius_pommernland03_1639,body,79,1,True,360,Sie haben vnter jhrem Fuͤhrs Mann Johan Zißka wol fuͤnffmahl jhres Kaͤyſers vnd Koͤniges Sigismundi Heer zertrennet/ vnd in Maͤhren/ Meiſſen/ Laußniz vnd Schleſien groſſen Schaden gethan/ auch in der Marck Angermuͤnd eingenommen/ Franckfurt an der Oder/ doch vergeblich/ belagert/ Muͤnchsberg/ Labuß/ Straußberg/ Landsberg/ vnd alles vmb Koͤnigesberg/ vnd in der gantzen Newe Marck gepluͤndert/ vnd durch das Land zu Stettin bis ans Colbaziſche Cloſter geſtreiffet.,sie haben vnter jhrem fuͤhrs mann johan zißka wol fuͤnffmahl jhres kaͤyſers vnd koͤniges sigismundi heer zertrennet vnd in maͤhren meiſſen laußniz vnd schleſien groſſen schaden gethan auch in der marck angermuͤnd eingenommen franckfurt an der oder doch vergeblich belagert muͤnchsberg labuß straußberg landsberg vnd alles vmb koͤnigesberg vnd in der gantzen newe marck gepluͤndert vnd durch das land zu stettin bis ans colbaziſche cloſter geſtreiffet,sie haben unter ihrem fuhrs mann iohan zisska wol funffmahl ihres kaysers und koniges sigismundi heer zertrennet und in mahren meissen laussniz und schlesien grossen schaden gethan auch in der marck angermund eingenommen franckfurt an der oder doch uergeblich belagert munchsberg labuss straussberg landsberg und alles umb konigesberg und in der gantzen newe marck geplundert und durch das land zu stettin bis ans colbazische closter gestreiffet
micraelius_pommernland03_1639,body,80,0,False,360,Es hatte aber der Kaͤyſer das gantze Roͤmiſche Reich wieder die Huſſiten zur Gegenwehr angemahnet/ vnd zu dem Ende eine Reichsſtewr erlanget.,es hatte aber der kaͤyſer das gantze roͤmiſche reich wieder die huſſiten zur gegenwehr angemahnet vnd zu dem ende eine reichsſtewr erlanget,es hatte aber der kayser das gantze romische reich wieder die hussiten zur gegenwehr angemahnet und zu dem ende eine reichsstewr erlanget
micraelius_pommernland03_1639,body,80,1,True,360,Derowegen hat Hertzog Caſimir von Stettin/ auff deme nunmehr die Regierung allein lag/ weil ſein Bruder Otto im Jahr mcdxxvij. ohne Erben verſtorben war/ nicht alleine etliche hundert Pferde dem Kaͤyſer zu huͤlffe geſand/ ſondern auch die Stewr allenthalben in ſeinem Lande einſamblen laſſen.,derowegen hat hertzog caſimir von stettin auff deme nunmehr die regierung allein lag weil ſein bruder otto im jahr mcdxxvij ohne erben verſtorben war nicht alleine etliche hundert pferde dem kaͤyſer zu huͤlffe geſand ſondern auch die stewr allenthalben in ſeinem lande einſamblen laſſen,derowegen hat hertzog casimir uon stettin auff deme nunmehr die regierung allein lag weil sein bruder otto im iahr mcdxxuii ohne erben uerstorben war nicht alleine etliche hundert pferde dem kayser zu hulffe gesand sondern auch die stewr allenthalben in seinem lande einsamblen lassen
micraelius_pommernland03_1639,body,81,0,False,361,Eben aber vmb ſolche Zeit ſahe es in der Stadt Stettin ſeltzam aus/ weil zweene Rathsverwandten vom Adel/ Johann von Borcken/ vnd Dubslaff von Nazmersdorff/ die wegen einer Rechtsſache die Burgermeiſtere vnd Eltiſten des Raths hart angegriffen hetten/ nicht allein etliche zeit in gefaͤnglicher Hafft gehalten/ ſondern auch jhres Ehrenſtandes entſetzet/ vnd aus der Stadt verfeſtet waren/ Aber ſie hiengen die Sache ans Kaͤyſerliche Hoffgerichte/ vnd wircketen ſcharffe Befehle aus.,eben aber vmb ſolche zeit ſahe es in der stadt stettin ſeltzam aus weil zweene rathsverwandten vom adel johann von borcken vnd dubslaff von nazmersdorff die wegen einer rechtsſache die burgermeiſtere vnd eltiſten des raths hart angegriffen hetten nicht allein etliche zeit in gefaͤnglicher hafft gehalten ſondern auch jhres ehrenſtandes entſetzet vnd aus der stadt verfeſtet waren aber ſie hiengen die sache ans kaͤyſerliche hoffgerichte vnd wircketen ſcharffe befehle aus,eben aber umb solche zeit sahe es in der stadt stettin seltzam aus weil zweene rathsuerwandten uom adel iohann uon borcken und dubslaff uon nazmersdorff die wegen einer rechtssache die burgermeistere und eltisten des raths hart angegriffen hetten nicht allein etliche zeit in gefanglicher hafft gehalten sondern auch ihres ehrenstandes entsetzet und aus der stadt uerfestet waren aber sie hiengen die sache ans kayserliche hoffgerichte und wircketen scharffe befehle aus
micraelius_pommernland03_1639,body,81,1,False,361,Daruͤber ward endlich die Gemeine wieder den Rath rege/ vnd die Buͤrger/ da ſie mit zu der Huſſitiſchen auffgelegten Land- vnd Reichsſtewr zulegen ſolten/ forderten von den Stadt Guͤtern Rechnuug/ vnd als die im Rhate dagegen/ was zu erhaltung jhres Standes noͤtig war/ einwandten/ jagten ſie dieſelbe aus der Stadt/ eroͤffneten die Caͤmmerey mit gewalt/ durchſucheten alle Heimligkeiten der Stadt/ ſetzeten etliche aus jhrem Mittel/ vnd inſonderheit zweene Becker Gerhard von Affen/ vnd Hans Kerckhoff/ ſo die rechte Redlingsfuͤhrer waren/ zu Caͤmmerern vnd Rhatsherren/ vnd fiengen alſo ein newes Regiment an. Der alte außgetriebene Rhat ſuchete Huͤlffe bey Hertzog Caſimiro.,daruͤber ward endlich die gemeine wieder den rath rege vnd die buͤrger da ſie mit zu der huſſitiſchen auffgelegten land vnd reichsſtewr zulegen ſolten forderten von den stadt guͤtern rechnuug vnd als die im rhate dagegen was zu erhaltung jhres standes noͤtig war einwandten jagten ſie dieſelbe aus der stadt eroͤffneten die caͤmmerey mit gewalt durchſucheten alle heimligkeiten der stadt ſetzeten etliche aus jhrem mittel vnd inſonderheit zweene becker gerhard von affen vnd hans kerckhoff ſo die rechte redlingsfuͤhrer waren zu caͤmmerern vnd rhatsherren vnd fiengen alſo ein newes regiment an der alte außgetriebene rhat ſuchete huͤlffe bey hertzog caſimiro,daruber ward endlich die gemeine wieder den rath rege und die burger da sie mit zu der hussitischen auffgelegten land und reichsstewr zulegen solten forderten uon den stadt gutern rechnuug und als die im rhate dagegen was zu erhaltung ihres standes notig war einwandten iagten sie dieselbe aus der stadt eroffneten die cammerey mit gewalt durchsucheten alle heimligkeiten der stadt setzeten etliche aus ihrem mittel und insonderheit zweene becker gerhard uon affen und hans kerckhoff so die rechte redlingsfuhrer waren zu cammerern und rhatsherren und fiengen also ein newes regiment an der alte aussgetriebene rhat suchete hulffe bey hertzog casimiro
micraelius_pommernland03_1639,body,81,2,False,361,Derſelbe verſchrieb ſeinen Adel/ zog in die Stadt/ vnd ob er wol anfaͤnglich wegen eines groſſen Rumors/ den die beyde Becker angerichtet hetten/ nichts außrichten koͤnte/ ſo hat er doch endlich erhalten/ das der alte Rhat wieder in vorigen Stand geſetzet ward: Ließ auch die beyde Becker als die vornembſte Auffwiegeler auffs Rad legen/ belegete andere mit anderen Straffen/ forderte von der gantzen Gemeine xij. tauſend Marck Straffe/ vnd legete ein Fuͤrſtlich Schloß/ ſich in ſolchen Faͤllen deſto mehr zu verſicheren/ in der Stadt auff/ welches er doch vor ſeinem Ende wieder hat abbrechen laſſen.,derſelbe verſchrieb ſeinen adel zog in die stadt vnd ob er wol anfaͤnglich wegen eines groſſen rumors den die beyde becker angerichtet hetten nichts außrichten koͤnte ſo hat er doch endlich erhalten das der alte rhat wieder in vorigen stand geſetzet ward ließ auch die beyde becker als die vornembſte auffwiegeler auffs rad legen belegete andere mit anderen straffen forderte von der gantzen gemeine xij tauſend marck straffe vnd legete ein fuͤrſtlich schloß ſich in ſolchen faͤllen deſto mehr zu verſicheren in der stadt auff welches er doch vor ſeinem ende wieder hat abbrechen laſſen,derselbe uerschrieb seinen adel zog in die stadt und ob er wol anfanglich wegen eines grossen rumors den die beyde becker angerichtet hetten nichts aussrichten konte so hat er doch endlich erhalten das der alte rhat wieder in uorigen stand gesetzet ward liess auch die beyde becker als die uornembste auffwiegeler auffs rad legen belegete andere mit anderen straffen forderte uon der gantzen gemeine xii tausend marck straffe und legete ein furstlich schloss sich in solchen fallen desto mehr zu uersicheren in der stadt auff welches er doch uor seinem ende wieder hat abbrechen lassen
micraelius_pommernland03_1639,body,81,3,False,362,Damit iſt gleichwol der Handel noch nicht geſchlichtet worden.,damit iſt gleichwol der handel noch nicht geſchlichtet worden,damit ist gleichwol der handel noch nicht geschlichtet worden
micraelius_pommernland03_1639,body,81,4,False,362,Dann vorbemelte beyde Rathsverwandte/ der von Borcken vnd der von Nazmersdorff/ hoͤreten nicht auff die Stadt Stettin beym Kaͤyſer anzugeben/ biß auch endlich dieſelbe in die Reichs Acht erkleret/ vnd auff tauſent Marck loͤtiges Goldes verdammet ward.,dann vorbemelte beyde rathsverwandte der von borcken vnd der von nazmersdorff hoͤreten nicht auff die stadt stettin beym kaͤyſer anzugeben biß auch endlich dieſelbe in die reichs acht erkleret vnd auff tauſent marck loͤtiges goldes verdammet ward,dann uorbemelte beyde rathsuerwandte der uon borcken und der uon nazmersdorff horeten nicht auff die stadt stettin beym kayser anzugeben biss auch endlich dieselbe in die reichs acht erkleret und auff tausent marck lotiges goldes uerdammet ward
micraelius_pommernland03_1639,body,81,5,True,362,Aber Hertzog Caſimir hat ſich derſelben Lands Fuͤrſtlich angenom̃en/ vnd es dahin gebracht/ das der Kaͤyſer nach beſſerer Eroͤrterung der Sachen die Stadt von aller Schuld vnd Anforderung loß zehlete.,aber hertzog caſimir hat ſich derſelben lands fuͤrſtlich angenom̃en vnd es dahin gebracht das der kaͤyſer nach beſſerer eroͤrterung der sachen die stadt von aller schuld vnd anforderung loß zehlete,aber hertzog casimir hat sich derselben lands furstlich angenommen und es dahin gebracht das der kayser nach besserer erorterung der sachen die stadt uon aller schuld und anforderung loss zehlete
micraelius_pommernland03_1639,body,82,0,False,362,Noch ein Auffruhr entſtand zu der Zeit im Jahr mcdxxxij. zwiſchen dem Apt zu Belbuck vnd den Wachhoͤltern wider Zuͤles von Wedeln/ vnd die von Limern/ ſonſt des Lebens halben die Mann Teuffel genant/ darunter Heinrich der Vornembſte war.,noch ein auffruhr entſtand zu der zeit im jahr mcdxxxij zwiſchen dem apt zu belbuck vnd den wachhoͤltern wider zuͤles von wedeln vnd die von limern ſonſt des lebens halben die mann teuffel genant darunter heinrich der vornembſte war,noch ein auffruhr entstand zu der zeit im iahr mcdxxxii zwischen dem apt zu belbuck und den wachholtern wider zules uon wedeln und die uon limern sonst des lebens halben die mann teuffel genant darunter heinrich der uornembste war
micraelius_pommernland03_1639,body,82,1,True,362,Der Muͤnch ruckete fuͤr das Schloß Colpin/ als daraus viele Raͤuberey geſchehen war/ ſtuͤrmete vnd eroͤberte es/ vnd brach es mit huͤlffe der Treptowiſchen vnd Colber giſchen in den grund/ vnd bekamb Zuͤles von Wedelen gefangen.,der muͤnch ruckete fuͤr das schloß colpin als daraus viele raͤuberey geſchehen war ſtuͤrmete vnd eroͤberte es vnd brach es mit huͤlffe der treptowiſchen vnd colber giſchen in den grund vnd bekamb zuͤles von wedelen gefangen,der munch ruckete fur das schloss colpin als daraus uiele rauberey geschehen war sturmete und eroberte es und brach es mit hulffe der treptowischen und colber gischen in den grund und bekamb zules uon wedelen gefangen
micraelius_pommernland03_1639,body,83,0,False,362,Zwey Jahr aber hernach verfiel Hertzog Caſimir/ vnd kam die Stetiniſche Regierung auff ſeinen Sohn Joachim/ welcher xvij. Jahr das Regiment gar loͤblich vnd friedfertig gefuͤhret hat.,zwey jahr aber hernach verfiel hertzog caſimir vnd kam die stetiniſche regierung auff ſeinen sohn joachim welcher xvij jahr das regiment gar loͤblich vnd friedfertig gefuͤhret hat,zwey iahr aber hernach uerfiel hertzog casimir und kam die stetinische regierung auff seinen sohn ioachim welcher xuii iahr das regiment gar loblich und friedfertig gefuhret hat
micraelius_pommernland03_1639,body,83,1,False,362,Einmahl gleichwol iſt er durch Hertzog Heinrich von Mechelnburg/ den die alte Wendiſche vnd Mechelburgiſche Chronicken/ aller Maͤrckiſchen vnd Pommeriſchen Kuhefeind/ nennen/ ins Harniſch gebracht; Vnd hat er nebenſt Churfuͤrſt Friderich/ vnd Hertzog Barnimo VIII. von Barht im Jahr mcdxl. Hertzog Heinrichs Land vberzogen/ vnd auch ſein Kuhefleiſch ſchmecken wollen.,einmahl gleichwol iſt er durch hertzog heinrich von mechelnburg den die alte wendiſche vnd mechelburgiſche chronicken aller maͤrckiſchen vnd pommeriſchen kuhefeind nennen ins harniſch gebracht vnd hat er nebenſt churfuͤrſt friderich vnd hertzog barnimo viii von barht im jahr mcdxl hertzog heinrichs land vberzogen vnd auch ſein kuhefleiſch ſchmecken wollen,einmahl gleichwol ist er durch hertzog heinrich uon mechelnburg den die alte wendische und mechelburgische chronicken aller marckischen und pommerischen kuhefeind nennen ins harnisch gebracht und hat er nebenst churfurst friderich und hertzog barnimo uiii uon barht im iahr mcdxl hertzog heinrichs land uberzogen und auch sein kuhefleisch schmecken wollen
micraelius_pommernland03_1639,body,83,2,True,363,Jn dieſer Fehde ſind dem Mechelburger Woldeg/ Lichen/ vnd Kalenberg abgenommen/ aber der Handel iſt bald auffgegriffen: Vnd hat der Churfuͤrſt von Brandenburg Lichen behalten; Den andern beyden Fuͤrſten iſt gebuͤhrliche erſtatung wegen jhres erlittenen Schadens von Hertzog Heinrichen wiederfahren.,jn dieſer fehde ſind dem mechelburger woldeg lichen vnd kalenberg abgenommen aber der handel iſt bald auffgegriffen vnd hat der churfuͤrſt von brandenburg lichen behalten den andern beyden fuͤrſten iſt gebuͤhrliche erſtatung wegen jhres erlittenen schadens von hertzog heinrichen wiederfahren,in dieser fehde sind dem mechelburger woldeg lichen und kalenberg abgenommen aber der handel ist bald auffgegriffen und hat der churfurst uon brandenburg lichen behalten den andern beyden fursten ist gebuhrliche erstatung wegen ihres erlittenen schadens uon hertzog heinrichen wiederfahren
micraelius_pommernland03_1639,body,84,0,False,363,Gemelter Hertzog Joachim verfiel im Jahr mcdli. an der domahls graſſierenden Peſte: Seine Gemaͤhlin verheurathete ſich anderweit an Marggraff Ludewig von Mantua.,gemelter hertzog joachim verfiel im jahr mcdli an der domahls graſſierenden peſte seine gemaͤhlin verheurathete ſich anderweit an marggraff ludewig von mantua,gemelter hertzog ioachim uerfiel im iahr mcdli an der domahls grassierenden peste seine gemahlin uerheurathete sich anderweit an marggraff ludewig uon mantua
micraelius_pommernland03_1639,body,84,1,False,363,Sein Sohn Otto III. welchen er nur alleine nachgelaſſen hette/ war noch minder Jaͤhrig.,sein sohn otto iii welchen er nur alleine nachgelaſſen hette war noch minder jaͤhrig,sein sohn otto iii welchen er nur alleine nachgelassen hette war noch minder iahrig
micraelius_pommernland03_1639,body,84,2,True,363,Derowegen nam jhn Churfuͤrſt Friederich zu Brandenburg/ deme der Vater nicht ohne geringen Wiederwillen des naͤhiſten Vaͤttern Wartislai IX. die Vormundſchafft auffgetragen hette/ zu ſich an den Berlinſchen Hoff/ vnd erzog jhn zu allen Fuͤrſtlichen Tugenden/ vnd als er ix. Jahr daſelbſt zugebracht hatte/ vnd nunmehr zur Regierung tuͤchtig befunden ward/ iſt er im Jahr mcdlxi. durch Marggraff Albrecht/ Chur Fuͤrſt Friederichs Bruder/ den man den Teutſchen Achillem nennet/ zu Stettin der verſambleten Landſchafft mit einer anſehenlichen Rede anvertrawet/ vnd hat die Huldigung im Lande mit ſonderen Frewden der Vnterthanen auffgenommen.,derowegen nam jhn churfuͤrſt friederich zu brandenburg deme der vater nicht ohne geringen wiederwillen des naͤhiſten vaͤttern wartislai ix die vormundſchafft auffgetragen hette zu ſich an den berlinſchen hoff vnd erzog jhn zu allen fuͤrſtlichen tugenden vnd als er ix jahr daſelbſt zugebracht hatte vnd nunmehr zur regierung tuͤchtig befunden ward iſt er im jahr mcdlxi durch marggraff albrecht chur fuͤrſt friederichs bruder den man den teutſchen achillem nennet zu stettin der verſambleten landſchafft mit einer anſehenlichen rede anvertrawet vnd hat die huldigung im lande mit ſonderen frewden der vnterthanen auffgenommen,derowegen nam ihn churfurst friederich zu brandenburg deme der uater nicht ohne geringen wiederwillen des nahisten uattern wartislai ix die uormundschafft auffgetragen hette zu sich an den berlinschen hoff und erzog ihn zu allen furstlichen tugenden und als er ix iahr daselbst zugebracht hatte und nunmehr zur regierung tuchtig befunden ward ist er im iahr mcdlxi durch marggraff albrecht chur furst friederichs bruder den man den teutschen achillem nennet zu stettin der uersambleten landschafft mit einer ansehenlichen rede anuertrawet und hat die huldigung im lande mit sonderen frewden der unterthanen auffgenommen
micraelius_pommernland03_1639,body,85,0,False,364,Aber dieſe Frewde hat ſich zeitig verkehret/ dann im dritten Jahr hernach iſt das junge Fuͤrſtliche Blut ohne Gemahl vnd Erben/ vnd zwar auch an der Peſte/ wie die Chronicken ſagen/ verfallen.,aber dieſe frewde hat ſich zeitig verkehret dann im dritten jahr hernach iſt das junge fuͤrſtliche blut ohne gemahl vnd erben vnd zwar auch an der peſte wie die chronicken ſagen verfallen,aber diese frewde hat sich zeitig uerkehret dann im dritten iahr hernach ist das iunge furstliche blut ohne gemahl und erben und zwar auch an der peste wie die chronicken sagen uerfallen
micraelius_pommernland03_1639,body,85,1,True,364,Was fuͤr Vnruhe drauff im Lande entſtanden ſey/ vnd wie der Churfuͤrſt von Brandenburg wider die andere Pom̃eriſche Wolgaſtiſche Linij das Hertzogthumb ſich zueigenen wollen/ ſol hernach berichtet werden/ wann wir erſtlich das/ was ſeither in Wolgaſtiſcher Regierung fuͤrgefallen/ erzehlet haben.,was fuͤr vnruhe drauff im lande entſtanden ſey vnd wie der churfuͤrſt von brandenburg wider die andere pom̃eriſche wolgaſtiſche linij das hertzogthumb ſich zueigenen wollen ſol hernach berichtet werden wann wir erſtlich das was ſeither in wolgaſtiſcher regierung fuͤrgefallen erzehlet haben,was fur unruhe drauff im lande entstanden sey und wie der churfurst uon brandenburg wider die andere pommerische wolgastische linii das hertzogthumb sich zueigenen wollen sol hernach berichtet werden wann wir erstlich das was seither in wolgastischer regierung furgefallen erzehlet haben
micraelius_pommernland03_1639,body,86,0,False,364,Bogißlaus IV. vnd Otto I. Gebruͤdere haben/ wie droben iſt außgefuͤhret worden/ im Jahr mccxcv. das Hertzogthnmb Pommeren von einander geſetzet/ vnd iſt Ottoni die Stetiniſche Regierung/ ſo mehr im Lande lieget/ zugefallen.,bogißlaus iv vnd otto i gebruͤdere haben wie droben iſt außgefuͤhret worden im jahr mccxcv das hertzogthnmb pommeren von einander geſetzet vnd iſt ottoni die stetiniſche regierung ſo mehr im lande lieget zugefallen,bogisslaus iu und otto i gebrudere haben wie droben ist aussgefuhret worden im iahr mccxcu das hertzogthnmb pommeren uon einander gesetzet und ist ottoni die stetinische regierung so mehr im lande lieget zugefallen
micraelius_pommernland03_1639,body,86,1,True,364,Bogißlaus aber hat die Strandoͤrter/ die man ſonſt eigentlich Pommeren nennet/ vnd alſo die Wolgaſtiſche Regierung einbekommen/ welche in ſich das Land begreiffet/ das zwiſchen Ruͤgen vnd der Peene gelegen/ vnd dabeneben die beyde Jnſulen Wollin vnd Vſedom/ vnd das Land von Stargard biß an den Gollenberg.,bogißlaus aber hat die strandoͤrter die man ſonſt eigentlich pommeren nennet vnd alſo die wolgaſtiſche regierung einbekommen welche in ſich das land begreiffet das zwiſchen ruͤgen vnd der peene gelegen vnd dabeneben die beyde jnſulen wollin vnd vſedom vnd das land von stargard biß an den gollenberg,bogisslaus aber hat die strandorter die man sonst eigentlich pommeren nennet und also die wolgastische regierung einbekommen welche in sich das land begreiffet das zwischen rugen und der peene gelegen und dabeneben die beyde insulen wollin und usedom und das land uon stargard biss an den gollenberg
micraelius_pommernland03_1639,body,87,0,False,364,Dieſer Bogißlaus bemuͤhete ſich anfaͤnglich ſehr/ von den Polen das Hinter Pommeren wieder zuerlangen/ welche es nach Meſtevins Todte eingenommen hetten.,dieſer bogißlaus bemuͤhete ſich anfaͤnglich ſehr von den polen das hinter pommeren wieder zuerlangen welche es nach meſtevins todte eingenommen hetten,dieser bogisslaus bemuhete sich anfanglich sehr uon den polen das hinter pommeren wieder zuerlangen welche es nach mesteuins todte eingenommen hetten
micraelius_pommernland03_1639,body,87,1,False,364,Wie er aber wenig damit erhalten/ vnd dennoch etliche oͤrter/ als Belgard vnd Ruͤgenwalde/ zu ſich gebracht/ vnd dieſelbe in den groſſen Kriegen/ die zwiſchen den Pohlen vnd dem Orden der Creutzherren/ mit zuziehung der Marggrafen/ gefuͤhret worden/ beybehalten hat/ iſt im vorigen Buch dargethan.,wie er aber wenig damit erhalten vnd dennoch etliche oͤrter als belgard vnd ruͤgenwalde zu ſich gebracht vnd dieſelbe in den groſſen kriegen die zwiſchen den pohlen vnd dem orden der creutzherren mit zuziehung der marggrafen gefuͤhret worden beybehalten hat iſt im vorigen buch dargethan,wie er aber wenig damit erhalten und dennoch etliche orter als belgard und rugenwalde zu sich gebracht und dieselbe in den grossen kriegen die zwischen den pohlen und dem orden der creutzherren mit zuziehung der marggrafen gefuhret worden beybehalten hat ist im uorigen buch dargethan
micraelius_pommernland03_1639,body,87,2,False,365,Sonſt iſt er ein Fuͤrſt von groſſem Gemuͤthe vnd Geſchickligkeit geweſen/ den man auch deßwegen Leib vnd Seel genennet hat/ vnd hat das Lob erjaget/ das man von jhme geredet vnd geſchrieben/ Er hette nie etwas vnweißlich gethan oder geredet.,sonſt iſt er ein fuͤrſt von groſſem gemuͤthe vnd geſchickligkeit geweſen den man auch deßwegen leib vnd seel genennet hat vnd hat das lob erjaget das man von jhme geredet vnd geſchrieben er hette nie etwas vnweißlich gethan oder geredet,sonst ist er ein furst uon grossem gemuthe und geschickligkeit gewesen den man auch desswegen leib und seel genennet hat und hat das lob eriaget das man uon ihme geredet und geschrieben er hette nie etwas unweisslich gethan oder geredet
micraelius_pommernland03_1639,body,87,3,False,365,Endlich iſt er im Jahr mcccix. mit Todt abgegangen/ eben zu der zeit/ da kurtz zuvor ein gewaltiger Sturmwind das Land zu Ruͤgen vom Ruden/ dazwiſchen nur ein kleines Stroͤmichen bißher geweſen war/ das man zu Fuſſe daruͤber gehen koͤnte/ abgeriſſen/ vnd eine newe Schiffarth gemachethat/ die man anjetzo das newe Tieff nennet/ das alſo nunmehr/ da man zuvor Erbſen geſeet/ groſſe Schiffe vbergeben koͤnnen/ vnd zwiſchen Ruͤgen vnd Ruden mehr als eine Meyle weges tieffe Waſſer brauſen.,endlich iſt er im jahr mcccix mit todt abgegangen eben zu der zeit da kurtz zuvor ein gewaltiger sturmwind das land zu ruͤgen vom ruden dazwiſchen nur ein kleines stroͤmichen bißher geweſen war das man zu fuſſe daruͤber gehen koͤnte abgeriſſen vnd eine newe schiffarth gemachethat die man anjetzo das newe tieff nennet das alſo nunmehr da man zuvor erbſen geſeet groſſe schiffe vbergeben koͤnnen vnd zwiſchen ruͤgen vnd ruden mehr als eine meyle weges tieffe waſſer brauſen,endlich ist er im iahr mcccix mit todt abgegangen eben zu der zeit da kurtz zuuor ein gewaltiger sturmwind das land zu rugen uom ruden dazwischen nur ein kleines stromichen bissher gewesen war das man zu fusse daruber gehen konte abgerissen und eine newe schiffarth gemachethat die man anietzo das newe tieff nennet das also nunmehr da man zuuor erbsen geseet grosse schiffe ubergeben konnen und zwischen rugen und ruden mehr als eine meyle weges tieffe wasser brausen
micraelius_pommernland03_1639,body,87,4,False,365,Etliche ſetzen dieſen Waſſer Riß ins Jahr mccciij. oder iv. vnd melden dabeneben/ das er den Strallſundiſchen ſehr bequem gefallen ſey/ weil die Hollender mit jhrem Ballaſt jhnen faſt den Gellen verſencket hetten/ das er nicht vber iij. Elen tieff Waſſer gehabt hat.,etliche ſetzen dieſen waſſer riß ins jahr mccciij oder iv vnd melden dabeneben das er den strallſundiſchen ſehr bequem gefallen ſey weil die hollender mit jhrem ballaſt jhnen faſt den gellen verſencket hetten das er nicht vber iij elen tieff waſſer gehabt hat,etliche setzen diesen wasser riss ins iahr mccciii oder iu und melden dabeneben das er den strallsundischen sehr bequem gefallen sey weil die hollender mit ihrem ballast ihnen fast den gellen uersencket hetten das er nicht uber iii elen tieff wasser gehabt hat
micraelius_pommernland03_1639,body,87,5,True,365,Solchen Schaden hat das Newe Tieff erſetzet.,solchen schaden hat das newe tieff erſetzet,solchen schaden hat das newe tieff ersetzet
micraelius_pommernland03_1639,body,88,0,False,365,Sein einiger Sohn Wartißlaff IV. hat anfaͤnglich ſeine Hoffhaltung zu Ancklam gehabt/ vnd durch eine Geltſtewr bey der vmbliegenden Landſchafft den langen ſteinernen Tham zu ſolcher Stadt verfertigen laſſen.,sein einiger sohn wartißlaff iv hat anfaͤnglich ſeine hoffhaltung zu ancklam gehabt vnd durch eine geltſtewr bey der vmbliegenden landſchafft den langen ſteinernen tham zu ſolcher stadt verfertigen laſſen,sein einiger sohn wartisslaff iu hat anfanglich seine hoffhaltung zu ancklam gehabt und durch eine geltstewr bey der umbliegenden landschafft den langen steinernen tham zu solcher stadt uerfertigen lassen
micraelius_pommernland03_1639,body,88,1,True,365,Aber hernach/ da er ein fleiſſig Auge auff das Hinter Pommeren/ darin ſich groſſe Vuruhen zwiſchen Pohlen/ dem Orden vnd den Maͤrckern eraͤugeten/ haben muͤſte/ reumete er ſein Schloß in Ancklam den Auguſtinianer Muͤnchen zum Cloſter ein/ vnd verlegete das Hofflager nach Belgard/ vnd bawete zu des Landes beſtetigung an der Polniſchen Grentze das Schloß vnd die Stadt Newen Stettin an der Cudda: Namb auch/ wie im vorigen Buch ſchon erwehnet/ das Land in Hinter Pommeren zu ſich/ ſo von der Stolpa an biß an den Gollenberg ſich erſtrecket/ vnd daruͤber Marggraff Waldemar vnd ſeine Vettern ſich eine Gerechtigkeit zuſchreiben wolten.,aber hernach da er ein fleiſſig auge auff das hinter pommeren darin ſich groſſe vuruhen zwiſchen pohlen dem orden vnd den maͤrckern eraͤugeten haben muͤſte reumete er ſein schloß in ancklam den auguſtinianer muͤnchen zum cloſter ein vnd verlegete das hofflager nach belgard vnd bawete zu des landes beſtetigung an der polniſchen grentze das schloß vnd die stadt newen stettin an der cudda namb auch wie im vorigen buch ſchon erwehnet das land in hinter pommeren zu ſich ſo von der stolpa an biß an den gollenberg ſich erſtrecket vnd daruͤber marggraff waldemar vnd ſeine vettern ſich eine gerechtigkeit zuſchreiben wolten,aber hernach da er ein fleissig auge auff das hinter pommeren darin sich grosse uuruhen zwischen pohlen dem orden und den marckern eraugeten haben muste reumete er sein schloss in ancklam den augustinianer munchen zum closter ein und uerlegete das hofflager nach belgard und bawete zu des landes bestetigung an der polnischen grentze das schloss und die stadt newen stettin an der cudda namb auch wie im uorigen buch schon erwehnet das land in hinter pommeren zu sich so uon der stolpa an biss an den gollenberg sich erstrecket und daruber marggraff waldemar und seine uettern sich eine gerechtigkeit zuschreiben wolten
micraelius_pommernland03_1639,body,89,0,False,366,Neben deme iſt auch das anſehenliche Fuͤrſtenthumb Ruͤgen auff gemelten Wartislaum vnd ſeine Erben/ nach abſterben des letzten Rugianiſchen Fuͤrſten Wißlavi IV. gekommen.,neben deme iſt auch das anſehenliche fuͤrſtenthumb ruͤgen auff gemelten wartislaum vnd ſeine erben nach abſterben des letzten rugianiſchen fuͤrſten wißlavi iv gekommen,neben deme ist auch das ansehenliche furstenthumb rugen auff gemelten wartislaum und seine erben nach absterben des letzten rugianischen fursten wisslaui iu gekommen
micraelius_pommernland03_1639,body,89,1,False,366,Dieſer Wißlavus war in gerader Linij von Fuͤrſt Razen entſproſſen/ der ſich nach Critonis des maͤchtigen Fuͤrſten todte/ vber xxxvj. Jahr in Pommeren/ Mechelnburg/ Marck/ vnd Holſtein weydlich herumb geworffen/ vnd die Stadt Luͤbeck/ von Critone zuvor erbawet/ ſo geaͤngſtiget hat/ dz die Einwohner ſie an einen anderen Ort verlegen muͤſſen.,dieſer wißlavus war in gerader linij von fuͤrſt razen entſproſſen der ſich nach critonis des maͤchtigen fuͤrſten todte vber xxxvj jahr in pommeren mechelnburg marck vnd holſtein weydlich herumb geworffen vnd die stadt luͤbeck von critone zuvor erbawet ſo geaͤngſtiget hat dz die einwohner ſie an einen anderen ort verlegen muͤſſen,dieser wisslauus war in gerader linii uon furst razen entsprossen der sich nach critonis des machtigen fursten todte uber xxxui iahr in pommeren mechelnburg marck und holstein weydlich herumb geworffen und die stadt lubeck uon critone zuuor erbawet so geangstiget hat dz die einwohner sie an einen anderen ort uerlegen mussen
micraelius_pommernland03_1639,body,89,2,False,366,Er verließ drey Soͤhne als Tezlaff/ Jaromar/ vnd Stoislaff/ welchen der Koͤnig von Dennemarck vnd Fuͤrſt Ratibor von Pommern ſo lange mit Kriege zugeſetzet haben/ biß ſie den Chriſtlichen Glauben anzunehmen verſprochen.,er verließ drey soͤhne als tezlaff jaromar vnd stoislaff welchen der koͤnig von dennemarck vnd fuͤrſt ratibor von pommern ſo lange mit kriege zugeſetzet haben biß ſie den chriſtlichen glauben anzunehmen verſprochen,er uerliess drey sohne als tezlaff iaromar und stoislaff welchen der konig uon dennemarck und furst ratibor uon pommern so lange mit kriege zugesetzet haben biss sie den christlichen glauben anzunehmen uersprochen
micraelius_pommernland03_1639,body,89,3,True,366,Nichtes deſto weniger hat die Vnruhe ſich nicht geſtillet/ vnd ſind die feine Staͤdte in Ruͤgen Arcona vnd Carentz druͤber zu nichte geworden/ wie ſchon bekand.,nichtes deſto weniger hat die vnruhe ſich nicht geſtillet vnd ſind die feine staͤdte in ruͤgen arcona vnd carentz druͤber zu nichte geworden wie ſchon bekand,nichtes desto weniger hat die unruhe sich nicht gestillet und sind die feine stadte in rugen arcona und carentz druber zu nichte geworden wie schon bekand
micraelius_pommernland03_1639,body,90,0,False,366,Tezlaff fuͤhrete vnter dieſen dreyen Brudern/ als der aͤltiſte/ das Regiment/ muͤſte ſich aber deſſen endlich verzeihen/ vnd es Jaromar ſeinem Bruder vberlaſſen/ deme Koͤnig Waldemar aus Dennemarck ſeines Bruders Canuti Tochter Hildegardim zur Ehe gab.,tezlaff fuͤhrete vnter dieſen dreyen brudern als der aͤltiſte das regiment muͤſte ſich aber deſſen endlich verzeihen vnd es jaromar ſeinem bruder vberlaſſen deme koͤnig waldemar aus dennemarck ſeines bruders canuti tochter hildegardim zur ehe gab,tezlaff fuhrete unter diesen dreyen brudern als der altiste das regiment muste sich aber dessen endlich uerzeihen und es iaromar seinem bruder uberlassen deme konig waldemar aus dennemarck seines bruders canuti tochter hildegardim zur ehe gab
micraelius_pommernland03_1639,body,90,1,False,367,Der dritte Bruder Stoislauff hat jmmerfort ſeinen beyden Bruͤdern in den groſſen ſchweren Kriegen/ ſo ſie wider die Daͤhnen/ Pommeren/ vnd andere vmbliegende Voͤlcker fuͤhreten/ getrewen Beyſtand geleiſtet/ vnd von demſelben haben die Herren von Putbuſch jhren Vrſprung.,der dritte bruder stoislauff hat jmmerfort ſeinen beyden bruͤdern in den groſſen ſchweren kriegen ſo ſie wider die daͤhnen pommeren vnd andere vmbliegende voͤlcker fuͤhreten getrewen beyſtand geleiſtet vnd von demſelben haben die herren von putbuſch jhren vrſprung,der dritte bruder stoislauff hat immerfort seinen beyden brudern in den grossen schweren kriegen so sie wider die dahnen pommeren und andere umbliegende uolcker fuhreten getrewen beystand geleistet und uon demselben haben die herren uon putbusch ihren ursprung
micraelius_pommernland03_1639,body,90,2,True,367,Dannenher/ da Witzlaus III. Fuͤrſt zu Ruͤgen verſtarb/ vnd in ſeinem Teſtament/ das noch verhanden ſein ſol/ allen ſeinen Toͤchtern/ Oheimben/ vnd Blutsverwandten etwas aus ſeinem Silber vnd Clinodien ſchenckete/ hat er Tez dem Herren von Putbuſch/ den er ſeinen Oheimb nennet/ auch zweene ſülberne Schawer zum Gedaͤchtnus vermachet.,dannenher da witzlaus iii fuͤrſt zu ruͤgen verſtarb vnd in ſeinem teſtament das noch verhanden ſein ſol allen ſeinen toͤchtern oheimben vnd blutsverwandten etwas aus ſeinem silber vnd clinodien ſchenckete hat er tez dem herren von putbuſch den er ſeinen oheimb nennet auch zweene ſülberne schawer zum gedaͤchtnus vermachet,dannenher da witzlaus iii furst zu rugen uerstarb und in seinem testament das noch uerhanden sein sol allen seinen tochtern oheimben und blutsuerwandten etwas aus seinem silber und clinodien schenckete hat er tez dem herren uon putbusch den er seinen oheimb nennet auch zweene sulberne schawer zum gedachtnus uermachet
micraelius_pommernland03_1639,body,91,0,False,367,Gemelter Jaromar fieng im Jahr mccix. den Schaden ſeiner in Ruͤgen zerſtoͤreten Staͤdte zuerſetzen/ vnd mit Huͤlffe vnd Befoͤrderung des Koͤniges aus Dennemarck die Stadt Stralſund zuerbawen/ vnd beſetzete ſie mit Sachſen.,gemelter jaromar fieng im jahr mccix den schaden ſeiner in ruͤgen zerſtoͤreten staͤdte zuerſetzen vnd mit huͤlffe vnd befoͤrderung des koͤniges aus dennemarck die stadt stralſund zuerbawen vnd beſetzete ſie mit sachſen,gemelter iaromar fieng im iahr mccix den schaden seiner in rugen zerstoreten stadte zuersetzen und mit hulffe und beforderung des koniges aus dennemarck die stadt stralsund zuerbawen und besetzete sie mit sachsen
micraelius_pommernland03_1639,body,91,1,False,367,Vnd ob wol die Hertzogen aus Pommeren ſich bemuͤheten/ den Baw zuverhindern/ als der jhrem Lande nachtheilig were/ ſo iſt er doch durch Jaromari Sohn Wißlaff im Jahr mccxxx. vollends außgefuͤhret.,vnd ob wol die hertzogen aus pommeren ſich bemuͤheten den baw zuverhindern als der jhrem lande nachtheilig were ſo iſt er doch durch jaromari sohn wißlaff im jahr mccxxx vollends außgefuͤhret,und ob wol die hertzogen aus pommeren sich bemuheten den baw zuuerhindern als der ihrem lande nachtheilig were so ist er doch durch iaromari sohn wisslaff im iahr mccxxx uollends aussgefuhret
micraelius_pommernland03_1639,body,91,2,False,367,Dieſer Wißlaff trat nach des Vatern Todt ins Regiment: Hatte zweene Bruͤder Barnutam vnd Suantipolck/ vnd eine Schweſter Jngardin/ die Hertzog Caſimiro II. vermaͤhlet ward.,dieſer wißlaff trat nach des vatern todt ins regiment hatte zweene bruͤder barnutam vnd suantipolck vnd eine schweſter jngardin die hertzog caſimiro ii vermaͤhlet ward,dieser wisslaff trat nach des uatern todt ins regiment hatte zweene bruder barnutam und suantipolck und eine schwester ingardin die hertzog casimiro ii uermahlet ward
micraelius_pommernland03_1639,body,91,3,False,367,Suantipolck iſt ohne Gemahl vnd Erben wenig Jahr nach des Vatern Todt verfallen/ Barnuta hat etwas lenger gelebet/ vnd drey Soͤhne aus Slavonia oder Slavemira/ des Grafen von Gutzkow Tochter/ gezeuget/ als Dobislaff/ Jarißlaff vnd Johannem/ welche doch alle jung an der Peſte ſtarben/ vnd jhren Stamm nicht weiter außbreiteten.,suantipolck iſt ohne gemahl vnd erben wenig jahr nach des vatern todt verfallen barnuta hat etwas lenger gelebet vnd drey soͤhne aus slavonia oder slavemira des grafen von gutzkow tochter gezeuget als dobislaff jarißlaff vnd johannem welche doch alle jung an der peſte ſtarben vnd jhren stamm nicht weiter außbreiteten,suantipolck ist ohne gemahl und erben wenig iahr nach des uatern todt uerfallen barnuta hat etwas lenger gelebet und drey sohne aus slauonia oder slauemira des grafen uon gutzkow tochter gezeuget als dobislaff iarisslaff und iohannem welche doch alle iung an der peste starben und ihren stamm nicht weiter aussbreiteten
micraelius_pommernland03_1639,body,91,4,False,368,Wißlaff aber hat ſich mit mehrem Gluͤck herfuͤr gethan/ vnd iſt anfaͤnglich mit Koͤnig Waldemar aus Dennemarck in Preuſſen wieder die Vnglaͤubige gezogen/ vnd hat daſelbeſt groß Lob eingeleget.,wißlaff aber hat ſich mit mehrem gluͤck herfuͤr gethan vnd iſt anfaͤnglich mit koͤnig waldemar aus dennemarck in preuſſen wieder die vnglaͤubige gezogen vnd hat daſelbeſt groß lob eingeleget,wisslaff aber hat sich mit mehrem gluck herfur gethan und ist anfanglich mit konig waldemar aus dennemarck in preussen wieder die unglaubige gezogen und hat daselbest gross lob eingeleget
micraelius_pommernland03_1639,body,91,5,False,368,Hernach da ſeine erſte Gemaͤhlin Salomea Meſtovini I. aus Hinter Pom̃eren Tochter verſtorben war/ bewarb er ſich vmb Hertzog Otten von Braunſchweig vnd Luͤnenburg Tochter Margarethen/ vnd kam dadurch in eine anſehenliche Freundſchafft mit vielen groſſen Herren.,hernach da ſeine erſte gemaͤhlin salomea meſtovini i aus hinter pom̃eren tochter verſtorben war bewarb er ſich vmb hertzog otten von braunſchweig vnd luͤnenburg tochter margarethen vnd kam dadurch in eine anſehenliche freundſchafft mit vielen groſſen herren,hernach da seine erste gemahlin salomea mestouini i aus hinter pommeren tochter uerstorben war bewarb er sich umb hertzog otten uon braunschweig und lunenburg tochter margarethen und kam dadurch in eine ansehenliche freundschafft mit uielen grossen herren
micraelius_pommernland03_1639,body,91,6,False,368,Denn gemelte Margareta hette noch vier andere Schweſtern/ vnter welchen eine dem Churfuͤrſten zu Sachſen; Die andere dem Fuͤrſten zu Anhalt; Die dritte dem Landgraffen von Heſſen/ vnd die vierdte Graff Wilhelm von Holland/ dem Roͤmiſchen Kaͤyſer/ iſt beygeleget worden.,denn gemelte margareta hette noch vier andere schweſtern vnter welchen eine dem churfuͤrſten zu sachſen die andere dem fuͤrſten zu anhalt die dritte dem landgraffen von heſſen vnd die vierdte graff wilhelm von holland dem roͤmiſchen kaͤyſer iſt beygeleget worden,denn gemelte margareta hette noch uier andere schwestern unter welchen eine dem churfursten zu sachsen die andere dem fursten zu anhalt die dritte dem landgraffen uon hessen und die uierdte graff wilhelm uon holland dem romischen kayser ist beygeleget worden
micraelius_pommernland03_1639,body,91,7,True,368,Dannenher iſt er in ein groß Anſehen gerathen/ vnd hat ſeinen Feinden den Kopff deſto beſſer bieten koͤnnen.,dannenher iſt er in ein groß anſehen gerathen vnd hat ſeinen feinden den kopff deſto beſſer bieten koͤnnen,dannenher ist er in ein gross ansehen gerathen und hat seinen feinden den kopff desto besser bieten konnen
micraelius_pommernland03_1639,body,92,0,False,368,Nichts deſto weniger vberfielen die Luͤbiſchen die Ruͤgianiſche Stadt Strallſund vnverſehens zu zweyen mahlen/ gaben fuͤr/ das ſie jhnen zum Vorfang erbawet were/ den Frembden in jhrer Stadt viele vngewoͤhnliche Zoͤlle vnnd Buͤrden auffluͤden/ vnd auff Ermahnung vnd Bitte davon nicht hette abſtehen wollen/ verbrandten ſie/ weil ſie in Holtzwerck gebawet war/ in den grund/ vnd was ſie von vornehmen Buͤrgern nicht erſchlagen hetten/ vnd ſich mit der Flucht nicht ſalvierete/ nahmen ſie mit nach Luͤbeck gefangen.,nichts deſto weniger vberfielen die luͤbiſchen die ruͤgianiſche stadt strallſund vnverſehens zu zweyen mahlen gaben fuͤr das ſie jhnen zum vorfang erbawet were den frembden in jhrer stadt viele vngewoͤhnliche zoͤlle vnnd buͤrden auffluͤden vnd auff ermahnung vnd bitte davon nicht hette abſtehen wollen verbrandten ſie weil ſie in holtzwerck gebawet war in den grund vnd was ſie von vornehmen buͤrgern nicht erſchlagen hetten vnd ſich mit der flucht nicht ſalvierete nahmen ſie mit nach luͤbeck gefangen,nichts desto weniger uberfielen die lubischen die rugianische stadt strallsund unuersehens zu zweyen mahlen gaben fur das sie ihnen zum uorfang erbawet were den frembden in ihrer stadt uiele ungewohnliche zolle unnd burden auffluden und auff ermahnung und bitte dauon nicht hette abstehen wollen uerbrandten sie weil sie in holtzwerck gebawet war in den grund und was sie uon uornehmen burgern nicht erschlagen hetten und sich mit der flucht nicht saluierete nahmen sie mit nach lubeck gefangen
micraelius_pommernland03_1639,body,92,1,False,369,Solches achteten aber die Sundiſchen nicht/ vnd weil jhnen die Hollaͤnder vnd Brabaͤnter huͤlffliche Hand leiſteten/ fuͤhreten ſie die Haͤuſer gantz ſteinern aus dem Grunde auff/ vnd zwar in einer Schnurgleichen Ordnung/ wie noch heutiges Tages zu ſehen iſt/ vnd befeſtigten ſie auffs newe.,solches achteten aber die sundiſchen nicht vnd weil jhnen die hollaͤnder vnd brabaͤnter huͤlffliche hand leiſteten fuͤhreten ſie die haͤuſer gantz ſteinern aus dem grunde auff vnd zwar in einer schnurgleichen ordnung wie noch heutiges tages zu ſehen iſt vnd befeſtigten ſie auffs newe,solches achteten aber die sundischen nicht und weil ihnen die hollander und brabanter hulffliche hand leisteten fuhreten sie die hauser gantz steinern aus dem grunde auff und zwar in einer schnurgleichen ordnung wie noch heutiges tages zu sehen ist und befestigten sie auffs newe
micraelius_pommernland03_1639,body,92,2,True,369,Erlangeten auch ſolche Privilegia/ das ſie hinfort den Fuͤrſten aus Ruͤgen/ vnd folgends den Fuͤrſten aus Pommern den Kopff bieten doͤrfften/ vnd das deſto mehr/ weil ſie ſich ſtarck auff den Beyſtand der Hanſee Staͤdte zuvertroͤſten hatten.,erlangeten auch ſolche privilegia das ſie hinfort den fuͤrſten aus ruͤgen vnd folgends den fuͤrſten aus pommern den kopff bieten doͤrfften vnd das deſto mehr weil ſie ſich ſtarck auff den beyſtand der hanſee staͤdte zuvertroͤſten hatten,erlangeten auch solche priuilegia das sie hinfort den fursten aus rugen und folgends den fursten aus pommern den kopff bieten dorfften und das desto mehr weil sie sich starck auff den beystand der hansee stadte zuuertrosten hatten
micraelius_pommernland03_1639,body,93,0,True,369,Vnter deſſen ſtarb Fuͤrſt Wißlaff in Ruͤgen/ vnd vnter ſeinen IV. Soͤhnen/ welche waren Jarislaff/ Jaromar II. Wißlaff II. vnd Bogißlaff/ hat Jaromar allein das Regiment behalten/ vnd Erben gezeuget.,vnter deſſen ſtarb fuͤrſt wißlaff in ruͤgen vnd vnter ſeinen iv soͤhnen welche waren jarislaff jaromar ii wißlaff ii vnd bogißlaff hat jaromar allein das regiment behalten vnd erben gezeuget,unter dessen starb furst wisslaff in rugen und unter seinen iu sohnen welche waren iarislaff iaromar ii wisslaff ii und bogisslaff hat iaromar allein das regiment behalten und erben gezeuget
micraelius_pommernland03_1639,body,94,0,False,369,Dieſer Jaromar iſt der Daͤhnen Erbfeind genant worden: Dann da Koͤnig Chriſtoff von jhme Lehenspflicht begehrete/ hat er ſich deroſelben geweigert/ vnd als er deſſenthalben von etlichen Koͤniglichen Schiffen in der Jnſul Ruͤgen heimbgeſuchet ward/ hat er gleich mit gleich vergolten/ vnd iſt mit huͤlffe etlicher Pom̃eren/ die jhme ſein Schwaͤher Suantipolcus III. vnd ſein Stieffvater Barnimus I. zügeſand/ in Daͤnnemarck eingefallen/ hat Schoͤnen vnd Seeland durchgeſtreiffet/ vnd fuͤr dem Flecken Neſtwede den Daͤhnen ein Schlacht abgewonnen/ den Flecken erſtiegen/ vnd reiche Beute davon gebracht.,dieſer jaromar iſt der daͤhnen erbfeind genant worden dann da koͤnig chriſtoff von jhme lehenspflicht begehrete hat er ſich deroſelben geweigert vnd als er deſſenthalben von etlichen koͤniglichen schiffen in der jnſul ruͤgen heimbgeſuchet ward hat er gleich mit gleich vergolten vnd iſt mit huͤlffe etlicher pom̃eren die jhme ſein schwaͤher suantipolcus iii vnd ſein stieffvater barnimus i zügeſand in daͤnnemarck eingefallen hat schoͤnen vnd seeland durchgeſtreiffet vnd fuͤr dem flecken neſtwede den daͤhnen ein schlacht abgewonnen den flecken erſtiegen vnd reiche beute davon gebracht,dieser iaromar ist der dahnen erbfeind genant worden dann da konig christoff uon ihme lehenspflicht begehrete hat er sich deroselben geweigert und als er dessenthalben uon etlichen koniglichen schiffen in der insul rugen heimbgesuchet ward hat er gleich mit gleich uergolten und ist mit hulffe etlicher pommeren die ihme sein schwaher suantipolcus iii und sein stieffuater barnimus i zugesand in dannemarck eingefallen hat schonen und seeland durchgestreiffet und fur dem flecken nestwede den dahnen ein schlacht abgewonnen den flecken erstiegen und reiche beute dauon gebracht
micraelius_pommernland03_1639,body,94,1,False,370,Hiemit hat er der Daͤhnen Joch von ſich vnd ſeiner Jnſul abgeworffen/ vnd zu mehrer bewehrung der Landgrentze den Thurn vnd Flecken Damgarten erbawet.,hiemit hat er der daͤhnen joch von ſich vnd ſeiner jnſul abgeworffen vnd zu mehrer bewehrung der landgrentze den thurn vnd flecken damgarten erbawet,hiemit hat er der dahnen ioch uon sich und seiner insul abgeworffen und zu mehrer bewehrung der landgrentze den thurn und flecken damgarten erbawet
micraelius_pommernland03_1639,body,94,2,False,370,Auß ſeinen dreyen Gemahlinnen/ als Zubißlafa/ Hertzog Conradi aus der Maſow; Eliſabetha/ Suantepolci aus Hinter Pom̃ern; Vnd Euphemia/ des Grafen von Reppin Tochter/ hat er nicht mehr als zweene Soͤhne gezeuget/ nemlich Jaromarum III. der Coadjutor des Stifftes zu Cammin geworden/ vnd Wizlavum III. welcher dem Vater in der Regierung folgete/ der Daͤhnen Freundſchafft gar außſchlug/ ſich vnter den Schutz vnd Gehorſam des Roͤmiſchen Reiches im Jahr mcclxxxiij. begab/ vnd das Lehen zu Luͤbeck vom Kaͤyſer Rudolpho empfieng.,auß ſeinen dreyen gemahlinnen als zubißlafa hertzog conradi aus der maſow eliſabetha suantepolci aus hinter pom̃ern vnd euphemia des grafen von reppin tochter hat er nicht mehr als zweene soͤhne gezeuget nemlich jaromarum iii der coadjutor des stifftes zu cammin geworden vnd wizlavum iii welcher dem vater in der regierung folgete der daͤhnen freundſchafft gar außſchlug ſich vnter den schutz vnd gehorſam des roͤmiſchen reiches im jahr mcclxxxiij begab vnd das lehen zu luͤbeck vom kaͤyſer rudolpho empfieng,auss seinen dreyen gemahlinnen als zubisslafa hertzog conradi aus der masow elisabetha suantepolci aus hinter pommern und euphemia des grafen uon reppin tochter hat er nicht mehr als zweene sohne gezeuget nemlich iaromarum iii der coadiutor des stifftes zu cammin geworden und wizlauum iii welcher dem uater in der regierung folgete der dahnen freundschafft gar aussschlug sich unter den schutz und gehorsam des romischen reiches im iahr mcclxxxiii begab und das lehen zu lubeck uom kayser rudolpho empfieng
micraelius_pommernland03_1639,body,94,3,False,370,Folgends zog er mit tauſend Pferden dem Teutſchen Orden zum Beyſtand in Lyfland wieder die Vnglaͤubigen: Bewiedmete auch die Stadt Tribbeſees mit Teutſchem Recht/ vnd ſtarb endlich im Jahr mccciij. bey ſeinem Eydam Haquino/ Koͤnige in Norwegen.,folgends zog er mit tauſend pferden dem teutſchen orden zum beyſtand in lyfland wieder die vnglaͤubigen bewiedmete auch die stadt tribbeſees mit teutſchem recht vnd ſtarb endlich im jahr mccciij bey ſeinem eydam haquino koͤnige in norwegen,folgends zog er mit tausend pferden dem teutschen orden zum beystand in lyfland wieder die unglaubigen bewiedmete auch die stadt tribbesees mit teutschem recht und starb endlich im iahr mccciii bey seinem eydam haquino konige in norwegen
micraelius_pommernland03_1639,body,94,4,False,370,Seine fuͤnff Toͤchter ſind alle zu vornehmen Heurathen gelanget.,seine fuͤnff toͤchter ſind alle zu vornehmen heurathen gelanget,seine funff tochter sind alle zu uornehmen heurathen gelanget
micraelius_pommernland03_1639,body,94,5,False,370,Dann Margaretha bekamb Bogißlaum IV. Euphemia Koͤnig Haquinum aus Norwegen; Agnetes Fuͤrſt Bernhard von Anhalt; Helena Hertzog Johanſen von Mechelenburg; Sophia/ ſo mit jhrer Schweſter Koͤnigin Euphemia in Norwegen fortgezogen war/ einen vornehmen Schwediſchen Herren von Langeland.,dann margaretha bekamb bogißlaum iv euphemia koͤnig haquinum aus norwegen agnetes fuͤrſt bernhard von anhalt helena hertzog johanſen von mechelenburg sophia ſo mit jhrer schweſter koͤnigin euphemia in norwegen fortgezogen war einen vornehmen schwediſchen herren von langeland,dann margaretha bekamb bogisslaum iu euphemia konig haquinum aus norwegen agnetes furst bernhard uon anhalt helena hertzog iohansen uon mechelenburg sophia so mit ihrer schwester konigin euphemia in norwegen fortgezogen war einen uornehmen schwedischen herren uon langeland
micraelius_pommernland03_1639,body,94,6,False,370,Sein einer Sohn Sambor verfiel in ſeinen jungen Jahren; Der ander aber Wizlaff/ des Nahmens der Vierdte/ iſt der letzte Fuͤrſt von Ruͤgianiſchem Stamme.,sein einer sohn sambor verfiel in ſeinen jungen jahren der ander aber wizlaff des nahmens der vierdte iſt der letzte fuͤrſt von ruͤgianiſchem stamme,sein einer sohn sambor uerfiel in seinen iungen iahren der ander aber wizlaff des nahmens der uierdte ist der letzte furst uon rugianischem stamme
micraelius_pommernland03_1639,body,94,7,False,371,Dieſer Wizlaff bekam erſtlich mit Nicoloto III. Fuͤrſten der Werlen vnd Wenden wegen der Adelichen Familij derer von der Oſten zu thun.,dieſer wizlaff bekam erſtlich mit nicoloto iii fuͤrſten der werlen vnd wenden wegen der adelichen familij derer von der oſten zu thun,dieser wizlaff bekam erstlich mit nicoloto iii fursten der werlen und wenden wegen der adelichen familii derer uon der osten zu thun
micraelius_pommernland03_1639,body,94,8,False,371,Dann da er dieſelbe etwas hart bedrengete/ flohen ſie zu Nicoloto/ vnd baten/ das ſie moͤchten wieder zu dem jhrigen gebracht werden.,dann da er dieſelbe etwas hart bedrengete flohen ſie zu nicoloto vnd baten das ſie moͤchten wieder zu dem jhrigen gebracht werden,dann da er dieselbe etwas hart bedrengete flohen sie zu nicoloto und baten das sie mochten wieder zu dem ihrigen gebracht werden
micraelius_pommernland03_1639,body,94,9,True,371,Vnd derſelbe hat ſich auch dazu bewegen laſſen/ vnd ſich mit Wizlaff dem Fuͤrſten von Ruͤgen bey Ramelo geſchlagen/ in ſolchem Treffen die Vberhand behalten/ vnd die Sache alſo dahin gebracht/ das die von der Oſten zu jhren Guͤtern wiederumb gelangeten.,vnd derſelbe hat ſich auch dazu bewegen laſſen vnd ſich mit wizlaff dem fuͤrſten von ruͤgen bey ramelo geſchlagen in ſolchem treffen die vberhand behalten vnd die sache alſo dahin gebracht das die von der oſten zu jhren guͤtern wiederumb gelangeten,und derselbe hat sich auch dazu bewegen lassen und sich mit wizlaff dem fursten uon rugen bey ramelo geschlagen in solchem treffen die uberhand behalten und die sache also dahin gebracht das die uon der osten zu ihren gutern wiederumb gelangeten
micraelius_pommernland03_1639,body,95,0,False,371,Folgendes iſt gemelter Wizlaff im Jahr mcccxiv. mit ſeinen Vnterthanen den Strallſundiſchen/ die er pflag eine boͤſe Wehne in ſeinem Lande nennen/ wegen jhrer Privilegien/ als wenn ſie dieſelbe nicht rechtmeßig ſolten von ſeinen Vorfahren erlanget haben/ in Vneinigkeit gerathen.,folgendes iſt gemelter wizlaff im jahr mcccxiv mit ſeinen vnterthanen den strallſundiſchen die er pflag eine boͤſe wehne in ſeinem lande nennen wegen jhrer privilegien als wenn ſie dieſelbe nicht rechtmeßig ſolten von ſeinen vorfahren erlanget haben in vneinigkeit gerathen,folgendes ist gemelter wizlaff im iahr mcccxiu mit seinen unterthanen den strallsundischen die er pflag eine bose wehne in seinem lande nennen wegen ihrer priuilegien als wenn sie dieselbe nicht rechtmessig solten uon seinen uorfahren erlanget haben in uneinigkeit gerathen
micraelius_pommernland03_1639,body,95,1,False,371,Weil ſie aber Marggraff Waldemar von Brandenburg vnd Wartislaum IV. von Pommeren zu Schutzherren auffnahmen/ haben dieſelbe mit einem Heere ſich vor Loyz gemachet/ das Schloß nebenſt der Stadt belagert/ vnd alſo den Fuͤrſten von Ruͤgen gedrungen/ das er vor dißmahl mit den Strallſundiſchen ſich in Guͤte vertrug/ jhnen vmb Friedenswillen etliche Privilegia nachgab/ vnd den Fuͤrſten fuͤr jhren Abzug eine Summa Geldes zahlete.,weil ſie aber marggraff waldemar von brandenburg vnd wartislaum iv von pommeren zu schutzherren auffnahmen haben dieſelbe mit einem heere ſich vor loyz gemachet das schloß nebenſt der stadt belagert vnd alſo den fuͤrſten von ruͤgen gedrungen das er vor dißmahl mit den strallſundiſchen ſich in guͤte vertrug jhnen vmb friedenswillen etliche privilegia nachgab vnd den fuͤrſten fuͤr jhren abzug eine summa geldes zahlete,weil sie aber marggraff waldemar uon brandenburg und wartislaum iu uon pommeren zu schutzherren auffnahmen haben dieselbe mit einem heere sich uor loyz gemachet das schloss nebenst der stadt belagert und also den fursten uon rugen gedrungen das er uor dissmahl mit den strallsundischen sich in gute uertrug ihnen umb friedenswillen etliche priuilegia nachgab und den fursten fur ihren abzug eine summa geldes zahlete
micraelius_pommernland03_1639,body,95,2,False,371,Hieruͤber vermeinete Fuͤrſt Wizlaff ſich hoͤchlich beleidiget zu ſein/ deutete deßwegen den Vertrag etwas weiter/ vnd brachte zwey Jahr hernach viele Potentaten auff ſeine Seyte/ vnd alſo machete ſich wider Strallſund ein maͤchtig Volck zu Waſſer vnd zu Lande bereit.,hieruͤber vermeinete fuͤrſt wizlaff ſich hoͤchlich beleidiget zu ſein deutete deßwegen den vertrag etwas weiter vnd brachte zwey jahr hernach viele potentaten auff ſeine seyte vnd alſo machete ſich wider strallſund ein maͤchtig volck zu waſſer vnd zu lande bereit,hieruber uermeinete furst wizlaff sich hochlich beleidiget zu sein deutete desswegen den uertrag etwas weiter und brachte zwey iahr hernach uiele potentaten auff seine seyte und also machete sich wider strallsund ein machtig uolck zu wasser und zu lande bereit
micraelius_pommernland03_1639,body,95,3,False,371,Zu Waſſer kam Koͤnig Erich von Dennemarck an/ (fuͤr welchen doch Cranzius Koͤnig Chriſtoff ſeinen Bruder ſetzet/) vnd Koͤnig Briger aus Schweden.,zu waſſer kam koͤnig erich von dennemarck an fuͤr welchen doch cranzius koͤnig chriſtoff ſeinen bruder ſetzet vnd koͤnig briger aus schweden,zu wasser kam konig erich uon dennemarck an fur welchen doch cranzius konig christoff seinen bruder setzet und konig briger aus schweden
micraelius_pommernland03_1639,body,95,4,True,372,Sueno der Hertzog zu Schleßwig/ Churt Porß Hertzog von Holland/ vnd zween andere Grafen/ Erich Hertzog von Niederſachſen/ Albrecht ein junger Fuͤrſt von Luͤnenburg/ Graff Guntzel von Wittenberg/ Gerth vnd Johan Graff von Hollſtein/ Graff Adolff von Schawenburg/ Heinrich Fuͤrſte von Mechelburg/ Heinrich Grafe von Schwerin vnd Pribislaus Herꝛe von der Werle/ kamen zu Lande an.,sueno der hertzog zu schleßwig churt porß hertzog von holland vnd zween andere grafen erich hertzog von niederſachſen albrecht ein junger fuͤrſt von luͤnenburg graff guntzel von wittenberg gerth vnd johan graff von hollſtein graff adolff von schawenburg heinrich fuͤrſte von mechelburg heinrich grafe von schwerin vnd pribislaus herꝛe von der werle kamen zu lande an,sueno der hertzog zu schlesswig churt porss hertzog uon holland und zween andere grafen erich hertzog uon niedersachsen albrecht ein iunger furst uon lunenburg graff guntzel uon wittenberg gerth und iohan graff uon hollstein graff adolff uon schawenburg heinrich furste uon mechelburg heinrich grafe uon schwerin und pribislaus here uon der werle kamen zu lande an
micraelius_pommernland03_1639,body,96,0,False,372,Vnter dieſen Herren kam Hertzog Erich von Niederſachſen/ nebenſt dem jungen Printzen von Luͤnenburg zu erſt in die fuͤnff tauſend ſtarck fuͤr die Stadt/ vnd laͤgerte ſich in das Heinholtz.,vnter dieſen herren kam hertzog erich von niederſachſen nebenſt dem jungen printzen von luͤnenburg zu erſt in die fuͤnff tauſend ſtarck fuͤr die stadt vnd laͤgerte ſich in das heinholtz,unter diesen herren kam hertzog erich uon niedersachsen nebenst dem iungen printzen uon lunenburg zu erst in die funff tausend starck fur die stadt und lagerte sich in das heinholtz
micraelius_pommernland03_1639,body,96,1,False,372,Die Strallſundiſche wolten das Gluͤck verſuchen/ ehe die gantze Macht dazu ſtieß/ vnd thaten einen Außfall in der Nacht auff der Feinde Lager.,die strallſundiſche wolten das gluͤck verſuchen ehe die gantze macht dazu ſtieß vnd thaten einen außfall in der nacht auff der feinde lager,die strallsundische wolten das gluck uersuchen ehe die gantze macht dazu stiess und thaten einen aussfall in der nacht auff der feinde lager
micraelius_pommernland03_1639,body,96,2,False,372,Welcher auch ſo wol ablieff/ das ſie jhrer viele erſchlugen/ vnd Hertzog Erichen ſelbſt nebenſt vielen vom Adel gefangen in die Stadt brachten.,welcher auch ſo wol ablieff das ſie jhrer viele erſchlugen vnd hertzog erichen ſelbſt nebenſt vielen vom adel gefangen in die stadt brachten,welcher auch so wol ablieff das sie ihrer uiele erschlugen und hertzog erichen selbst nebenst uielen uom adel gefangen in die stadt brachten
micraelius_pommernland03_1639,body,96,3,False,372,Nichts deſto weniger/ als das gantze Heer zn Waſſer vnd Lande beyeinander war/ iſt die Belagerung der Stadt gar eyferig vorgenommen worden.,nichts deſto weniger als das gantze heer zn waſſer vnd lande beyeinander war iſt die belagerung der stadt gar eyferig vorgenommen worden,nichts desto weniger als das gantze heer zn wasser und lande beyeinander war ist die belagerung der stadt gar eyferig uorgenommen worden
micraelius_pommernland03_1639,body,96,4,False,372,Aber es iſt ſolche Gegenwehr geſchehen/ das nichtes hat koͤnnen geſchaffet werden.,aber es iſt ſolche gegenwehr geſchehen das nichtes hat koͤnnen geſchaffet werden,aber es ist solche gegenwehr geschehen das nichtes hat konnen geschaffet werden
micraelius_pommernland03_1639,body,96,5,False,372,Derowegen ward auch/ da allerley Mangel im Lager vorfiel/ zum Abzug geblaſen.,derowegen ward auch da allerley mangel im lager vorfiel zum abzug geblaſen,derowegen ward auch da allerley mangel im lager uorfiel zum abzug geblasen
micraelius_pommernland03_1639,body,96,6,False,372,Die Sundiſche ſchicketen den gefangenen Hertzog von Niederſachſen an Hertzog Wartislaffen/ vnd von deme zu Marggraff Waldemaren/ als zu jhren Schutzherren/ vnd derſelbe hat ſich mit xvj. tauſend Marck feines Silbers nach zweyer oder dreyer Jahr Gefaͤngnus ranzaunen muͤſſen.,die sundiſche ſchicketen den gefangenen hertzog von niederſachſen an hertzog wartislaffen vnd von deme zu marggraff waldemaren als zu jhren schutzherren vnd derſelbe hat ſich mit xvj tauſend marck feines silbers nach zweyer oder dreyer jahr gefaͤngnus ranzaunen muͤſſen,die sundische schicketen den gefangenen hertzog uon niedersachsen an hertzog wartislaffen und uon deme zu marggraff waldemaren als zu ihren schutzherren und derselbe hat sich mit xui tausend marck feines silbers nach zweyer oder dreyer iahr gefangnus ranzaunen mussen
micraelius_pommernland03_1639,body,96,7,False,373,Solches Geld theileten beyde Herren mit der Stadt/ vnd die Strallſundiſche haben von jhrem Antheil ein ſtatlich Rathhauß vnd den Artus-Hoff/ ſonſt Arnds-Hoff genant/ erbawet.,solches geld theileten beyde herren mit der stadt vnd die strallſundiſche haben von jhrem antheil ein ſtatlich rathhauß vnd den artushoff ſonſt arndshoff genant erbawet,solches geld theileten beyde herren mit der stadt und die strallsundische haben uon ihrem antheil ein statlich rathhauss und den artushoff sonst arndshoff genant erbawet
micraelius_pommernland03_1639,body,96,8,False,373,Dieſer Artus ſo vmbs Jahr dcxxx. gelebet/ iſt ein vornehmer Koͤnig in Schweden geweſen/ vnd hat ſein Reich von der Elbe an/ durch die Wandaliſche/ Preußiſche/ Sarmatiſche Laͤnder biß an den Fluß Tanaim/ da ſich Europa vnd Aſia ſcheiden/ erſtrecket/ vnd ein gutes Angedencken den Wandaliſchen nachgelaſſen/ das ſie jhme zu Ehren Haͤuſer auffgebawet haben/ darinnen die vornehmeſte Buͤrger ſich zuergetzen zuſammen kommen/ wie hievon Johaͤnnes Magnus redet.,dieſer artus ſo vmbs jahr dcxxx gelebet iſt ein vornehmer koͤnig in schweden geweſen vnd hat ſein reich von der elbe an durch die wandaliſche preußiſche sarmatiſche laͤnder biß an den fluß tanaim da ſich europa vnd aſia ſcheiden erſtrecket vnd ein gutes angedencken den wandaliſchen nachgelaſſen das ſie jhme zu ehren haͤuſer auffgebawet haben darinnen die vornehmeſte buͤrger ſich zuergetzen zuſammen kommen wie hievon johaͤnnes magnus redet,dieser artus so umbs iahr dcxxx gelebet ist ein uornehmer konig in schweden gewesen und hat sein reich uon der elbe an durch die wandalische preussische sarmatische lander biss an den fluss tanaim da sich europa und asia scheiden erstrecket und ein gutes angedencken den wandalischen nachgelassen das sie ihme zu ehren hauser auffgebawet haben darinnen die uornehmeste burger sich zuergetzen zusammen kommen wie hieuon iohannes magnus redet
micraelius_pommernland03_1639,body,96,9,False,373,Es haben auch nach Abzug des Frembden Kriegesvolck die Strallſundiſche auff des Fuͤrſten Schloͤſſer vnd Feſtungen in Barth vnd Ruͤgen/ darauß jhnen zeitwehrenden Krieges/ viele Vngemach zugefuͤget war/ einen Außfall gethan/ vnd dieſelbe niedergeriſſen.,es haben auch nach abzug des frembden kriegesvolck die strallſundiſche auff des fuͤrſten schloͤſſer vnd feſtungen in barth vnd ruͤgen darauß jhnen zeitwehrenden krieges viele vngemach zugefuͤget war einen außfall gethan vnd dieſelbe niedergeriſſen,es haben auch nach abzug des frembden kriegesuolck die strallsundische auff des fursten schlosser und festungen in barth und rugen darauss ihnen zeitwehrenden krieges uiele ungemach zugefuget war einen aussfall gethan und dieselbe niedergerissen
micraelius_pommernland03_1639,body,96,10,False,373,Endlich iſt die Sache beygeleget/ vnd die Strallſundiſche ſind wieder zu Gnaden angenommen.,endlich iſt die sache beygeleget vnd die strallſundiſche ſind wieder zu gnaden angenommen,endlich ist die sache beygeleget und die strallsundische sind wieder zu gnaden angenommen
micraelius_pommernland03_1639,body,96,11,True,373,Dabeneben haben der Hertzog von Pommern Wartißlaff/ vnd Wizlaff der Fuͤrſt von Ruͤgen dieſen Erbvertrag auffgerichtet/ das hinfort einer des andern Vnterthanen in keinen Schutz nehmen ſolte/ vnd das/ ſo einer vnter jhnen ins kuͤnfftige ohne Erben abgehen wuͤrde/ als dann des verſtorbenen Land vnd Leute an den anderen verſtammete.,dabeneben haben der hertzog von pommern wartißlaff vnd wizlaff der fuͤrſt von ruͤgen dieſen erbvertrag auffgerichtet das hinfort einer des andern vnterthanen in keinen schutz nehmen ſolte vnd das ſo einer vnter jhnen ins kuͤnfftige ohne erben abgehen wuͤrde als dann des verſtorbenen land vnd leute an den anderen verſtammete,dabeneben haben der hertzog uon pommern wartisslaff und wizlaff der furst uon rugen diesen erbuertrag auffgerichtet das hinfort einer des andern unterthanen in keinen schutz nehmen solte und das so einer unter ihnen ins kunfftige ohne erben abgehen wurde als dann des uerstorbenen land und leute an den anderen uerstammete
micraelius_pommernland03_1639,body,97,0,False,374,Es ſol ſich aber Niemand verwundern/ das ſo vieler Potentaten vnd Herren Volck fuͤr Strallſund auff einmahl gelegen.,es ſol ſich aber niemand verwundern das ſo vieler potentaten vnd herren volck fuͤr strallſund auff einmahl gelegen,es sol sich aber niemand uerwundern das so uieler potentaten und herren uolck fur strallsund auff einmahl gelegen
micraelius_pommernland03_1639,body,97,1,False,374,Dann es hatte Koͤnig Erich von Dennemarck ein heimlich groß Verbundnuß mit vielen vmbliegenden Fuͤrſten gemacht/ der meinung/ wenn er Strallſund gewonnen hette/ das als denn die Macht auch auff die anderen Seeſtaͤdte ſolte gewendet werden/ die zu jederzeit den Koͤnigen vnd Fuͤrſten ſind ein Stachel in den Augen geweſen.,dann es hatte koͤnig erich von dennemarck ein heimlich groß verbundnuß mit vielen vmbliegenden fuͤrſten gemacht der meinung wenn er strallſund gewonnen hette das als denn die macht auch auff die anderen seeſtaͤdte ſolte gewendet werden die zu jederzeit den koͤnigen vnd fuͤrſten ſind ein stachel in den augen geweſen,dann es hatte konig erich uon dennemarck ein heimlich gross uerbundnuss mit uielen umbliegenden fursten gemacht der meinung wenn er strallsund gewonnen hette das als denn die macht auch auff die anderen seestadte solte gewendet werden die zu iederzeit den konigen und fursten sind ein stachel in den augen gewesen
micraelius_pommernland03_1639,body,97,2,True,374,Aber was GOtt wil wachſen laſſen/ kan Niemand vnterdrucken.,aber was gott wil wachſen laſſen kan niemand vnterdrucken,aber was gott wil wachsen lassen kan niemand unterdrucken
micraelius_pommernland03_1639,body,98,0,False,374,Wenig Jahr nach dieſer beſchriebenen Strallſundiſchen Belagerung iſt Fuͤrſt Wizlaff von Ruͤgen im Jahr mcccxxv. weil ſein Sohn Jaromar IV. vor jhme mit todte abgegangen/ ohne Maͤnliche Leibes Erben verſtorben/ vnd mit jhme der Fuͤrſtliche Rugianiſche Stam̃ verloſchen.,wenig jahr nach dieſer beſchriebenen strallſundiſchen belagerung iſt fuͤrſt wizlaff von ruͤgen im jahr mcccxxv weil ſein sohn jaromar iv vor jhme mit todte abgegangen ohne maͤnliche leibes erben verſtorben vnd mit jhme der fuͤrſtliche rugianiſche stam̃ verloſchen,wenig iahr nach dieser beschriebenen strallsundischen belagerung ist furst wizlaff uon rugen im iahr mcccxxu weil sein sohn iaromar iu uor ihme mit todte abgegangen ohne manliche leibes erben uerstorben und mit ihme der furstliche rugianische stamm uerloschen
micraelius_pommernland03_1639,body,98,1,False,374,Da bemuͤhete ſich der Koͤnig von Dennemarck/ der Fuͤrſt von Mechelnburg/ vnd die Herren von der Werle/ wo nicht das gantze Ruͤgenland/ doch etwas davon zu ſich zu bringen.,da bemuͤhete ſich der koͤnig von dennemarck der fuͤrſt von mechelnburg vnd die herren von der werle wo nicht das gantze ruͤgenland doch etwas davon zu ſich zu bringen,da bemuhete sich der konig uon dennemarck der furst uon mechelnburg und die herren uon der werle wo nicht das gantze rugenland doch etwas dauon zu sich zu bringen
micraelius_pommernland03_1639,body,98,2,False,374,Aber die Stadt Strallſund war nicht allein des Erbvertrages zwiſchen jhrem Fuͤrſten vnd dem Hertzogen aus Pommeren/ ſondern auch der guten Huͤlffe Hertzog Wartislai eingedenck/ die er jhnen trewlich geleiſtet hette/ vnd nahmen mit hindanſetzung aller anderen/ die ſich vmb das Land vnd die Stadt bewuͤrben/ hochgemelten Wartislaum zu einem Fuͤrſten vnnd Herren auff vnd an/ vnd huldigeten jhme.,aber die stadt strallſund war nicht allein des erbvertrages zwiſchen jhrem fuͤrſten vnd dem hertzogen aus pommeren ſondern auch der guten huͤlffe hertzog wartislai eingedenck die er jhnen trewlich geleiſtet hette vnd nahmen mit hindanſetzung aller anderen die ſich vmb das land vnd die stadt bewuͤrben hochgemelten wartislaum zu einem fuͤrſten vnnd herren auff vnd an vnd huldigeten jhme,aber die stadt strallsund war nicht allein des erbuertrages zwischen ihrem fursten und dem hertzogen aus pommeren sondern auch der guten hulffe hertzog wartislai eingedenck die er ihnen trewlich geleistet hette und nahmen mit hindansetzung aller anderen die sich umb das land und die stadt bewurben hochgemelten wartislaum zu einem fursten unnd herren auff und an und huldigeten ihme
micraelius_pommernland03_1639,body,98,3,True,374,Solchem Exempel folgete der Adel/ vnd die gantze Landſchafft/ vnd der Koͤnig aus Dennemarck ließ ſeine bißher an Ruͤgen vorgewandte Gerechtigkeit guthwillig fallen.,solchem exempel folgete der adel vnd die gantze landſchafft vnd der koͤnig aus dennemarck ließ ſeine bißher an ruͤgen vorgewandte gerechtigkeit guthwillig fallen,solchem exempel folgete der adel und die gantze landschafft und der konig aus dennemarck liess seine bissher an rugen uorgewandte gerechtigkeit guthwillig fallen
micraelius_pommernland03_1639,body,99,0,True,375,Aber der tapfere/ gelarte/ beredte Wartislaus koͤnte nicht lange ſolches newen Landes genieſſen/ ſondern ſtarb alsforth folgendes Jahres in der Stadt Strallſund/ vnd verließ neben zweyen vnmuͤndigen Kindern Bogißlao V. vnd Barnimo IV. ſeine Gemahlin Eliſabeth/ eine geborne Hertzogin aus Schleſien/ grob ſchwanger hinter ſich: Die nach jhres Herren Abgang den dritten Sohn zur Welt gebohren/ vnd jhn Wartißlanm V. nach dem Vater genennet hat.,aber der tapfere gelarte beredte wartislaus koͤnte nicht lange ſolches newen landes genieſſen ſondern ſtarb alsforth folgendes jahres in der stadt strallſund vnd verließ neben zweyen vnmuͤndigen kindern bogißlao v vnd barnimo iv ſeine gemahlin eliſabeth eine geborne hertzogin aus schleſien grob ſchwanger hinter ſich die nach jhres herren abgang den dritten sohn zur welt gebohren vnd jhn wartißlanm v nach dem vater genennet hat,aber der tapfere gelarte beredte wartislaus konte nicht lange solches newen landes geniessen sondern starb alsforth folgendes iahres in der stadt strallsund und uerliess neben zweyen unmundigen kindern bogisslao u und barnimo iu seine gemahlin elisabeth eine geborne hertzogin aus schlesien grob schwanger hinter sich die nach ihres herren abgang den dritten sohn zur welt gebohren und ihn wartisslanm u nach dem uater genennet hat
micraelius_pommernland03_1639,body,100,0,False,375,Dieſer vnmuͤndigen Jungen Herren nahmen ſich in gebuͤhrender Vormundſchafft Hertzog Otto I. vnd ſein Sohn Barnimb III. auffs getreweſte an/ aber ſo bald Fuͤrſt Heinrich von Mechelenburg/ ſonſt der Lewe genant/ vnd die beyde Herren von der Werle/ Herman vnd Henning/ vernahmen/ das Wartislaus/ bey deſſen Lebenszeiten ſie wegen des Fuͤrſtenthumbs Ruͤgen nichtes anfangen durfften/ verſtorben war/ brachten ſie etliche fuͤrnehme vom Adel in den Emptern Barth/ Grimmen/ vnd Loyzvnd inſonderheit Henning von Winterfeld auff jhre Seyte/ vnd nahmen in der Eyl die vier Staͤdte Bahrt/ Grimmen/ Tribbeſeeß vnd Loyz hinweg.,dieſer vnmuͤndigen jungen herren nahmen ſich in gebuͤhrender vormundſchafft hertzog otto i vnd ſein sohn barnimb iii auffs getreweſte an aber ſo bald fuͤrſt heinrich von mechelenburg ſonſt der lewe genant vnd die beyde herren von der werle herman vnd henning vernahmen das wartislaus bey deſſen lebenszeiten ſie wegen des fuͤrſtenthumbs ruͤgen nichtes anfangen durfften verſtorben war brachten ſie etliche fuͤrnehme vom adel in den emptern barth grimmen vnd loyzvnd inſonderheit henning von winterfeld auff jhre seyte vnd nahmen in der eyl die vier staͤdte bahrt grimmen tribbeſeeß vnd loyz hinweg,dieser unmundigen iungen herren nahmen sich in gebuhrender uormundschafft hertzog otto i und sein sohn barnimb iii auffs getreweste an aber so bald furst heinrich uon mechelenburg sonst der lewe genant und die beyde herren uon der werle herman und henning uernahmen das wartislaus bey dessen lebenszeiten sie wegen des furstenthumbs rugen nichtes anfangen durfften uerstorben war brachten sie etliche furnehme uom adel in den emptern barth grimmen und loyzund insonderheit henning uon winterfeld auff ihre seyte und nahmen in der eyl die uier stadte bahrt grimmen tribbeseess und loyz hinweg
micraelius_pommernland03_1639,body,100,1,False,375,Es ſchlugen ſich auch die Grafen zu Guzkow Johan der Elter vnd der Juͤnger zu jhnen/ vnd halffen jhnen das Schloß Loyz/ aus welchem ſich Reinfried Penz/ ein Ritter/ tapfer wehrete/ belagern.,es ſchlugen ſich auch die grafen zu guzkow johan der elter vnd der juͤnger zu jhnen vnd halffen jhnen das schloß loyz aus welchem ſich reinfried penz ein ritter tapfer wehrete belagern,es schlugen sich auch die grafen zu guzkow iohan der elter und der iunger zu ihnen und halffen ihnen das schloss loyz aus welchem sich reinfried penz ein ritter tapfer wehrete belagern
micraelius_pommernland03_1639,body,100,2,False,375,Greyffswald vnd Demmin warden auch wol zu ſolch einem Handel gefordert; Aber dieſelbige wolten bey jhrer jungen Herꝛſchafft beſtaͤndig halten; Die Greyffswaldiſche nahmen die Fuͤrſtliche Witwe/ die des dritten Sohns noch nicht erloͤſet war/ nebenſt jhren beyden jungen Printzen zu ſich in die Stadt/ weil ſie zu Wolgaſt nicht aller dinges ſicher ſein moͤchten/ vnd da die Stetiniſche Hertzogen/ theils weil ſie mit den Maͤrckiſchen Kriegen beleget waren/ theils das ſie newlich den Mechelburgiſchen Fuͤrſten/ nichts feindliches wieder ſie fuͤrzunehmen/ zugeſaget hetten/ jhrer Muͤndlein ſich nicht annehmen koͤnten/ iſt ſolches der Wolgaſtiſchen Landſchafft nicht wenig zu Hertzen gegangen/ alſo das auch ſchon von veraͤnderung der Vormundſchafft iſt buchſtabieret worden.,greyffswald vnd demmin warden auch wol zu ſolch einem handel gefordert aber dieſelbige wolten bey jhrer jungen herꝛſchafft beſtaͤndig halten die greyffswaldiſche nahmen die fuͤrſtliche witwe die des dritten sohns noch nicht erloͤſet war nebenſt jhren beyden jungen printzen zu ſich in die stadt weil ſie zu wolgaſt nicht aller dinges ſicher ſein moͤchten vnd da die stetiniſche hertzogen theils weil ſie mit den maͤrckiſchen kriegen beleget waren theils das ſie newlich den mechelburgiſchen fuͤrſten nichts feindliches wieder ſie fuͤrzunehmen zugeſaget hetten jhrer muͤndlein ſich nicht annehmen koͤnten iſt ſolches der wolgaſtiſchen landſchafft nicht wenig zu hertzen gegangen alſo das auch ſchon von veraͤnderung der vormundſchafft iſt buchſtabieret worden,greyffswald und demmin warden auch wol zu solch einem handel gefordert aber dieselbige wolten bey ihrer iungen herschafft bestandig halten die greyffswaldische nahmen die furstliche witwe die des dritten sohns noch nicht erloset war nebenst ihren beyden iungen printzen zu sich in die stadt weil sie zu wolgast nicht aller dinges sicher sein mochten und da die stetinische hertzogen theils weil sie mit den marckischen kriegen beleget waren theils das sie newlich den mechelburgischen fursten nichts feindliches wieder sie furzunehmen zugesaget hetten ihrer mundlein sich nicht annehmen konten ist solches der wolgastischen landschafft nicht wenig zu hertzen gegangen also das auch schon uon ueranderung der uormundschafft ist buchstabieret worden
micraelius_pommernland03_1639,body,100,3,False,376,Aber mehr Feinde zu machen/ war nicht rathſamb.,aber mehr feinde zu machen war nicht rathſamb,aber mehr feinde zu machen war nicht rathsamb
micraelius_pommernland03_1639,body,100,4,False,376,Derowegen verbunden ſich die von Greyffswald ſtarck mit dem Adel in Ruͤgen/ vnd denen von Strallſund/ Ancklam/ Demmin vnd anderen Staͤdten/ fuͤr jhre junge Herren beyſammen zuſtehen/ vnd die verlohrene oͤrter wiederumb an die Regierung zu bringen.,derowegen verbunden ſich die von greyffswald ſtarck mit dem adel in ruͤgen vnd denen von strallſund ancklam demmin vnd anderen staͤdten fuͤr jhre junge herren beyſammen zuſtehen vnd die verlohrene oͤrter wiederumb an die regierung zu bringen,derowegen uerbunden sich die uon greyffswald starck mit dem adel in rugen und denen uon strallsund ancklam demmin und anderen stadten fur ihre iunge herren beysammen zustehen und die uerlohrene orter wiederumb an die regierung zu bringen
micraelius_pommernland03_1639,body,100,5,False,376,Sucheten auch Huͤlffe beym Koͤnige von Dennemarck/ mit deme der jungen Printzen Vater Wartislaff kurtz fuͤr ſeinem Abſterben naͤhere Bundnus getroffen hette/ vnd erlangeten von jhme dc. Pferde vnter Graff Gerth von Hollſtein.,sucheten auch huͤlffe beym koͤnige von dennemarck mit deme der jungen printzen vater wartislaff kurtz fuͤr ſeinem abſterben naͤhere bundnus getroffen hette vnd erlangeten von jhme dc pferde vnter graff gerth von hollſtein,sucheten auch hulffe beym konige uon dennemarck mit deme der iungen printzen uater wartislaff kurtz fur seinem absterben nahere bundnus getroffen hette und erlangeten uon ihme dc pferde unter graff gerth uon hollstein
micraelius_pommernland03_1639,body,100,6,True,376,Dieſen Grafen namb die geſambte Landſchafft zum Krieges Obriſten an/ rucketen mit jhme fuͤr Loyz/ entfreyeten das Schloß von der Belagerung der Mechelnbuͤrger/ vnd trieben ſie mit Gewalt davon/ das ſie in die Stadt die Flucht nehmen muſten: Vnd ob ſie wol gantz Meiſter hetten ſpielen/ vnd den Feind in der Stadt zwingen koͤnnen/ ſo machete doch Graff Gerth/ faſt ohne Vorwiſſen der Landſchafft/ mit den Feinden einen Anſtand der Waffen/ vnd begab ſich wieder in ſein Land.,dieſen grafen namb die geſambte landſchafft zum krieges obriſten an rucketen mit jhme fuͤr loyz entfreyeten das schloß von der belagerung der mechelnbuͤrger vnd trieben ſie mit gewalt davon das ſie in die stadt die flucht nehmen muſten vnd ob ſie wol gantz meiſter hetten ſpielen vnd den feind in der stadt zwingen koͤnnen ſo machete doch graff gerth faſt ohne vorwiſſen der landſchafft mit den feinden einen anſtand der waffen vnd begab ſich wieder in ſein land,diesen grafen namb die gesambte landschafft zum krieges obristen an rucketen mit ihme fur loyz entfreyeten das schloss uon der belagerung der mechelnburger und trieben sie mit gewalt dauon das sie in die stadt die flucht nehmen musten und ob sie wol gantz meister hetten spielen und den feind in der stadt zwingen konnen so machete doch graff gerth fast ohne uorwissen der landschafft mit den feinden einen anstand der waffen und begab sich wieder in sein land
micraelius_pommernland03_1639,body,101,0,False,377,Wie die Mechelnbuͤrger ſolches vermercketen/ achteten ſie des behandelten Anſtandes nicht/ nahmen die Pommern ohne vnterſcheid gefangen/ wor ſie jhrer Nahrung halben hingereiſet waren/ vnd beſchaͤtzeten ſie/ wie ſie wolten.,wie die mechelnbuͤrger ſolches vermercketen achteten ſie des behandelten anſtandes nicht nahmen die pommern ohne vnterſcheid gefangen wor ſie jhrer nahrung halben hingereiſet waren vnd beſchaͤtzeten ſie wie ſie wolten,wie die mechelnburger solches uermercketen achteten sie des behandelten anstandes nicht nahmen die pommern ohne unterscheid gefangen wor sie ihrer nahrung halben hingereiset waren und beschatzeten sie wie sie wolten
micraelius_pommernland03_1639,body,101,1,False,377,Bekamen auch mit ſonderer Liſt das Schloß Loyz hinweg.,bekamen auch mit ſonderer liſt das schloß loyz hinweg,bekamen auch mit sonderer list das schloss loyz hinweg
micraelius_pommernland03_1639,body,101,2,False,377,Derowegen werffen die von der Landſchafft/ Heinrich Molzan/ den Ritter zu einem Krieges Oberſten auff/ gehen gerade auff Loyz zu/ halten ein hart Treffen mit den Mechelnburgern/ behalten das Feld/ eroͤbern die Stadt mit gewalt/ vnd antworten ſie/ wol beſetzet/ gemeltem Molzan im Nahmen der jungen Herꝛſchafft ein/ das er ſie wieder das Schloß/ ſo die Mechelnburger noch jnnen hatten/ in acht haben ſolte.,derowegen werffen die von der landſchafft heinrich molzan den ritter zu einem krieges oberſten auff gehen gerade auff loyz zu halten ein hart treffen mit den mechelnburgern behalten das feld eroͤbern die stadt mit gewalt vnd antworten ſie wol beſetzet gemeltem molzan im nahmen der jungen herꝛſchafft ein das er ſie wieder das schloß ſo die mechelnburger noch jnnen hatten in acht haben ſolte,derowegen werffen die uon der landschafft heinrich molzan den ritter zu einem krieges obersten auff gehen gerade auff loyz zu halten ein hart treffen mit den mechelnburgern behalten das feld erobern die stadt mit gewalt und antworten sie wol besetzet gemeltem molzan im nahmen der iungen herschafft ein das er sie wieder das schloss so die mechelnburger noch innen hatten in acht haben solte
micraelius_pommernland03_1639,body,101,3,True,377,Dagegen legeten ſich die Fuͤrſten von Mechelnburg fuͤr Demmin/ vnd als ſie nichts ſchaffen koͤnten/ verheereten ſie das Land allenthalben/ ruͤcketen auch fuͤr Greyffswald/ der Meinung/ die Windmuͤhlen fuͤr der Stadt abzubrennen; Da auch ſolches wegen ſtattlicher Gegenwehr der Buͤrger nicht angieng/ zogen ſie zu jhrem anderen Volcke/ vnd belagerten aus dem Schloſſe Loyz gemelten Ritter Molzan in der Stadt/ vñ draͤngeten jhn hart/ inſonderheit weil ſie ein Block haus oder feſte Burg gegen die Stadt auffſchlugen/ das jhr alle Zufuhr moͤchte benommen werden.,dagegen legeten ſich die fuͤrſten von mechelnburg fuͤr demmin vnd als ſie nichts ſchaffen koͤnten verheereten ſie das land allenthalben ruͤcketen auch fuͤr greyffswald der meinung die windmuͤhlen fuͤr der stadt abzubrennen da auch ſolches wegen ſtattlicher gegenwehr der buͤrger nicht angieng zogen ſie zu jhrem anderen volcke vnd belagerten aus dem schloſſe loyz gemelten ritter molzan in der stadt vñ draͤngeten jhn hart inſonderheit weil ſie ein block haus oder feſte burg gegen die stadt auffſchlugen das jhr alle zufuhr moͤchte benommen werden,dagegen legeten sich die fursten uon mechelnburg fur demmin und als sie nichts schaffen konten uerheereten sie das land allenthalben rucketen auch fur greyffswald der meinung die windmuhlen fur der stadt abzubrennen da auch solches wegen stattlicher gegenwehr der burger nicht angieng zogen sie zu ihrem anderen uolcke und belagerten aus dem schlosse loyz gemelten ritter molzan in der stadt und drangeten ihn hart insonderheit weil sie ein block haus oder feste burg gegen die stadt auffschlugen das ihr alle zufuhr mochte benommen werden
micraelius_pommernland03_1639,body,102,0,False,377,Als ſich alſo der Krieg in die laͤnge verzog/ brachte endlich der Stetiniſche Hertzog Barnimb III. den die Wolgaſtiſche Landſchafft auffs newe mit beweglichẽ Vrſachen zur Huͤlffe erſuchete/ es dahin/ das Johan der Grafe von Guzkow ſich von den Mechelnbuͤrgern/ denen er biß daher beygeſtanden war/ abſonderte/ vnd ſich auff der jungen Herꝛſchafft ſeyte lenckete/ vnd erhielt bey dem Fuͤrſten von Mechelenburg/ auff eine genante Zeit einen Stillſtand der Waffen.,als ſich alſo der krieg in die laͤnge verzog brachte endlich der stetiniſche hertzog barnimb iii den die wolgaſtiſche landſchafft auffs newe mit beweglichẽ vrſachen zur huͤlffe erſuchete es dahin das johan der grafe von guzkow ſich von den mechelnbuͤrgern denen er biß daher beygeſtanden war abſonderte vnd ſich auff der jungen herꝛſchafft ſeyte lenckete vnd erhielt bey dem fuͤrſten von mechelenburg auff eine genante zeit einen stillſtand der waffen,als sich also der krieg in die lange uerzog brachte endlich der stetinische hertzog barnimb iii den die wolgastische landschafft auffs newe mit beweglichen ursachen zur hulffe ersuchete es dahin das iohan der grafe uon guzkow sich uon den mechelnburgern denen er biss daher beygestanden war absonderte und sich auff der iungen herschafft seyte lenckete und erhielt bey dem fursten uon mechelenburg auff eine genante zeit einen stillstand der waffen
micraelius_pommernland03_1639,body,102,1,False,378,Da aber in ſolcher Zeit nichts Haͤuptſachliches zum volligen Friede geſchloſſen ward/ hat die Landſchafft auff Anordnung Hertzog Barnimbs im Jahr mcccxxvij. gemelten Grafen zu Guͤtzkow zu einem Feld Oberſten erwehlet: Der ſich dann auch mit einem anſehenlichen Volck fuͤr das Schloß Loyz lagerte/ vnd daſſelbe mit gewalt erſtieg; Ferners die andern Staͤdte Bahrt/ Grimmen vnd Tribbeſees wieder einnahm/ vnd mit einem Einfall in Mechelnburg den erlittenen Schaden zimblich erſetzete.,da aber in ſolcher zeit nichts haͤuptſachliches zum volligen friede geſchloſſen ward hat die landſchafft auff anordnung hertzog barnimbs im jahr mcccxxvij gemelten grafen zu guͤtzkow zu einem feld oberſten erwehlet der ſich dann auch mit einem anſehenlichen volck fuͤr das schloß loyz lagerte vnd daſſelbe mit gewalt erſtieg ferners die andern staͤdte bahrt grimmen vnd tribbeſees wieder einnahm vnd mit einem einfall in mechelnburg den erlittenen schaden zimblich erſetzete,da aber in solcher zeit nichts hauptsachliches zum uolligen friede geschlossen ward hat die landschafft auff anordnung hertzog barnimbs im iahr mcccxxuii gemelten grafen zu gutzkow zu einem feld obersten erwehlet der sich dann auch mit einem ansehenlichen uolck fur das schloss loyz lagerte und dasselbe mit gewalt erstieg ferners die andern stadte bahrt grimmen und tribbesees wieder einnahm und mit einem einfall in mechelnburg den erlittenen schaden zimblich ersetzete
micraelius_pommernland03_1639,body,102,2,True,378,Mitlerweile verſtirbet Fuͤrſt Heinrich in Mechelnburg- vnd bleibet Pommern wegen des Fuͤrſtenthumbs Ruͤgen eine zeitlang vnangefochten.,mitlerweile verſtirbet fuͤrſt heinrich in mechelnburg vnd bleibet pommern wegen des fuͤrſtenthumbs ruͤgen eine zeitlang vnangefochten,mitlerweile uerstirbet furst heinrich in mechelnburg und bleibet pommern wegen des furstenthumbs rugen eine zeitlang unangefochten
micraelius_pommernland03_1639,body,103,0,False,378,Weil aber die von Greyffswald in dieſer Fehde das beſte gethan/ vnd viele tauſend Guͤlden der jungen Herꝛſchafft zu guthe auffgewendet hetten; Als haben jhnen die Hertzogen alle Fuͤrſtenſtewren erlaſſen/ das ſie jaͤhrlich nicht mehr dann eine Tonne Reiniſchen Wein/ vnd eine Tonne Mete (oder Kirſch Tranck/ wie eine alte Chronicke meldet/) geben/ vnd zu Wolgaſt entrichten doͤrffen.,weil aber die von greyffswald in dieſer fehde das beſte gethan vnd viele tauſend guͤlden der jungen herꝛſchafft zu guthe auffgewendet hetten als haben jhnen die hertzogen alle fuͤrſtenſtewren erlaſſen das ſie jaͤhrlich nicht mehr dann eine tonne reiniſchen wein vnd eine tonne mete oder kirſch tranck wie eine alte chronicke meldet geben vnd zu wolgaſt entrichten doͤrffen,weil aber die uon greyffswald in dieser fehde das beste gethan und uiele tausend gulden der iungen herschafft zu guthe auffgewendet hetten als haben ihnen die hertzogen alle furstenstewren erlassen das sie iahrlich nicht mehr dann eine tonne reinischen wein und eine tonne mete oder kirsch tranck wie eine alte chronicke meldet geben und zu wolgast entrichten dorffen
micraelius_pommernland03_1639,body,103,1,True,378,Jmgleichen iſt den andern Staͤdten/ die auch trewlich in dieſem Kriege mit gearbeitet hetten/ eine newe Freyheit ertheilet/ das ſie hinfort im Lande Großwyn vnd Demmin von den Zoͤllen vnd andern Vnpflichten frey ſein ſolten.,jmgleichen iſt den andern staͤdten die auch trewlich in dieſem kriege mit gearbeitet hetten eine newe freyheit ertheilet das ſie hinfort im lande großwyn vnd demmin von den zoͤllen vnd andern vnpflichten frey ſein ſolten,imgleichen ist den andern stadten die auch trewlich in diesem kriege mit gearbeitet hetten eine newe freyheit ertheilet das sie hinfort im lande grosswyn und demmin uon den zollen und andern unpflichten frey sein solten
micraelius_pommernland03_1639,body,104,0,False,378,Hierauff hat ſich das Land bald wieder vernommen.,hierauff hat ſich das land bald wieder vernommen,hierauff hat sich das land bald wieder uernommen
micraelius_pommernland03_1639,body,104,1,False,378,Eliſabeth der jungen Herꝛen Schweſter ward Hertzog Erichen von Nieder Sachſen beygeleget: Das Schloß Wolgaſt ward auffs newe erbawet/ vnd mit der Peene noch beſſer befeſtiget.,eliſabeth der jungen herꝛen schweſter ward hertzog erichen von nieder sachſen beygeleget das schloß wolgaſt ward auffs newe erbawet vnd mit der peene noch beſſer befeſtiget,elisabeth der iungen heren schwester ward hertzog erichen uon nieder sachsen beygeleget das schloss wolgast ward auffs newe erbawet und mit der peene noch besser befestiget
micraelius_pommernland03_1639,body,104,2,False,379,Vnd als Hertzog Barnimb von Stettin das Regiment den Jungen Herren im Jahr mcccxxxviij. nach verfloſſener Zeit der Vormundſchafft in die Hand ſtellete/ blieben ſie eintraͤchtiglich in vnzertheileter Regierung/ vnd heurathete Bogißlaus V. Fraͤwlein Eliſabeth Koͤniges aus Polen Tochter: Barnimb IV. ließ ſich Sophiam Fuͤrſt Johannis zu Wenden in Mechelnburg Tochter beylegen; Wartislaus V. blieb auſſer dem Eheſtande/ oder/ wo er ja ein Ehe Gemahl gehabt hat/ wie etliche vorgeben/ das er ſich mit Anna eines Hertzogen aus Mechelnburg Tochter vermaͤhlet habe/ hat er doch keine Erben nachgelaſſen.,vnd als hertzog barnimb von stettin das regiment den jungen herren im jahr mcccxxxviij nach verfloſſener zeit der vormundſchafft in die hand ſtellete blieben ſie eintraͤchtiglich in vnzertheileter regierung vnd heurathete bogißlaus v fraͤwlein eliſabeth koͤniges aus polen tochter barnimb iv ließ ſich sophiam fuͤrſt johannis zu wenden in mechelnburg tochter beylegen wartislaus v blieb auſſer dem eheſtande oder wo er ja ein ehe gemahl gehabt hat wie etliche vorgeben das er ſich mit anna eines hertzogen aus mechelnburg tochter vermaͤhlet habe hat er doch keine erben nachgelaſſen,und als hertzog barnimb uon stettin das regiment den iungen herren im iahr mcccxxxuiii nach uerflossener zeit der uormundschafft in die hand stellete blieben sie eintrachtiglich in unzertheileter regierung und heurathete bogisslaus u frawlein elisabeth koniges aus polen tochter barnimb iu liess sich sophiam furst iohannis zu wenden in mechelnburg tochter beylegen wartislaus u blieb ausser dem ehestande oder wo er ia ein ehe gemahl gehabt hat wie etliche uorgeben das er sich mit anna eines hertzogen aus mechelnburg tochter uermahlet habe hat er doch keine erben nachgelassen
micraelius_pommernland03_1639,body,104,3,False,379,Jſt ſonſt ein alter Herr geworden/ hat in der Theilung der Wolgaſtiſchen Regierung/ davon wir bald meldung thun wollen/ fuͤr ſein Antheil eine gewiſſe Summ Geldes genommen/ vnd ſich meiſtentheils in den Cloͤſtern vnd zum Strallſund anffgehalten.,jſt ſonſt ein alter herr geworden hat in der theilung der wolgaſtiſchen regierung davon wir bald meldung thun wollen fuͤr ſein antheil eine gewiſſe summ geldes genommen vnd ſich meiſtentheils in den cloͤſtern vnd zum strallſund anffgehalten,ist sonst ein alter herr geworden hat in der theilung der wolgastischen regierung dauon wir bald meldung thun wollen fur sein antheil eine gewisse summ geldes genommen und sich meistentheils in den clostern und zum strallsund anffgehalten
micraelius_pommernland03_1639,body,104,4,False,379,Dannenher man jhn wegen deſſen/ das er mit den Muͤnchen gerne vmbgegangen iſt/ nur Pater Noſter/ vnnd das er zum Strallſund auff der Wydumb bey S. Niclaus Kirche gemeinlich ſich befunden/ den Herren vom Sund genennet hat.,dannenher man jhn wegen deſſen das er mit den muͤnchen gerne vmbgegangen iſt nur pater noſter vnnd das er zum strallſund auff der wydumb bey s niclaus kirche gemeinlich ſich befunden den herren vom sund genennet hat,dannenher man ihn wegen dessen das er mit den munchen gerne umbgegangen ist nur pater noster unnd das er zum strallsund auff der wydumb bey s niclaus kirche gemeinlich sich befunden den herren uom sund genennet hat
micraelius_pommernland03_1639,body,104,5,False,379,Das wird von jhme inſonderheit geſchrieben/ das er beydes ein hoch verſtaͤndiger vnd ein tapfer Herr fuͤr der Fanſt geweſen.,das wird von jhme inſonderheit geſchrieben das er beydes ein hoch verſtaͤndiger vnd ein tapfer herr fuͤr der fanſt geweſen,das wird uon ihme insonderheit geschrieben das er beydes ein hoch uerstandiger und ein tapfer herr fur der fanst gewesen
micraelius_pommernland03_1639,body,104,6,False,379,Derowegen jhn die vom Adel vnd in Staͤdten gemeinlich in jhren Streitigkeiten zum Vnterhaͤndeler vnd Scheidesman gebrauchet haben.,derowegen jhn die vom adel vnd in staͤdten gemeinlich in jhren streitigkeiten zum vnterhaͤndeler vnd scheidesman gebrauchet haben,derowegen ihn die uom adel und in stadten gemeinlich in ihren streitigkeiten zum unterhandeler und scheidesman gebrauchet haben
micraelius_pommernland03_1639,body,104,7,False,379,Er hat einsmahl auff der Jagt in eigener Perſohn einen Wyſand/ welcher nunmehr in dieſen Laͤnden vnbekand iſt/ aber ſonſt groͤſſer als ein Vhr Ochſe ſein ſol/ gefellet/ vnd die Hoͤrner deſſelben in Silber gefaſſet/ vnd eins davon in den Thumb nach Cammin verehret/ das ander in ſeinen Schaͤtzen den Vettern zum Erbe gelaſſen.,er hat einsmahl auff der jagt in eigener perſohn einen wyſand welcher nunmehr in dieſen laͤnden vnbekand iſt aber ſonſt groͤſſer als ein vhr ochſe ſein ſol gefellet vnd die hoͤrner deſſelben in silber gefaſſet vnd eins davon in den thumb nach cammin verehret das ander in ſeinen schaͤtzen den vettern zum erbe gelaſſen,er hat einsmahl auff der iagt in eigener persohn einen wysand welcher nunmehr in diesen landen unbekand ist aber sonst grosser als ein uhr ochse sein sol gefellet und die horner desselben in silber gefasset und eins dauon in den thumb nach cammin uerehret das ander in seinen schatzen den uettern zum erbe gelassen
micraelius_pommernland03_1639,body,104,8,False,380,Da nun gemelte dreyjunge Herren in Wollgaſtiſcher Regierung bey zehen Jahren das Regiment gefuͤhret hetten/ vnd vnter des Carolus der Vierdte zur Kaͤyſerlichen Hoheit erhaben war/ wolte es die Noth erforderen/ das ſie bey jhme ſich ſtelleten/ die Lehn ſo wol von jhren andern Laͤndern/ als von deme jhnen newlich angeerbeten Fuͤrſtenthumb Ruͤgen/ ſampt des Reiches Jaͤgermeiſter Erb Ampt/ welches ſolchem Fuͤrſtenthumb anhaͤngig iſt/ zu empfangen.,da nun gemelte dreyjunge herren in wollgaſtiſcher regierung bey zehen jahren das regiment gefuͤhret hetten vnd vnter des carolus der vierdte zur kaͤyſerlichen hoheit erhaben war wolte es die noth erforderen das ſie bey jhme ſich ſtelleten die lehn ſo wol von jhren andern laͤndern als von deme jhnen newlich angeerbeten fuͤrſtenthumb ruͤgen ſampt des reiches jaͤgermeiſter erb ampt welches ſolchem fuͤrſtenthumb anhaͤngig iſt zu empfangen,da nun gemelte dreyiunge herren in wollgastischer regierung bey zehen iahren das regiment gefuhret hetten und unter des carolus der uierdte zur kayserlichen hoheit erhaben war wolte es die noth erforderen das sie bey ihme sich stelleten die lehn so wol uon ihren andern landern als uon deme ihnen newlich angeerbeten furstenthumb rugen sampt des reiches iagermeister erb ampt welches solchem furstenthumb anhangig ist zu empfangen
micraelius_pommernland03_1639,body,104,9,False,380,Sind derowegen im Jahr mcccxlviij. gen Znaym in Maͤhren nebenſt Hertzog Barnimo I. gezogen/ vnd haben nach empfangener Lehen ſich/ in der geſambten Hand an allen jhren Laͤndern Hertzog- vnd Fuͤrſtenthuͤmbern vnter der Fahnen/ als die Kaͤyſ. Mayt. in jhrer Majeſtaͤt Zierde geſeſſen/ beſtetigen/ vnd mit dem Scepter einſetzen laſſen; Folgendes Jahr ſind auch die Mechelnburger zum Kaͤyſer nach Prage gezogen/ vnd ſind do erſtlich zu Hertzogen des Reichs gemachet/ clxviij. Jahr nach der Zeit/ das die Fuͤrſten von Pommern zu ſolcher Wuͤrde gelanget ſeyn.,sind derowegen im jahr mcccxlviij gen znaym in maͤhren nebenſt hertzog barnimo i gezogen vnd haben nach empfangener lehen ſich in der geſambten hand an allen jhren laͤndern hertzog vnd fuͤrſtenthuͤmbern vnter der fahnen als die kaͤyſ mayt in jhrer majeſtaͤt zierde geſeſſen beſtetigen vnd mit dem scepter einſetzen laſſen folgendes jahr ſind auch die mechelnburger zum kaͤyſer nach prage gezogen vnd ſind do erſtlich zu hertzogen des reichs gemachet clxviij jahr nach der zeit das die fuͤrſten von pommern zu ſolcher wuͤrde gelanget ſeyn,sind derowegen im iahr mcccxluiii gen znaym in mahren nebenst hertzog barnimo i gezogen und haben nach empfangener lehen sich in der gesambten hand an allen ihren landern hertzog und furstenthumbern unter der fahnen als die kays mayt in ihrer maiestat zierde gesessen bestetigen und mit dem scepter einsetzen lassen folgendes iahr sind auch die mechelnburger zum kayser nach prage gezogen und sind do erstlich zu hertzogen des reichs gemachet clxuiii iahr nach der zeit das die fursten uon pommern zu solcher wurde gelanget seyn
micraelius_pommernland03_1639,body,104,10,False,380,Kaum aber waren ſie zu Hauſe gekommen/ da faͤnget Hertzog Abrecht von Mechelnburg vnd Fuͤrſte Niclas von der Werle/ einen newen Krieg wieder die Pommeren an/ vnd nimbt Bahrt vnd Grimmen hinweg/ vnd laͤgert ſich ſtarck vor Loyz/ ſeine Zuſprache am Lande zu Ruͤgen nochmahlen zuerhalten.,kaum aber waren ſie zu hauſe gekommen da faͤnget hertzog abrecht von mechelnburg vnd fuͤrſte niclas von der werle einen newen krieg wieder die pommeren an vnd nimbt bahrt vnd grimmen hinweg vnd laͤgert ſich ſtarck vor loyz ſeine zuſprache am lande zu ruͤgen nochmahlen zuerhalten,kaum aber waren sie zu hause gekommen da fanget hertzog abrecht uon mechelnburg und furste niclas uon der werle einen newen krieg wieder die pommeren an und nimbt bahrt und grimmen hinweg und lagert sich starck uor loyz seine zusprache am lande zu rugen nochmahlen zuerhalten
micraelius_pommernland03_1639,body,104,11,True,381,Wie aber Hertzog Barnimb ſeinem Vetter ſchleunig zu Huͤlffe gekom̃en ſey/ vnd die Mechelnburger in die Flucht geſchlagen/ Grimmen zweymahl wieder erobert/ auch die Feinde aus Bahrt gejaget/ vnd endlich die Sache ſo weit gebracht habe/ das beydes der Hertzog aus Mechelnburg vnd der Fuͤrſt von Werlen ſich aller Gerechtigkeit an Ruͤgen verzeihẽ muͤſten/ ſolches haben wir bey Hertzog Barnimi I. Hiſtoria etwas weitlaͤufftiger erzehlet: Da dann auch zugleich Bericht gethan worden/ wie/ nach Abſterben des letzten Grafen von Guͤtzkow Johanſen/ ſolche Graffſchafft getheilet/ vnd von einander geſetzet iſt: Jtem wie die ſaͤmptliche Pommerſche Fuͤrſten Paſewalck von den Sachſen vnd Anhaltern erlediget/ Marggraff Ludewig den Roͤmer anfaͤnglich zu Einnehmung der Marck geholffen/ hernach da er ſich feindlich bezeiget/ vnd fuͤr Paſewalck gelagert/ jhn mit Macht angegriffen/ vnd in die Flucht gejaget haben.,wie aber hertzog barnimb ſeinem vetter ſchleunig zu huͤlffe gekom̃en ſey vnd die mechelnburger in die flucht geſchlagen grimmen zweymahl wieder erobert auch die feinde aus bahrt gejaget vnd endlich die sache ſo weit gebracht habe das beydes der hertzog aus mechelnburg vnd der fuͤrſt von werlen ſich aller gerechtigkeit an ruͤgen verzeihẽ muͤſten ſolches haben wir bey hertzog barnimi i hiſtoria etwas weitlaͤufftiger erzehlet da dann auch zugleich bericht gethan worden wie nach abſterben des letzten grafen von guͤtzkow johanſen ſolche graffſchafft getheilet vnd von einander geſetzet iſt jtem wie die ſaͤmptliche pommerſche fuͤrſten paſewalck von den sachſen vnd anhaltern erlediget marggraff ludewig den roͤmer anfaͤnglich zu einnehmung der marck geholffen hernach da er ſich feindlich bezeiget vnd fuͤr paſewalck gelagert jhn mit macht angegriffen vnd in die flucht gejaget haben,wie aber hertzog barnimb seinem uetter schleunig zu hulffe gekommen sey und die mechelnburger in die flucht geschlagen grimmen zweymahl wieder erobert auch die feinde aus bahrt geiaget und endlich die sache so weit gebracht habe das beydes der hertzog aus mechelnburg und der furst uon werlen sich aller gerechtigkeit an rugen uerzeihen musten solches haben wir bey hertzog barnimi i historia etwas weitlaufftiger erzehlet da dann auch zugleich bericht gethan worden wie nach absterben des letzten grafen uon gutzkow iohansen solche graffschafft getheilet und uon einander gesetzet ist item wie die samptliche pommersche fursten pasewalck uon den sachsen und anhaltern erlediget marggraff ludewig den romer anfanglich zu einnehmung der marck geholffen hernach da er sich feindlich bezeiget und fur pasewalck gelagert ihn mit macht angegriffen und in die flucht geiaget haben
micraelius_pommernland03_1639,body,105,0,True,381,Als man zehlet mccclxj. ſtarb Bogißlai V. Gemaͤhlin Koͤnig Caſimiri aus Polen Tochter/ vnd weil ſie mit jhrem Herren drey Kinder nachließ/ als Caſimirum V. Bogißlaum VIII. vnd eine Tochter Eliſabeth/ als hat Koͤnig Caſimir/ das Fraͤwlein zu ſich genommen/ vnd dieſelbe nach zweyen Jahren Kaͤyſer Carolo V. zu Krakow mit groſſer Koͤniglicher Pracht in beyſein dreyer andern Koͤnige aus Hungern/ Dennemarck vnd Cypren/ vnd vielen andern Chur- vnd Fuͤrſten/ beygeleget/ vnd jhr einen Brautſchatz von cm. Vngeriſchen Goldguͤlden mitgegeben/ ans welcher Ehe hernach der loͤbliche Kaͤyſer Sigißmund erzenget iſt.,als man zehlet mccclxj ſtarb bogißlai v gemaͤhlin koͤnig caſimiri aus polen tochter vnd weil ſie mit jhrem herren drey kinder nachließ als caſimirum v bogißlaum viii vnd eine tochter eliſabeth als hat koͤnig caſimir das fraͤwlein zu ſich genommen vnd dieſelbe nach zweyen jahren kaͤyſer carolo v zu krakow mit groſſer koͤniglicher pracht in beyſein dreyer andern koͤnige aus hungern dennemarck vnd cypren vnd vielen andern chur vnd fuͤrſten beygeleget vnd jhr einen brautſchatz von cm vngeriſchen goldguͤlden mitgegeben ans welcher ehe hernach der loͤbliche kaͤyſer sigißmund erzenget iſt,als man zehlet mccclxi starb bogisslai u gemahlin konig casimiri aus polen tochter und weil sie mit ihrem herren drey kinder nachliess als casimirum u bogisslaum uiii und eine tochter elisabeth als hat konig casimir das frawlein zu sich genommen und dieselbe nach zweyen iahren kayser carolo u zu krakow mit grosser koniglicher pracht in beysein dreyer andern konige aus hungern dennemarck und cypren und uielen andern chur und fursten beygeleget und ihr einen brautschatz uon cm ungerischen goldgulden mitgegeben ans welcher ehe hernach der lobliche kayser sigissmund erzenget ist
micraelius_pommernland03_1639,body,106,0,False,382,Zwey Jahr nach dieſem anſehenlichen Beylager/ eben da ein groſſer Wallfiſch bey Dannerow/ an dem Orte/ da zuvor die fuͤrtreffliche Stadt Wineta geſtanden/ anſtrandete/ von deſſen Fleiſch/ nach deme jhn die Fiſcher erſchlagen haben/ ccclx. Tonnen gefuͤllet ſind/ ſtarb Barnimus IV. vnd verließ nach ſich/ nebenſt ſeiner Tochter Agnes/ die hernach Hertzog Magno von Mechelnburg beygelegetiſt/ zweene Soͤhne/ Wartislaum vnd Bogißlaum/ beyde des Nahmens die Sechſten/ mit welchen nicht lange nach jhres Vaters Todte/ Hertzog Albrecht von Mechelnburg ſo weit wegen etlicher Jrꝛung der Grentzen halben gerathen/ das ſie gegen einander zu Felde gezogen ſind/ vnd ſich bey Damgarten geſchlagen haben.,zwey jahr nach dieſem anſehenlichen beylager eben da ein groſſer wallfiſch bey dannerow an dem orte da zuvor die fuͤrtreffliche stadt wineta geſtanden anſtrandete von deſſen fleiſch nach deme jhn die fiſcher erſchlagen haben ccclx tonnen gefuͤllet ſind ſtarb barnimus iv vnd verließ nach ſich nebenſt ſeiner tochter agnes die hernach hertzog magno von mechelnburg beygelegetiſt zweene soͤhne wartislaum vnd bogißlaum beyde des nahmens die sechſten mit welchen nicht lange nach jhres vaters todte hertzog albrecht von mechelnburg ſo weit wegen etlicher jrꝛung der grentzen halben gerathen das ſie gegen einander zu felde gezogen ſind vnd ſich bey damgarten geſchlagen haben,zwey iahr nach diesem ansehenlichen beylager eben da ein grosser wallfisch bey dannerow an dem orte da zuuor die furtreffliche stadt wineta gestanden anstrandete uon dessen fleisch nach deme ihn die fischer erschlagen haben ccclx tonnen gefullet sind starb barnimus iu und uerliess nach sich nebenst seiner tochter agnes die hernach hertzog magno uon mechelnburg beygelegetist zweene sohne wartislaum und bogisslaum beyde des nahmens die sechsten mit welchen nicht lange nach ihres uaters todte hertzog albrecht uon mechelnburg so weit wegen etlicher irung der grentzen halben gerathen das sie gegen einander zu felde gezogen sind und sich bey damgarten geschlagen haben
micraelius_pommernland03_1639,body,106,1,False,382,Der Sieg aber fiel auff die Mechelburgiſche Seyte/ vnd ward Hertzog Wartislaff nebenſt vielen vom Adel/ vnd Wedige Bugenhagen des Landes Bahrt Erb Marſchalck gefangen/ vnd muͤſte ſich mit mcdlxxx. Marck loͤtiges Goldes/ welche Summa die vom Sunde/ vnd andere Staͤdte verleget/ wiederumb entledigen.,der sieg aber fiel auff die mechelburgiſche seyte vnd ward hertzog wartislaff nebenſt vielen vom adel vnd wedige bugenhagen des landes bahrt erb marſchalck gefangen vnd muͤſte ſich mit mcdlxxx marck loͤtiges goldes welche summa die vom sunde vnd andere staͤdte verleget wiederumb entledigen,der sieg aber fiel auff die mechelburgische seyte und ward hertzog wartislaff nebenst uielen uom adel und wedige bugenhagen des landes bahrt erb marschalck gefangen und muste sich mit mcdlxxx marck lotiges goldes welche summa die uom sunde und andere stadte uerleget wiederumb entledigen
micraelius_pommernland03_1639,body,106,2,False,382,Man ſagt von einem Vizen/ als derſelbe dieſe Niederlage halben in ein Fewr zuſpringen verdammet/ das Ers gerne gethan/ vnd dabey geruffen: Alle Dinge muͤſſen ſein.,man ſagt von einem vizen als derſelbe dieſe niederlage halben in ein fewr zuſpringen verdammet das ers gerne gethan vnd dabey geruffen alle dinge muͤſſen ſein,man sagt uon einem uizen als derselbe diese niederlage halben in ein fewr zuspringen uerdammet das ers gerne gethan und dabey geruffen alle dinge mussen sein
micraelius_pommernland03_1639,body,106,3,False,382,Vnd dieſes muͤſte auch ſeyn.,vnd dieſes muͤſte auch ſeyn,und dieses muste auch seyn
micraelius_pommernland03_1639,body,106,4,False,382,Vnſere wolgeplagete Bawren ſagen auch heutiges Tages.,vnſere wolgeplagete bawren ſagen auch heutiges tages,unsere wolgeplagete bawren sagen auch heutiges tages
micraelius_pommernland03_1639,body,106,5,True,382,Was wir armen Leutlein thun muͤſſen/ thun wir gerne.,was wir armen leutlein thun muͤſſen thun wir gerne,was wir armen leutlein thun mussen thun wir gerne
micraelius_pommernland03_1639,body,107,0,False,382,Weil es aber Bogißlao V. ſehr ſchwer fiel/ in ſaͤmptlichen Guͤtern laͤnger mit ſeines Brudern Kindern Wartislao vnd Bogißlao des Nahmens den Sechſten/ vnd ſeinem Bruder Wartislao V. zu ſitzen/ als drang er gar ſtarck auff die Theilung/ welche auch durch Graff Otten von Newgarten/ vnd andere Land- vnd Hoff-Rhaͤte dahin behandelt ward/ das Wartislao V. fuͤr ſein Drittentheil eine benante Sum̃ Geldes/ wie ſchon geſaget/ Jaͤhrlich gegeben/ vnd das uͤbrige Land Wolgaſtiſcher Pom̃eriſcher Regierung in zwey gleiche Theil von einander geſetzet ward.,weil es aber bogißlao v ſehr ſchwer fiel in ſaͤmptlichen guͤtern laͤnger mit ſeines brudern kindern wartislao vnd bogißlao des nahmens den sechſten vnd ſeinem bruder wartislao v zu ſitzen als drang er gar ſtarck auff die theilung welche auch durch graff otten von newgarten vnd andere land vnd hoffrhaͤte dahin behandelt ward das wartislao v fuͤr ſein drittentheil eine benante sum̃ geldes wie ſchon geſaget jaͤhrlich gegeben vnd das uͤbrige land wolgaſtiſcher pom̃eriſcher regierung in zwey gleiche theil von einander geſetzet ward,weil es aber bogisslao u sehr schwer fiel in samptlichen gutern langer mit seines brudern kindern wartislao und bogisslao des nahmens den sechsten und seinem bruder wartislao u zu sitzen als drang er gar starck auff die theilung welche auch durch graff otten uon newgarten und andere land und hoffrhate dahin behandelt ward das wartislao u fur sein drittentheil eine benante summ geldes wie schon gesaget iahrlich gegeben und das ubrige land wolgastischer pommerischer regierung in zwey gleiche theil uon einander gesetzet ward
micraelius_pommernland03_1639,body,107,1,False,383,Alſo bekamen die beyde Bruͤder Wartislaus vnd Bogißlaus des Nahmens die Sechſten das Theil/ darin Vſedom/ Wolgaſt/ Ruͤgen/ Strallſund/ Greiffswald/ Ancklam/ Demmin/ Bahrt/ Grimmen/ Tribbeſees/ Loyz/ von Demmin biß an die Schwyne/ gelegen iſt: Bogißlaus V. aber jhre Vater Bruder nam fuͤr ſich/ vnd ſeine Vier Soͤhne (dann er hatte zum andern mahl geheurathet/ vnd aus einem Braunſchweigiſchen Fraͤwlein Adelheit/ Grubenhagiſcher Linij/ noch vber beyde vorige Soͤhne/ Wartislaum VII. vnd Barnimum V. gezeuget) Stargard/ Greifenberg/ Treptow an der Rega/ Cammin/ Wollin/ Belgard/ Newen Stettin/ Stolp/ Ruͤgenwalde/ den Biſchoff von Cam̃in vnd ſeine Prælaten.,alſo bekamen die beyde bruͤder wartislaus vnd bogißlaus des nahmens die sechſten das theil darin vſedom wolgaſt ruͤgen strallſund greiffswald ancklam demmin bahrt grimmen tribbeſees loyz von demmin biß an die schwyne gelegen iſt bogißlaus v aber jhre vater bruder nam fuͤr ſich vnd ſeine vier soͤhne dann er hatte zum andern mahl geheurathet vnd aus einem braunſchweigiſchen fraͤwlein adelheit grubenhagiſcher linij noch vber beyde vorige soͤhne wartislaum vii vnd barnimum v gezeuget stargard greifenberg treptow an der rega cammin wollin belgard newen stettin stolp ruͤgenwalde den biſchoff von cam̃in vnd ſeine prælaten,also bekamen die beyde bruder wartislaus und bogisslaus des nahmens die sechsten das theil darin usedom wolgast rugen strallsund greiffswald ancklam demmin bahrt grimmen tribbesees loyz uon demmin biss an die schwyne gelegen ist bogisslaus u aber ihre uater bruder nam fur sich und seine uier sohne dann er hatte zum andern mahl geheurathet und aus einem braunschweigischen frawlein adelheit grubenhagischer linii noch uber beyde uorige sohne wartislaum uii und barnimum u gezeuget stargard greifenberg treptow an der rega cammin wollin belgard newen stettin stolp rugenwalde den bischoff uon cammin und seine praelaten
micraelius_pommernland03_1639,body,107,2,True,383,Die Stadt Paſewalck aber/ wie auch Alt vnd New Torgelow vnd was jhnen ſonſt in der Vkermarck zuſtendig war/ iſt gemein geblieben.,die stadt paſewalck aber wie auch alt vnd new torgelow vnd was jhnen ſonſt in der vkermarck zuſtendig war iſt gemein geblieben,die stadt pasewalck aber wie auch alt und new torgelow und was ihnen sonst in der ukermarck zustendig war ist gemein geblieben
micraelius_pommernland03_1639,body,108,0,False,383,Es haben aber die beyde Bruͤder Wartislaff vnd Bogißlaff/ des Nahmens die Sechſten/ ſich auch in vngetheileter Regierung nicht lang vergleichen koͤnnen/ ſondern jhren Antheil der maſſen von einander geſetzet/ das Wartislaff das Fuͤrſtenthumb Ruͤgen/ nebenſt den zugehoͤrigen Landſchafften/ vnd Bogißlaff das Hertzogthumb Wolgaſt vberkommen hat.,es haben aber die beyde bruͤder wartislaff vnd bogißlaff des nahmens die sechſten ſich auch in vngetheileter regierung nicht lang vergleichen koͤnnen ſondern jhren antheil der maſſen von einander geſetzet das wartislaff das fuͤrſtenthumb ruͤgen nebenſt den zugehoͤrigen landſchafften vnd bogißlaff das hertzogthumb wolgaſt vberkommen hat,es haben aber die beyde bruder wartislaff und bogisslaff des nahmens die sechsten sich auch in ungetheileter regierung nicht lang uergleichen konnen sondern ihren antheil der massen uon einander gesetzet das wartislaff das furstenthumb rugen nebenst den zugehorigen landschafften und bogisslaff das hertzogthumb wolgast uberkommen hat
micraelius_pommernland03_1639,body,108,1,False,384,Ja es war noch daran nicht genug.,ja es war noch daran nicht genug,ia es war noch daran nicht genug
micraelius_pommernland03_1639,body,108,2,False,384,Dann als Bogißlaus V. deme der Hinter Pommeriſche Ort von Wollin biß an die Stolpe zugefallen war/ verſtarb/ vnd vier Soͤhne/ wie geſaget/ nachließ/ hat zwar der eine vnter denſelben Caſimirus V. von ſeinem Großvater Koͤnig Caſimiro in Polen/ von deme er erzogen war/ die Lande Dobrin vnd Braburg nebenſt etlichen Schloͤſſern erlanget/ vnd darauff Salomeam/ Hertzog Semovits von Maſow Tochter geheurathet/ aber er iſt bald hernach im Jahr mccclxxvij. als er das Schloß Slator in Groß Polen dem Koͤnige zu guthe belagerte/ im Sturme mit einem Steine zu todte geworffen/ vnd die Polen haben ſein Land/ ſo jhme eingereumet war/ wiederumb eingenommen.,dann als bogißlaus v deme der hinter pommeriſche ort von wollin biß an die stolpe zugefallen war verſtarb vnd vier soͤhne wie geſaget nachließ hat zwar der eine vnter denſelben caſimirus v von ſeinem großvater koͤnig caſimiro in polen von deme er erzogen war die lande dobrin vnd braburg nebenſt etlichen schloͤſſern erlanget vnd darauff salomeam hertzog semovits von maſow tochter geheurathet aber er iſt bald hernach im jahr mccclxxvij als er das schloß slator in groß polen dem koͤnige zu guthe belagerte im sturme mit einem steine zu todte geworffen vnd die polen haben ſein land ſo jhme eingereumet war wiederumb eingenommen,dann als bogisslaus u deme der hinter pommerische ort uon wollin biss an die stolpe zugefallen war uerstarb und uier sohne wie gesaget nachliess hat zwar der eine unter denselben casimirus u uon seinem grossuater konig casimiro in polen uon deme er erzogen war die lande dobrin und braburg nebenst etlichen schlossern erlanget und darauff salomeam hertzog semouits uon masow tochter geheurathet aber er ist bald hernach im iahr mccclxxuii als er das schloss slator in gross polen dem konige zu guthe belagerte im sturme mit einem steine zu todte geworffen und die polen haben sein land so ihme eingereumet war wiederumb eingenommen
micraelius_pommernland03_1639,body,108,3,False,384,Seine uͤbrige drey Bruͤder aber haben jhre Land ſolcher maſſen getheilet/ das Wartislaff VII. das letzte Hinter Pommern vom Gollenberge biß an die Stolpe; Bogißlaus VIII. der auch das Biſchoffthumb Cammin eine zeitlang verwaltet/ vnd Barnimb V. das Land/ ſo auff diſſeit dem Gollenberge gelegen iſt/ zu ſich nahmen.,seine uͤbrige drey bruͤder aber haben jhre land ſolcher maſſen getheilet das wartislaff vii das letzte hinter pommern vom gollenberge biß an die stolpe bogißlaus viii der auch das biſchoffthumb cammin eine zeitlang verwaltet vnd barnimb v das land ſo auff diſſeit dem gollenberge gelegen iſt zu ſich nahmen,seine ubrige drey bruder aber haben ihre land solcher massen getheilet das wartislaff uii das letzte hinter pommern uom gollenberge biss an die stolpe bogisslaus uiii der auch das bischoffthumb cammin eine zeitlang uerwaltet und barnimb u das land so auff disseit dem gollenberge gelegen ist zu sich nahmen
micraelius_pommernland03_1639,body,108,4,False,384,Vnd alſo waren ſechs Regierungen in Pommeren; Die Stetiniſche/ die Wolgaſtiſche/ die Ruͤgianiſche/ vnd drey Hinter Pommeriſche.,vnd alſo waren ſechs regierungen in pommeren die stetiniſche die wolgaſtiſche die ruͤgianiſche vnd drey hinter pommeriſche,und also waren sechs regierungen in pommeren die stetinische die wolgastische die rugianische und drey hinter pommerische
micraelius_pommernland03_1639,body,108,5,True,384,Doch iſt die Wolgaſtiſche vnd Ruͤgianiſche Regierung nach wenig Jahren/ als Bogißlaus VI. ohne Erben im Jahr mcccxciij. verfallen/ wieder vnter einen Herren Wartislaum VI. gekommen/ vnd da dieſer fort des andern Jahrs nach dem Bruder aus dieſem Leben abgefordert ward/ blieben ſeine beyde Soͤhne Barnimus VI. vnd Wartislaus VIII. jmmer in jaͤmptlicher Regierung.,doch iſt die wolgaſtiſche vnd ruͤgianiſche regierung nach wenig jahren als bogißlaus vi ohne erben im jahr mcccxciij verfallen wieder vnter einen herren wartislaum vi gekommen vnd da dieſer fort des andern jahrs nach dem bruder aus dieſem leben abgefordert ward blieben ſeine beyde soͤhne barnimus vi vnd wartislaus viii jmmer in jaͤmptlicher regierung,doch ist die wolgastische und rugianische regierung nach wenig iahren als bogisslaus ui ohne erben im iahr mcccxciii uerfallen wieder unter einen herren wartislaum ui gekommen und da dieser fort des andern iahrs nach dem bruder aus diesem leben abgefordert ward blieben seine beyde sohne barnimus ui und wartislaus uiii immer in iamptlicher regierung
micraelius_pommernland03_1639,body,109,0,False,385,Barnimus VI. war ein frewdiger Held/ vnd begab ſich nicht allein zu Waſſer/ vnd verderbete viele Schiffe im Nordſunde/ ſondern auch/ da er druͤber ſehr eingebuͤſſet/ vnd von den Luͤbeckern/ die nach Bergen wolten/ auff dem Meere eine Niederlage gelitten hette/ brachte er mit Fuͤrſt Balzern von der Werle ſeinem Schwager/ der ſonſt mit denen von Luͤnenburg vneinig war/ mm. Pferde zuſammen/ vnd fiel den Luͤbeckern in jhre Gebiet: Ward aber druͤber hefftig verwundet/ vnd als er der Wunde wieder genaß/ vnd anheimb ſich begab/ mit der Peſtſeuche im Jahr mcdv. befallen/ die daßmahl ſehr vmb ſich fraß/ vnd ob er ſich wol zu der Jnngfrawen S. Marien im Dorffe Kenzen bey Bahrt/ da ſie nach falſchem Wahn der damahligen Aberglaubiſchen Kirchen ſolte gnaͤdig ſein/ gelobet hatte/ auch ſchon vnter wegens begriffen war/ ſo iſt er nichts deſto weniger in beſagtem Jahr geſtorben/ vnd hat zwey vnmuͤndige Herꝛlein Wartislaum IX. vnnd Barnimum VII. vnter der Vormundſchafft ſeines Bruders Wartislai VIII. nachgelaſſen.,barnimus vi war ein frewdiger held vnd begab ſich nicht allein zu waſſer vnd verderbete viele schiffe im nordſunde ſondern auch da er druͤber ſehr eingebuͤſſet vnd von den luͤbeckern die nach bergen wolten auff dem meere eine niederlage gelitten hette brachte er mit fuͤrſt balzern von der werle ſeinem schwager der ſonſt mit denen von luͤnenburg vneinig war mm pferde zuſammen vnd fiel den luͤbeckern in jhre gebiet ward aber druͤber hefftig verwundet vnd als er der wunde wieder genaß vnd anheimb ſich begab mit der peſtſeuche im jahr mcdv befallen die daßmahl ſehr vmb ſich fraß vnd ob er ſich wol zu der jnngfrawen s marien im dorffe kenzen bey bahrt da ſie nach falſchem wahn der damahligen aberglaubiſchen kirchen ſolte gnaͤdig ſein gelobet hatte auch ſchon vnter wegens begriffen war ſo iſt er nichts deſto weniger in beſagtem jahr geſtorben vnd hat zwey vnmuͤndige herꝛlein wartislaum ix vnnd barnimum vii vnter der vormundſchafft ſeines bruders wartislai viii nachgelaſſen,barnimus ui war ein frewdiger held und begab sich nicht allein zu wasser und uerderbete uiele schiffe im nordsunde sondern auch da er druber sehr eingebusset und uon den lubeckern die nach bergen wolten auff dem meere eine niederlage gelitten hette brachte er mit furst balzern uon der werle seinem schwager der sonst mit denen uon lunenburg uneinig war mm pferde zusammen und fiel den lubeckern in ihre gebiet ward aber druber hefftig uerwundet und als er der wunde wieder genass und anheimb sich begab mit der pestseuche im iahr mcdu befallen die dassmahl sehr umb sich frass und ob er sich wol zu der inngfrawen s marien im dorffe kenzen bey bahrt da sie nach falschem wahn der damahligen aberglaubischen kirchen solte gnadig sein gelobet hatte auch schon unter wegens begriffen war so ist er nichts desto weniger in besagtem iahr gestorben und hat zwey unmundige herlein wartislaum ix unnd barnimum uii unter der uormundschafft seines bruders wartislai uiii nachgelassen
micraelius_pommernland03_1639,body,109,1,False,385,Derſelbe iſt auch an der Peſte gelegen/ wie ſein Bruder/ aber er gelobete ſich an einen hoͤhern Ort/ nemlich nach Rom/ vnd da er/ ob wol nicht des geluͤbdes halben/ (dann ſonſt hette die Jungfraw Maria zu Kenzen ſo woll/ als der Bapſt vnd die Heiligen zu Rom helffen koͤnnen) dennoch durch GOttes Gnade wieder geſund war worden/ zog er zum andern mahl nach Rom.,derſelbe iſt auch an der peſte gelegen wie ſein bruder aber er gelobete ſich an einen hoͤhern ort nemlich nach rom vnd da er ob wol nicht des geluͤbdes halben dann ſonſt hette die jungfraw maria zu kenzen ſo woll als der bapſt vnd die heiligen zu rom helffen koͤnnen dennoch durch gottes gnade wieder geſund war worden zog er zum andern mahl nach rom,derselbe ist auch an der peste gelegen wie sein bruder aber er gelobete sich an einen hohern ort nemlich nach rom und da er ob wol nicht des gelubdes halben dann sonst hette die iungfraw maria zu kenzen so woll als der bapst und die heiligen zu rom helffen konnen dennoch durch gottes gnade wieder gesund war worden zog er zum andern mahl nach rom
micraelius_pommernland03_1639,body,109,2,False,385,Zum andern mahl ſage Jch.,zum andern mahl ſage jch,zum andern mahl sage ich
micraelius_pommernland03_1639,body,109,3,False,385,Denn vor deme hater ſich mit ſeinem Vetter Wartislao VII. zum erſten mahl auff die Reiſe gemachet/ Kaͤyſer Wenceslaum/ vnd Koͤnig Sigißmundum nebenſt deroſelben Mutter/ Wartislai VII. Schweſter/ zubeſuchen/ vnd von dannen nach dem heiligen Grabe/ vnd in der Ruͤckreiſe auff Rom zu ziehen.,denn vor deme hater ſich mit ſeinem vetter wartislao vii zum erſten mahl auff die reiſe gemachet kaͤyſer wenceslaum vnd koͤnig sigißmundum nebenſt deroſelben mutter wartislai vii schweſter zubeſuchen vnd von dannen nach dem heiligen grabe vnd in der ruͤckreiſe auff rom zu ziehen,denn uor deme hater sich mit seinem uetter wartislao uii zum ersten mahl auff die reise gemachet kayser wenceslaum und konig sigissmundum nebenst deroselben mutter wartislai uii schwester zubesuchen und uon dannen nach dem heiligen grabe und in der ruckreise auff rom zu ziehen
micraelius_pommernland03_1639,body,109,4,False,386,Vnd ob wol Wartislaus VII. in Hungern an einer ploͤtzlichen Kranckheit ſtarb/ ſo hat doch ſein Vetter die Reiſe gluͤcklich vollenzogen/ vnd vom Bapſt Vrbano VI. eine guldine Roſe erlanget.,vnd ob wol wartislaus vii in hungern an einer ploͤtzlichen kranckheit ſtarb ſo hat doch ſein vetter die reiſe gluͤcklich vollenzogen vnd vom bapſt vrbano vi eine guldine roſe erlanget,und ob wol wartislaus uii in hungern an einer plotzlichen kranckheit starb so hat doch sein uetter die reise glucklich uollenzogen und uom bapst urbano ui eine guldine rose erlanget
micraelius_pommernland03_1639,body,109,5,False,386,Auff der andern Reyſe/ die er in ſeiner Kranckheit nach Rom gelobet/ iſt jhme noch eine guͤldine Roſe von Gregorio XII. verehret.,auff der andern reyſe die er in ſeiner kranckheit nach rom gelobet iſt jhme noch eine guͤldine roſe von gregorio xii verehret,auff der andern reyse die er in seiner kranckheit nach rom gelobet ist ihme noch eine guldine rose uon gregorio xii uerehret
micraelius_pommernland03_1639,body,109,6,False,386,Welche er nebenſt der vorigen dem Cloſter Podagla/ als ein groß Heiligthumb/ ſchenckete.,welche er nebenſt der vorigen dem cloſter podagla als ein groß heiligthumb ſchenckete,welche er nebenst der uorigen dem closter podagla als ein gross heiligthumb schenckete
micraelius_pommernland03_1639,body,109,7,False,386,Aber da die Leute anfiengen ſich dahin zu verloben/ hat ſie endlich Heinrich der Apt zerbrochen/ damit dem Aberglauben abgeholffen wuͤrde.,aber da die leute anfiengen ſich dahin zu verloben hat ſie endlich heinrich der apt zerbrochen damit dem aberglauben abgeholffen wuͤrde,aber da die leute anfiengen sich dahin zu uerloben hat sie endlich heinrich der apt zerbrochen damit dem aberglauben abgeholffen wurde
micraelius_pommernland03_1639,body,109,8,False,386,Es hat das Jahr vor ſeinem Ende Wartislaus VIII. noch eine Reyſe auff das Concilium zu Coſtniz im Jahr mcdxiv. verrichtet/ da er vor ſich vnd ſeine junge Vettere Barnimi VI. Soͤhne/ die Lehn empfangen hat.,es hat das jahr vor ſeinem ende wartislaus viii noch eine reyſe auff das concilium zu coſtniz im jahr mcdxiv verrichtet da er vor ſich vnd ſeine junge vettere barnimi vi soͤhne die lehn empfangen hat,es hat das iahr uor seinem ende wartislaus uiii noch eine reyse auff das concilium zu costniz im iahr mcdxiu uerrichtet da er uor sich und seine iunge uettere barnimi ui sohne die lehn empfangen hat
micraelius_pommernland03_1639,body,109,9,True,386,Vnd weil er auff dieſen Reyſen Roloff Newkirchen zu einem getrewen Gefehrten vnd Auffwarter gehabt/ den er auch einmahl zum Geyſel vnterſetzen muͤſſen/ als er von einem Luͤtticher Edelman dc. Vngeriſche Guͤlden zur Nothturfft der Reyſe auffgenommen hette/ hat er jhme wegen ſolcher Trewe das Dorff Vorwercken verehret.,vnd weil er auff dieſen reyſen roloff newkirchen zu einem getrewen gefehrten vnd auffwarter gehabt den er auch einmahl zum geyſel vnterſetzen muͤſſen als er von einem luͤtticher edelman dc vngeriſche guͤlden zur nothturfft der reyſe auffgenommen hette hat er jhme wegen ſolcher trewe das dorff vorwercken verehret,und weil er auff diesen reysen roloff newkirchen zu einem getrewen gefehrten und auffwarter gehabt den er auch einmahl zum geysel untersetzen mussen als er uon einem lutticher edelman dc ungerische gulden zur nothturfft der reyse auffgenommen hette hat er ihme wegen solcher trewe das dorff uorwercken uerehret
micraelius_pommernland03_1639,body,110,0,False,386,Seine beyde junge Soͤhne Suantiborus IV. vnd Barnimb VIII. ſind vnter dem Regiment jhrer Mutter Agneß/ gebornen aus Nieder Sachſen/ mit jhren Vettern Wartißlao IX. vnd Barnimo VII. Barnimi VI. Soͤhnen biß ins Jahr mcdxxv. in vngetheileten Guͤtern geſeſſen/ vnd Wartislaff hat im Jahr mcdxvij. in ſeinem vnd der ſaͤmptlichen Hertzogen zu Stettin vnd Pommern/ die zu Barth vnd Wollgaſt jhre Reſidentz hetten/ die Lehen zu Coſtnitz vom Kaͤyſer Sigismundo/ nebenſt ernewerung vñ beſtetigung aller vnd jeden Privilegien/ vnd caſſation vnd auffhebung aller Verſchreibungen vnd Verſetzungen etlicher Landſchafften/ ſo von jhren Vorfahren vnd Vettern ohne des Kaͤyſers Gunſt vnd Verhengnus moͤchten geſchehen ſeyn/ geſuchet vnd erhalten.,seine beyde junge soͤhne suantiborus iv vnd barnimb viii ſind vnter dem regiment jhrer mutter agneß gebornen aus nieder sachſen mit jhren vettern wartißlao ix vnd barnimo vii barnimi vi soͤhnen biß ins jahr mcdxxv in vngetheileten guͤtern geſeſſen vnd wartislaff hat im jahr mcdxvij in ſeinem vnd der ſaͤmptlichen hertzogen zu stettin vnd pommern die zu barth vnd wollgaſt jhre reſidentz hetten die lehen zu coſtnitz vom kaͤyſer sigismundo nebenſt ernewerung vñ beſtetigung aller vnd jeden privilegien vnd caſſation vnd auffhebung aller verſchreibungen vnd verſetzungen etlicher landſchafften ſo von jhren vorfahren vnd vettern ohne des kaͤyſers gunſt vnd verhengnus moͤchten geſchehen ſeyn geſuchet vnd erhalten,seine beyde iunge sohne suantiborus iu und barnimb uiii sind unter dem regiment ihrer mutter agness gebornen aus nieder sachsen mit ihren uettern wartisslao ix und barnimo uii barnimi ui sohnen biss ins iahr mcdxxu in ungetheileten gutern gesessen und wartislaff hat im iahr mcdxuii in seinem und der samptlichen hertzogen zu stettin und pommern die zu barth und wollgast ihre residentz hetten die lehen zu costnitz uom kayser sigismundo nebenst ernewerung und bestetigung aller und ieden priuilegien und cassation und auffhebung aller uerschreibungen und uersetzungen etlicher landschafften so uon ihren uorfahren und uettern ohne des kaysers gunst und uerhengnus mochten geschehen seyn gesuchet und erhalten
micraelius_pommernland03_1639,body,110,1,False,387,Darnach iſt die Theilung dermaſſen eingangen/ daß gemelte Bruͤder Ruͤgen/ Strallſunde/ Bahrt/ Grimmen/ vnd Tribbeſees bekamen/ vnd jhrem Vettern Wolgaſt/ Greyffswald/ Ancklam/ Demmin/ Vſedom/ vnd was deme anhaͤngig iſt/ lieſſen.,darnach iſt die theilung dermaſſen eingangen daß gemelte bruͤder ruͤgen strallſunde bahrt grimmen vnd tribbeſees bekamen vnd jhrem vettern wolgaſt greyffswald ancklam demmin vſedom vnd was deme anhaͤngig iſt lieſſen,darnach ist die theilung dermassen eingangen dass gemelte bruder rugen strallsunde bahrt grimmen und tribbesees bekamen und ihrem uettern wolgast greyffswald ancklam demmin usedom und was deme anhangig ist liessen
micraelius_pommernland03_1639,body,110,2,False,387,Zehen Jahr hernach/ nach deme jhre Mutter verſtorben/ haben ſie auch jhre Land alſo von einander geſetzet/ das Suantiborus Ruͤgen vñ Strallſund; Barnimb VIII. Bahrt vnd die andere Staͤdte bekommen.,zehen jahr hernach nach deme jhre mutter verſtorben haben ſie auch jhre land alſo von einander geſetzet das suantiborus ruͤgen vñ strallſund barnimb viii bahrt vnd die andere staͤdte bekommen,zehen iahr hernach nach deme ihre mutter uerstorben haben sie auch ihre land also uon einander gesetzet das suantiborus rugen und strallsund barnimb uiii bahrt und die andere stadte bekommen
micraelius_pommernland03_1639,body,110,3,False,387,Sind aber beyde/ wie auch Barnimus VII. ohne Erben verfallen.,sind aber beyde wie auch barnimus vii ohne erben verfallen,sind aber beyde wie auch barnimus uii ohne erben uerfallen
micraelius_pommernland03_1639,body,110,4,False,387,Barnimus VIII. iſt ſonſt ein tapffer Soldat geweſen/ vnd hat ſeinem Vetter Erico dem Koͤnige von Dennemarck/ Schweden vnd Norwegen getrewe Dienſte in den Kriegen wieder Hollſtein vnd Dennemarck geleiſtet; Suantiborus aber/ als ein frommer friedfertiger Fuͤrſt/ hat/ ſo offt er von Kriegen gehoͤret/ geantwortet/ Friede zum beſten: Ein Faͤhnlein iſt mit geringer Muͤhe an eine Stande zu hefften/ aber ſchwerlich wieder davon zubringen.,barnimus viii iſt ſonſt ein tapffer soldat geweſen vnd hat ſeinem vetter erico dem koͤnige von dennemarck schweden vnd norwegen getrewe dienſte in den kriegen wieder hollſtein vnd dennemarck geleiſtet suantiborus aber als ein frommer friedfertiger fuͤrſt hat ſo offt er von kriegen gehoͤret geantwortet friede zum beſten ein faͤhnlein iſt mit geringer muͤhe an eine stande zu hefften aber ſchwerlich wieder davon zubringen,barnimus uiii ist sonst ein tapffer soldat gewesen und hat seinem uetter erico dem konige uon dennemarck schweden und norwegen getrewe dienste in den kriegen wieder hollstein und dennemarck geleistet suantiborus aber als ein frommer friedfertiger furst hat so offt er uon kriegen gehoret geantwortet friede zum besten ein fahnlein ist mit geringer muhe an eine stande zu hefften aber schwerlich wieder dauon zubringen
micraelius_pommernland03_1639,body,110,5,False,387,Barnimb VII. hat ſeine Zeit mit Spielen/ Jagen/ vnd Saufen zugebracht.,barnimb vii hat ſeine zeit mit spielen jagen vnd saufen zugebracht,barnimb uii hat seine zeit mit spielen iagen und saufen zugebracht
micraelius_pommernland03_1639,body,110,6,True,387,Alſo iſt das gantze Vor Pommeren/ ſo weit ſich die Wollgaſtiſche vnd Ruͤgianiſche Regierung erſtrecket/ an Wartislaum IX. gekommen.,alſo iſt das gantze vor pommeren ſo weit ſich die wollgaſtiſche vnd ruͤgianiſche regierung erſtrecket an wartislaum ix gekommen,also ist das gantze uor pommeren so weit sich die wollgastische und rugianische regierung erstrecket an wartislaum ix gekommen
micraelius_pommernland03_1639,body,111,0,False,388,Dieſer hatte drey Soͤhne: Aber Chriſtophorus ſtarb jung; Ericus II. vnd Wartislaus X. theileten nach jhres Vatern todte jhre Land vnter ſich/ vnd bekamb Ericus Wolgaſt; Wartislaus Ruͤgen.,dieſer hatte drey soͤhne aber chriſtophorus ſtarb jung ericus ii vnd wartislaus x theileten nach jhres vatern todte jhre land vnter ſich vnd bekamb ericus wolgaſt wartislaus ruͤgen,dieser hatte drey sohne aber christophorus starb iung ericus ii und wartislaus x theileten nach ihres uatern todte ihre land unter sich und bekamb ericus wolgast wartislaus rugen
micraelius_pommernland03_1639,body,111,1,False,388,Dieſer Wartislaus hette zwar zweene Soͤhne gezeuget/ als Suantiborum V. vnd Ertmannum.,dieſer wartislaus hette zwar zweene soͤhne gezeuget als suantiborum v vnd ertmannum,dieser wartislaus hette zwar zweene sohne gezeuget als suantiborum u und ertmannum
micraelius_pommernland03_1639,body,111,2,False,388,Aber weil eine groſſe Peſte einfiel/ ſind nicht allein ſie beyde/ ſondern auch Otto III. der einige noch uͤbrige Hertzog von Stetiniſcher Linij im Jahr mcdlxiv. geſtorben.,aber weil eine groſſe peſte einfiel ſind nicht allein ſie beyde ſondern auch otto iii der einige noch uͤbrige hertzog von stetiniſcher linij im jahr mcdlxiv geſtorben,aber weil eine grosse peste einfiel sind nicht allein sie beyde sondern auch otto iii der einige noch ubrige hertzog uon stetinischer linii im iahr mcdlxiu gestorben
micraelius_pommernland03_1639,body,111,3,True,388,Alſo iſt die gantze Wolgaſtiſche Ruͤgianiſche vnd Stetiniſche Regierung auff Erici II. Familij geerbet; Dann ob ſchon Wartißlaus X. da Ericus nebenſt drey jungen Herren geſtorben/ vnd nur noch ein Sohn Bogißlaus X. von jhme uͤberig war/ im hohen Alter zur andern Ehe ſchrit/ vnd ein Mechelburgiſch Fraͤwlein heurathete/ ſo iſt er doch nicht beerbet worden: Vnd iſt alſo das gantze Land endlich auff Bogißlaum X. Erici II. Sohn gekommen.,alſo iſt die gantze wolgaſtiſche ruͤgianiſche vnd stetiniſche regierung auff erici ii familij geerbet dann ob ſchon wartißlaus x da ericus nebenſt drey jungen herren geſtorben vnd nur noch ein sohn bogißlaus x von jhme uͤberig war im hohen alter zur andern ehe ſchrit vnd ein mechelburgiſch fraͤwlein heurathete ſo iſt er doch nicht beerbet worden vnd iſt alſo das gantze land endlich auff bogißlaum x erici ii sohn gekommen,also ist die gantze wolgastische rugianische und stetinische regierung auff erici ii familii geerbet dann ob schon wartisslaus x da ericus nebenst drey iungen herren gestorben und nur noch ein sohn bogisslaus x uon ihme uberig war im hohen alter zur andern ehe schrit und ein mechelburgisch frawlein heurathete so ist er doch nicht beerbet worden und ist also das gantze land endlich auff bogisslaum x erici ii sohn gekommen
micraelius_pommernland03_1639,body,112,0,False,388,Dann auch die drey Hinter Pommeriſche Regierungen vnter Barnimo V. Wartislao VII. vnd Bogißlao VIII. ſich allgemach wieder in eins gezogen hahen.,dann auch die drey hinter pommeriſche regierungen vnter barnimo v wartislao vii vnd bogißlao viii ſich allgemach wieder in eins gezogen hahen,dann auch die drey hinter pommerische regierungen unter barnimo u wartislao uii und bogisslao uiii sich allgemach wieder in eins gezogen hahen
micraelius_pommernland03_1639,body,112,1,False,388,Dann Barnimb iſt im Jahr mcdj. ohne Gemahl vnd Kinder mit Todte abgegangen; ſonſten ein guter Krieges Fuͤrſte/ der ſich in beſtallunge beym Koͤnige von Polen eingelaſſen hat.,dann barnimb iſt im jahr mcdj ohne gemahl vnd kinder mit todte abgegangen ſonſten ein guter krieges fuͤrſte der ſich in beſtallunge beym koͤnige von polen eingelaſſen hat,dann barnimb ist im iahr mcdi ohne gemahl und kinder mit todte abgegangen sonsten ein guter krieges furste der sich in bestallunge beym konige uon polen eingelassen hat
micraelius_pommernland03_1639,body,112,2,True,388,Vnd alſo verfiel ſein Land an Bogißlaum VIII. vnd Ericum I. welcher ein einiger Sohn war Wartislai VII. der neun Jahr fuͤr Hertzog Barnimb ſeinem Bruder auff der Reyſe nach dem heiligen Grabe zu Zenderin in Hungern geſtorben/ vnd begraben war.,vnd alſo verfiel ſein land an bogißlaum viii vnd ericum i welcher ein einiger sohn war wartislai vii der neun jahr fuͤr hertzog barnimb ſeinem bruder auff der reyſe nach dem heiligen grabe zu zenderin in hungern geſtorben vnd begraben war,und also uerfiel sein land an bogisslaum uiii und ericum i welcher ein einiger sohn war wartislai uii der neun iahr fur hertzog barnimb seinem bruder auff der reyse nach dem heiligen grabe zu zenderin in hungern gestorben und begraben war
micraelius_pommernland03_1639,body,113,0,False,388,Bogißlaus VIII. ward anfaͤnglich zum Biſchoff zu Cammin erwehlet.,bogißlaus viii ward anfaͤnglich zum biſchoff zu cammin erwehlet,bogisslaus uiii ward anfanglich zum bischoff zu cammin erwehlet
micraelius_pommernland03_1639,body,113,1,False,388,Aber er hat endlich Ehelich zu werden ſich belieben laſſen/ vnd hat Fraͤwlein Sophiam/ Procopij Margrafen zu Maͤhren Tochter/ geheurathet/ welche eine ſehr kluge vnd maͤſſige Matron geweſen/ die auch in jhrem hoͤhiſten Alter/ als jhr das Geſicht bloͤde/ vnd ſie zum Naͤhen vnd Sticken vntuͤchtig geworden/ nie die Knuͤtte von jhren Haͤnden geleget/ wie davon vnſere Chronicken zuſchreiben wiſſen.,aber er hat endlich ehelich zu werden ſich belieben laſſen vnd hat fraͤwlein sophiam procopij margrafen zu maͤhren tochter geheurathet welche eine ſehr kluge vnd maͤſſige matron geweſen die auch in jhrem hoͤhiſten alter als jhr das geſicht bloͤde vnd ſie zum naͤhen vnd sticken vntuͤchtig geworden nie die knuͤtte von jhren haͤnden geleget wie davon vnſere chronicken zuſchreiben wiſſen,aber er hat endlich ehelich zu werden sich belieben lassen und hat frawlein sophiam procopii margrafen zu mahren tochter geheurathet welche eine sehr kluge und massige matron gewesen die auch in ihrem hohisten alter als ihr das gesicht blode und sie zum nahen und sticken untuchtig geworden nie die knutte uon ihren handen geleget wie dauon unsere chronicken zuschreiben wissen
micraelius_pommernland03_1639,body,113,2,True,389,Jhre Reim/ den ſie ſtets im Munde gefuͤhret/ iſt mercklich:,jhre reim den ſie ſtets im munde gefuͤhret iſt mercklich,ihre reim den sie stets im munde gefuhret ist mercklich
micraelius_pommernland03_1639,body,114,0,True,389,Nicht beten/ gern ſpatzieren gehn/,nicht beten gern ſpatzieren gehn,nicht beten gern spatzieren gehn
micraelius_pommernland03_1639,body,115,0,True,389,Offt im Fenſter vnd vorm Spiegel ſtehn/,offt im fenſter vnd vorm spiegel ſtehn,offt im fenster und uorm spiegel stehn
micraelius_pommernland03_1639,body,116,0,True,389,Viel geredet/ vnd wenig gethan/,viel geredet vnd wenig gethan,uiel geredet und wenig gethan
micraelius_pommernland03_1639,body,117,0,True,389,Mein Kind/ da iſt nichts Fettes an.,mein kind da iſt nichts fettes an,mein kind da ist nichts fettes an
micraelius_pommernland03_1639,body,118,0,False,389,Weil aber jre Herꝛ etliche Stiffts Schloͤſſer vñ Staͤdte/ ſo von den vorigen Biſchoffen verſetzet waren/ wider frey machete vñ einloͤſete/ als wolte er dieſelbe dem folgenden Biſchofe Nicolao Bock nicht ehe abtreten/ biß er wegen ſeines außgelegten Geldes befriediget were.,weil aber jre herꝛ etliche stiffts schloͤſſer vñ staͤdte ſo von den vorigen biſchoffen verſetzet waren wider frey machete vñ einloͤſete als wolte er dieſelbe dem folgenden biſchofe nicolao bock nicht ehe abtreten biß er wegen ſeines außgelegten geldes befriediget were,weil aber ire her etliche stiffts schlosser und stadte so uon den uorigen bischoffen uersetzet waren wider frey machete und einlosete als wolte er dieselbe dem folgenden bischofe nicolao bock nicht ehe abtreten biss er wegen seines aussgelegten geldes befriediget were
micraelius_pommernland03_1639,body,118,1,False,389,Aber der Biſchoff wolte/ alles Vorbringens vngeachtet/ die Stifftiſche Guͤter ſchlechter dinge wieder haben/ vnd erklaͤrete deßwegen ſeinen eigenen Patronen vñ Fuͤrſten in den Bañ.,aber der biſchoff wolte alles vorbringens vngeachtet die stifftiſche guͤter ſchlechter dinge wieder haben vnd erklaͤrete deßwegen ſeinen eigenen patronen vñ fuͤrſten in den bañ,aber der bischoff wolte alles uorbringens ungeachtet die stifftische guter schlechter dinge wieder haben und erklarete desswegen seinen eigenen patronen und fursten in den bann
micraelius_pommernland03_1639,body,118,2,False,389,Der Hertzog/ nach eingelegter appellation zum Bapſt/ fiel dagegen dem Biſchoff ein/ vñ thaͤte jm allenthalben groſſen Schaden/ dz er auch endlich bewogen ward/ das Biſchoffthumb zuvber geben/ vnd ſich in den Preusſiſchen Orden zuſchreiben.,der hertzog nach eingelegter appellation zum bapſt fiel dagegen dem biſchoff ein vñ thaͤte jm allenthalben groſſen schaden dz er auch endlich bewogen ward das biſchoffthumb zuvber geben vnd ſich in den preusſiſchen orden zuſchreiben,der hertzog nach eingelegter appellation zum bapst fiel dagegen dem bischoff ein und thate im allenthalben grossen schaden dz er auch endlich bewogen ward das bischoffthumb zuuber geben und sich in den preussischen orden zuschreiben
micraelius_pommernland03_1639,body,118,3,False,389,Nichts deſto weniger fuhr der drauf folgende Biſchoff Magnus/ geborner Hertzog von Niederſachſen/ fort/ die vorenthaltene Guͤter zu forderen/ vnd erlangete von des Bapſtes Abgeſandten Johan de Opiz ein Vrtheil fuͤr ſich.,nichts deſto weniger fuhr der drauf folgende biſchoff magnus geborner hertzog von niederſachſen fort die vorenthaltene guͤter zu forderen vnd erlangete von des bapſtes abgeſandten johan de opiz ein vrtheil fuͤr ſich,nichts desto weniger fuhr der drauf folgende bischoff magnus geborner hertzog uon niedersachsen fort die uorenthaltene guter zu forderen und erlangete uon des bapstes abgesandten iohan de opiz ein urtheil fur sich
micraelius_pommernland03_1639,body,118,4,False,389,Der Hertzog aber berieff ſich auff das kuͤnfftige Concilium/ das im Reich/ vnd zwar zu Coſtnitz ſolte gehalten werden/ vnd begab ſich vnter deſſen zum Koͤnige in Polen/ ließ ſich tapfer wieder die Ordens Herren gebrauchen/ erlangete auch deſſenthalben wegen auffgewandten Kriegskoſten etliche Staͤdte vnd Schloͤſſer/ die jhme ſtarck verbriefet vnd verſiegelt ſind.,der hertzog aber berieff ſich auff das kuͤnfftige concilium das im reich vnd zwar zu coſtnitz ſolte gehalten werden vnd begab ſich vnter deſſen zum koͤnige in polen ließ ſich tapfer wieder die ordens herren gebrauchen erlangete auch deſſenthalben wegen auffgewandten kriegskoſten etliche staͤdte vnd schloͤſſer die jhme ſtarck verbriefet vnd verſiegelt ſind,der hertzog aber berieff sich auff das kunfftige concilium das im reich und zwar zu costnitz solte gehalten werden und begab sich unter dessen zum konige in polen liess sich tapfer wieder die ordens herren gebrauchen erlangete auch dessenthalben wegen auffgewandten kriegskosten etliche stadte und schlosser die ihme starck uerbriefet und uersiegelt sind
micraelius_pommernland03_1639,body,118,5,False,390,Da aber das Concilium zu Coſtnitz gehalten ward/ begab ſich der Biſchoff in Perſon dahin/ halff den vnſchuldigen Huſſen/ vnd Hieronymum von Prage zum Fewr verdammen/ vnd erhielt ſo viel/ das Johan de Opizen Vrtheil beſtetiget/ vnd der Hertzog in die Gerichts Vnkoſten verdammet ward.,da aber das concilium zu coſtnitz gehalten ward begab ſich der biſchoff in perſon dahin halff den vnſchuldigen huſſen vnd hieronymum von prage zum fewr verdammen vnd erhielt ſo viel das johan de opizen vrtheil beſtetiget vnd der hertzog in die gerichts vnkoſten verdammet ward,da aber das concilium zu costnitz gehalten ward begab sich der bischoff in person dahin halff den unschuldigen hussen und hieronymum uon prage zum fewr uerdammen und erhielt so uiel das iohan de opizen urtheil bestetiget und der hertzog in die gerichts unkosten uerdammet ward
micraelius_pommernland03_1639,body,118,6,False,390,Ehe aber ſolch Vrtheil ergieng/ verſtarb der Hertzog im Jahr mcdxiv. vnd da ſein Sohn Bogißlaff IX. mit der Mutter ſich drin von den Vrtheils Faſſern beſchweret befunden/ vnd deßwegen demſelben ſich nicht gemeß bezeigeten/ erhielt der Biſchoff beym Bapſt/ das der junge Printz mit der Mutter in den ſchweigenden vnd aggravaten Bann gethan ward.,ehe aber ſolch vrtheil ergieng verſtarb der hertzog im jahr mcdxiv vnd da ſein sohn bogißlaff ix mit der mutter ſich drin von den vrtheils faſſern beſchweret befunden vnd deßwegen demſelben ſich nicht gemeß bezeigeten erhielt der biſchoff beym bapſt das der junge printz mit der mutter in den ſchweigenden vnd aggravaten bann gethan ward,ehe aber solch urtheil ergieng uerstarb der hertzog im iahr mcdxiu und da sein sohn bogisslaff ix mit der mutter sich drin uon den urtheils fassern beschweret befunden und desswegen demselben sich nicht gemess bezeigeten erhielt der bischoff beym bapst das der iunge printz mit der mutter in den schweigenden und aggrauaten bann gethan ward
micraelius_pommernland03_1639,body,118,7,False,390,Weil ſie aber in der feſten Meinung beſtunden/ das jhnen Vnrecht wiederfuͤhre/ als haben ſie xvj. Jahr ſolchen Bann erlitten/ vnd jhn nichts geachtet.,weil ſie aber in der feſten meinung beſtunden das jhnen vnrecht wiederfuͤhre als haben ſie xvj jahr ſolchen bann erlitten vnd jhn nichts geachtet,weil sie aber in der festen meinung bestunden das ihnen unrecht wiederfuhre als haben sie xui iahr solchen bann erlitten und ihn nichts geachtet
micraelius_pommernland03_1639,body,118,8,False,390,Derowegen hat Biſchoff Siegfried Bock/ der Biſchoff Magno gefolget/ auff dem Concilio zu Baſel erhalten/ das der vorige Bann ernewert/ vnd dem Hertzogen bey der Acht geboten ward/ dem außgeſprochenen Vrtheil folge zu leiſten.,derowegen hat biſchoff siegfried bock der biſchoff magno gefolget auff dem concilio zu baſel erhalten das der vorige bann ernewert vnd dem hertzogen bey der acht geboten ward dem außgeſprochenen vrtheil folge zu leiſten,derowegen hat bischoff siegfried bock der bischoff magno gefolget auff dem concilio zu basel erhalten das der uorige bann ernewert und dem hertzogen bey der acht geboten ward dem aussgesprochenen urtheil folge zu leisten
micraelius_pommernland03_1639,body,118,9,False,390,Endlich iſt durch Vnterhandlung Koͤniges Erici aus Dennemarck ein gewiſſer Vertrag zwiſchen dem Hertzogen vnd Biſchoff auffgerichtet/ das dem Stifft etliche Staͤdte vnd Schloͤſſer wieder eingereumet ſein/ etliche aber der Hertzogdes Vnkoſtens vnd Schadens halben/ den das Capittul ſeinem Vater wieder zuerſtaten zugeſaget hette/ behalten hat.,endlich iſt durch vnterhandlung koͤniges erici aus dennemarck ein gewiſſer vertrag zwiſchen dem hertzogen vnd biſchoff auffgerichtet das dem stifft etliche staͤdte vnd schloͤſſer wieder eingereumet ſein etliche aber der hertzogdes vnkoſtens vnd schadens halben den das capittul ſeinem vater wieder zuerſtaten zugeſaget hette behalten hat,endlich ist durch unterhandlung koniges erici aus dennemarck ein gewisser uertrag zwischen dem hertzogen und bischoff auffgerichtet das dem stifft etliche stadte und schlosser wieder eingereumet sein etliche aber der hertzogdes unkostens und schadens halben den das capittul seinem uater wieder zuerstaten zugesaget hette behalten hat
micraelius_pommernland03_1639,body,118,10,False,391,Dieſer Bogißlaus IX. iſt ſonſt ein verſtaͤndiger Fuͤrſt vnd tapfer Krieges Fuͤrſt geweſen/ wie er denn auch ſeinem Vetter Koͤnig Erichen in den Kriegen wieder Holſtein/ vnd die Sceſtaͤdte getrewen Beyſtand geleiſtet hat/ auch dannenher/ da gemelter Koͤnig ſeine drey Koͤnigreiche abgetreten/ den Daͤhnen zum Koͤnige wiederumb vorgeſchlagen iſt: Dieſelbe haben aber inſonderheit darumb jhn anzunehmen bedencken getragen/ weil von jm hiebevorn Bañ vnd Acht in Wind geſchlagen war.,dieſer bogißlaus ix iſt ſonſt ein verſtaͤndiger fuͤrſt vnd tapfer krieges fuͤrſt geweſen wie er denn auch ſeinem vetter koͤnig erichen in den kriegen wieder holſtein vnd die sceſtaͤdte getrewen beyſtand geleiſtet hat auch dannenher da gemelter koͤnig ſeine drey koͤnigreiche abgetreten den daͤhnen zum koͤnige wiederumb vorgeſchlagen iſt dieſelbe haben aber inſonderheit darumb jhn anzunehmen bedencken getragen weil von jm hiebevorn bañ vnd acht in wind geſchlagen war,dieser bogisslaus ix ist sonst ein uerstandiger furst und tapfer krieges furst gewesen wie er denn auch seinem uetter konig erichen in den kriegen wieder holstein und die scestadte getrewen beystand geleistet hat auch dannenher da gemelter konig seine drey konigreiche abgetreten den dahnen zum konige wiederumb uorgeschlagen ist dieselbe haben aber insonderheit darumb ihn anzunehmen bedencken getragen weil uon im hiebeuorn bann und acht in wind geschlagen war
micraelius_pommernland03_1639,body,118,11,False,391,Endlich iſt er im mcdxl. Jahr ohne Mañes Erben verſtorben.,endlich iſt er im mcdxl jahr ohne mañes erben verſtorben,endlich ist er im mcdxl iahr ohne mannes erben uerstorben
micraelius_pommernland03_1639,body,118,12,False,391,Seine Tochter Sophia ward an Hertzog Ericum II. Bogißlai X. Vater verheuratet.,seine tochter sophia ward an hertzog ericum ii bogißlai x vater verheuratet,seine tochter sophia ward an hertzog ericum ii bogisslai x uater uerheuratet
micraelius_pommernland03_1639,body,118,13,True,391,Sein Land aber ererbete Koͤnig Erich/ der noch faſt xx. Jahr in Hinter Pommeren loͤblich vnd wol regierete/ nach deme er ſich ſeiner drey Koͤnigreiche geeuſſert.,sein land aber ererbete koͤnig erich der noch faſt xx jahr in hinter pommeren loͤblich vnd wol regierete nach deme er ſich ſeiner drey koͤnigreiche geeuſſert,sein land aber ererbete konig erich der noch fast xx iahr in hinter pommeren loblich und wol regierete nach deme er sich seiner drey konigreiche geeussert
micraelius_pommernland03_1639,body,119,0,False,391,Dieſer Koͤnig Ericus war Wartislai VII. vnd Mariæ/ gebornen aus Mechelburg Sohn.,dieſer koͤnig ericus war wartislai vii vnd mariæ gebornen aus mechelburg sohn,dieser konig ericus war wartislai uii und mariae gebornen aus mechelburg sohn
micraelius_pommernland03_1639,body,119,1,False,391,Dieſe ſeine Mutter ward fruͤezeitig auff der Witwen Stuel geſetzet/ weil jhre Herre auff der Reiſe nach dem gelobten Lande in den beſten Jahren hingeriſſen war/ vnd war eine Tochter Hertzog Heinrichs zu Mechelburg/ vnd Fraw Jngelburg/ die Koͤniges Waldemari III. zu Dennemarck Tochter/ vnd der maͤchtigen Koͤnigin Margareta Schweſter war.,dieſe ſeine mutter ward fruͤezeitig auff der witwen stuel geſetzet weil jhre herre auff der reiſe nach dem gelobten lande in den beſten jahren hingeriſſen war vnd war eine tochter hertzog heinrichs zu mechelburg vnd fraw jngelburg die koͤniges waldemari iii zu dennemarck tochter vnd der maͤchtigen koͤnigin margareta schweſter war,diese seine mutter ward fruezeitig auff der witwen stuel gesetzet weil ihre herre auff der reise nach dem gelobten lande in den besten iahren hingerissen war und war eine tochter hertzog heinrichs zu mechelburg und fraw ingelburg die koniges waldemari iii zu dennemarck tochter und der machtigen konigin margareta schwester war
micraelius_pommernland03_1639,body,119,2,False,391,Derowegen/ da ſie einmahl luſt gewan/ jhre Mutterſchweſter die Koͤniginne Margaretam zu beſuchen/ namb ſie vmbs Jahr mccclxxxij. jhren jungen Printzen/ etwa von xiv. Jahren/ ſonſt wol vnd ſchoͤn erwaſchen/ aber noch beſſer erzogen/ mit ſich.,derowegen da ſie einmahl luſt gewan jhre mutterſchweſter die koͤniginne margaretam zu beſuchen namb ſie vmbs jahr mccclxxxij jhren jungen printzen etwa von xiv jahren ſonſt wol vnd ſchoͤn erwaſchen aber noch beſſer erzogen mit ſich,derowegen da sie einmahl lust gewan ihre mutterschwester die koniginne margaretam zu besuchen namb sie umbs iahr mccclxxxii ihren iungen printzen etwa uon xiu iahren sonst wol und schon erwaschen aber noch besser erzogen mit sich
micraelius_pommernland03_1639,body,119,3,True,391,Welcher daran ſeiner Groß Mutter Schweſter/ der Koͤnigin/ dermaſſen gefiel/ das ſie jhn nicht wider von ſich laſſen wolte/ ſondern jhm zum Sohne annamb/ auch den Reichs Raͤthen dermaſſen angenehm machete/ das ſie jhn im Jahr mcccxcvj. zum Koͤnig erwehleten.,welcher daran ſeiner groß mutter schweſter der koͤnigin dermaſſen gefiel das ſie jhn nicht wider von ſich laſſen wolte ſondern jhm zum sohne annamb auch den reichs raͤthen dermaſſen angenehm machete das ſie jhn im jahr mcccxcvj zum koͤnig erwehleten,welcher daran seiner gross mutter schwester der konigin dermassen gefiel das sie ihn nicht wider uon sich lassen wolte sondern ihm zum sohne annamb auch den reichs rathen dermassen angenehm machete das sie ihn im iahr mcccxcui zum konig erwehleten
micraelius_pommernland03_1639,body,120,0,False,392,Hochgemelte Koͤnigin Margareta hette von jhrem Vater Waldemaro III. das Koͤnigreiche Dennemarck erobert/ von jhrem Ehewirt Koͤnig Haquino/ der aus Koͤniglichem Schwediſchen Stamb entſproſſen/ vnd zum Koͤnige in Norwegen erwehlet war/ bekam ſie nach ſeinem vnd jhres Sohns Olai Todte das Reich Norwegen/ vnd ward endlich/ durch eine eintraͤchtige Wahl der Schweden/ wider Koͤnig Magnum Smech vnd Albertum/ gebornen Hertzog von Mechelnburg/ die mit einander in den Haaren lagen/ zu einer Koͤnigin in Schweden/ als die Haquini/ des rechten Erben zur Cron Schweden/ Witwe war/ erkohren vnd beſtetiget.,hochgemelte koͤnigin margareta hette von jhrem vater waldemaro iii das koͤnigreiche dennemarck erobert von jhrem ehewirt koͤnig haquino der aus koͤniglichem schwediſchen stamb entſproſſen vnd zum koͤnige in norwegen erwehlet war bekam ſie nach ſeinem vnd jhres sohns olai todte das reich norwegen vnd ward endlich durch eine eintraͤchtige wahl der schweden wider koͤnig magnum smech vnd albertum gebornen hertzog von mechelnburg die mit einander in den haaren lagen zu einer koͤnigin in schweden als die haquini des rechten erben zur cron schweden witwe war erkohren vnd beſtetiget,hochgemelte konigin margareta hette uon ihrem uater waldemaro iii das konigreiche dennemarck erobert uon ihrem ehewirt konig haquino der aus koniglichem schwedischen stamb entsprossen und zum konige in norwegen erwehlet war bekam sie nach seinem und ihres sohns olai todte das reich norwegen und ward endlich durch eine eintrachtige wahl der schweden wider konig magnum smech und albertum gebornen hertzog uon mechelnburg die mit einander in den haaren lagen zu einer konigin in schweden als die haquini des rechten erben zur cron schweden witwe war erkohren und bestetiget
micraelius_pommernland03_1639,body,120,1,True,392,Alle dieſe drey Koͤnigreiche brachte die kluge Daͤhniſche Semiramis/ wie alſo die Margareta genant ward/ auff vnſern Pommeriſchen Ericum.,alle dieſe drey koͤnigreiche brachte die kluge daͤhniſche semiramis wie alſo die margareta genant ward auff vnſern pommeriſchen ericum,alle diese drey konigreiche brachte die kluge dahnische semiramis wie also die margareta genant ward auff unsern pommerischen ericum
micraelius_pommernland03_1639,body,121,0,False,392,Derſelbe ſchlug am Tage ſeiner Kroͤnung aus allen dreyen Koͤnigreichen cxxxiij. zu Ritter/ wolte auch alsfort/ auff Rhat der alten Koͤnigin/ ſeinen guten Willen/ die jhme vertrawete Reiche zuvermehren/ mit einer anſehenlichen Proba beweiſen/ vnd das Hertzogthumb Schleßwig/ das Gerardus der Graff von Hollſtein biß daher von Koͤnigin Margareta zur Lehen empfangen hette/ nach deſſen Todte/ wiederumb an die Cron bringen/ vorgebende/ es were demſelben auff ſeine Perſon vnd nicht ſeinen Erben/ als ein Perſonal/ vnd nicht Real Lehnguth/ verlehnet.,derſelbe ſchlug am tage ſeiner kroͤnung aus allen dreyen koͤnigreichen cxxxiij zu ritter wolte auch alsfort auff rhat der alten koͤnigin ſeinen guten willen die jhme vertrawete reiche zuvermehren mit einer anſehenlichen proba beweiſen vnd das hertzogthumb schleßwig das gerardus der graff von hollſtein biß daher von koͤnigin margareta zur lehen empfangen hette nach deſſen todte wiederumb an die cron bringen vorgebende es were demſelben auff ſeine perſon vnd nicht ſeinen erben als ein perſonal vnd nicht real lehnguth verlehnet,derselbe schlug am tage seiner kronung aus allen dreyen konigreichen cxxxiii zu ritter wolte auch alsfort auff rhat der alten konigin seinen guten willen die ihme uertrawete reiche zuuermehren mit einer ansehenlichen proba beweisen und das hertzogthumb schlesswig das gerardus der graff uon hollstein biss daher uon konigin margareta zur lehen empfangen hette nach dessen todte wiederumb an die cron bringen uorgebende es were demselben auff seine person und nicht seinen erben als ein personal und nicht real lehnguth uerlehnet
micraelius_pommernland03_1639,body,121,1,False,393,Wie er nun gemeltes Hertzogthnmb einziehen wolte/ weil Gerardi Erben innerhalb Jahres friſt die Lehen nicht geſuchet/ ſondern ſich vielemehr zur Wehre wieder den Lehensherren geſetzet hetten/ entſtand daruͤber ein groſſer langwiriger Krieg/ darin bald die Hollſteiner mit jhrem Anhange vom groſſen Herren vnd Fuͤrſten/ bald die Daͤhnen/ wor ſie konten/ jhrem Widerpart Schaden zufuͤgeten.,wie er nun gemeltes hertzogthnmb einziehen wolte weil gerardi erben innerhalb jahres friſt die lehen nicht geſuchet ſondern ſich vielemehr zur wehre wieder den lehensherren geſetzet hetten entſtand daruͤber ein groſſer langwiriger krieg darin bald die hollſteiner mit jhrem anhange vom groſſen herren vnd fuͤrſten bald die daͤhnen wor ſie konten jhrem widerpart schaden zufuͤgeten,wie er nun gemeltes hertzogthnmb einziehen wolte weil gerardi erben innerhalb iahres frist die lehen nicht gesuchet sondern sich uielemehr zur wehre wieder den lehensherren gesetzet hetten entstand daruber ein grosser langwiriger krieg darin bald die hollsteiner mit ihrem anhange uom grossen herren und fursten bald die dahnen wor sie konten ihrem widerpart schaden zufugeten
micraelius_pommernland03_1639,body,121,2,False,393,Luͤbeck ſtand erſtlich auff des Koͤniges ſeiten/ weil durch denſelben der alte Rath/ den etliche Auffruͤhriſche abgeſetzet hetten/ wiederumb an vorige Stelle geſetzet war.,luͤbeck ſtand erſtlich auff des koͤniges ſeiten weil durch denſelben der alte rath den etliche auffruͤhriſche abgeſetzet hetten wiederumb an vorige stelle geſetzet war,lubeck stand erstlich auff des koniges seiten weil durch denselben der alte rath den etliche auffruhrische abgesetzet hetten wiederumb an uorige stelle gesetzet war
micraelius_pommernland03_1639,body,121,3,True,393,Vnd die ſaͤmptliche Seeſtaͤdte/ gegen welche er ſich zu jederzeit als ein Freund bezeiget hette/ macheten im Jahr mcdxvij. ein ſtarck Verbundnuß mit jhme/ vnd ward die Sache zwiſchen Dennemarck vnd Hollſtein bald durch Commiſſarien/ bald bey dem Kaͤyſer/ auch gar bey dem Bapſte eroͤrtert.,vnd die ſaͤmptliche seeſtaͤdte gegen welche er ſich zu jederzeit als ein freund bezeiget hette macheten im jahr mcdxvij ein ſtarck verbundnuß mit jhme vnd ward die sache zwiſchen dennemarck vnd hollſtein bald durch commiſſarien bald bey dem kaͤyſer auch gar bey dem bapſte eroͤrtert,und die samptliche seestadte gegen welche er sich zu iederzeit als ein freund bezeiget hette macheten im iahr mcdxuii ein starck uerbundnuss mit ihme und ward die sache zwischen dennemarck und hollstein bald durch commissarien bald bey dem kayser auch gar bey dem bapste erortert
micraelius_pommernland03_1639,body,122,0,False,393,Da dann Koͤnig Erich auff keiner vnrechten Sache befunden iſt: Denn er erlangete endlich ein guth Vrtheil vom Kaͤyſer/ von welchem die Hollſteiner an den Bapſt appelliret haben.,da dann koͤnig erich auff keiner vnrechten sache befunden iſt denn er erlangete endlich ein guth vrtheil vom kaͤyſer von welchem die hollſteiner an den bapſt appelliret haben,da dann konig erich auff keiner unrechten sache befunden ist denn er erlangete endlich ein guth urtheil uom kayser uon welchem die hollsteiner an den bapst appelliret haben
micraelius_pommernland03_1639,body,122,1,False,393,Jn ſolcher wehrenden Vnruhe/ hat er im Jahr mcdvj. Philippam Koͤnigs Henrici aus Engelland (andere ſagen Johannis aus Portugall) Tochter ſich zu Lunden beylegen leſſen/ vnd mit jhr ein groß Heurathgeld/ wie die Schwediſche Amales ſagen/ vnd zwar/ wie in vnſern Chronicken iſt/ einen Pfennig bekom̃en/ der auff eine Toñe Goldes geſchetzet iſt.,jn ſolcher wehrenden vnruhe hat er im jahr mcdvj philippam koͤnigs henrici aus engelland andere ſagen johannis aus portugall tochter ſich zu lunden beylegen leſſen vnd mit jhr ein groß heurathgeld wie die schwediſche amales ſagen vnd zwar wie in vnſern chronicken iſt einen pfennig bekom̃en der auff eine toñe goldes geſchetzet iſt,in solcher wehrenden unruhe hat er im iahr mcdui philippam konigs henrici aus engelland andere sagen iohannis aus portugall tochter sich zu lunden beylegen lessen und mit ihr ein gross heurathgeld wie die schwedische amales sagen und zwar wie in unsern chronicken ist einen pfennig bekommen der auff eine tonne goldes geschetzet ist
micraelius_pommernland03_1639,body,122,2,False,393,Folgendes im Jahr mcdxv reiſete er auff das Conciliũ zu Coſtniz zu Kaͤyſer Sigißmund/ ſeinen naheverwandten Oheimb/ zuverſuchen/ ob der Zwiſt zwiſchen jhme vnd den Hollſteinern koͤnte beygeleget werden/ von welcher Reyſe doch Pontanus nichtes ſchreibet.,folgendes im jahr mcdxv reiſete er auff das conciliũ zu coſtniz zu kaͤyſer sigißmund ſeinen naheverwandten oheimb zuverſuchen ob der zwiſt zwiſchen jhme vnd den hollſteinern koͤnte beygeleget werden von welcher reyſe doch pontanus nichtes ſchreibet,folgendes im iahr mcdxu reisete er auff das concilium zu costniz zu kayser sigissmund seinen naheuerwandten oheimb zuuersuchen ob der zwist zwischen ihme und den hollsteinern konte beygeleget werden uon welcher reyse doch pontanus nichtes schreibet
micraelius_pommernland03_1639,body,122,3,False,394,Nach etlichen Jahren begab er ſich noch einmahl auff die Reyſe/ kam erſtlich im Jahr mcdxxiv. in ſein Vaterland/ ſeine Pommeriſche Vnterthanen zu beſuchen: Von dannen zog er in Hungern zum Kaͤyſer/ vnd weil er ſich wegen eines groſſen Blutſtuͤrtzens/ ſo auff Fehmeren geſchehen war/ gar nach Jeruſalem/ vnd zu dem heiligen Grabe gelobet hette/ als reiſete er auff Venedig durch Hungeren/ ſetzete ſich zu Schiffe/ vnd bezahlete ſein Geluͤbde.,nach etlichen jahren begab er ſich noch einmahl auff die reyſe kam erſtlich im jahr mcdxxiv in ſein vaterland ſeine pommeriſche vnterthanen zu beſuchen von dannen zog er in hungern zum kaͤyſer vnd weil er ſich wegen eines groſſen blutſtuͤrtzens ſo auff fehmeren geſchehen war gar nach jeruſalem vnd zu dem heiligen grabe gelobet hette als reiſete er auff venedig durch hungeren ſetzete ſich zu schiffe vnd bezahlete ſein geluͤbde,nach etlichen iahren begab er sich noch einmahl auff die reyse kam erstlich im iahr mcdxxiu in sein uaterland seine pommerische unterthanen zu besuchen uon dannen zog er in hungern zum kayser und weil er sich wegen eines grossen blutsturtzens so auff fehmeren geschehen war gar nach ierusalem und zu dem heiligen grabe gelobet hette als reisete er auff uenedig durch hungeren setzete sich zu schiffe und bezahlete sein gelubde
micraelius_pommernland03_1639,body,122,4,False,394,Were aber faſt daruͤber in euſſerſte Vngelegenheit gerathen.,were aber faſt daruͤber in euſſerſte vngelegenheit gerathen,were aber fast daruber in eusserste ungelegenheit gerathen
micraelius_pommernland03_1639,body,122,5,False,394,Dann es war ſein Contrafeyt vorhin einem vornehmen Saracenen zugeſand/ der jhn/ als er ſich fuͤr einen gemeinen Auffwarter eines andern außgab/ an die Seyte zog/ vnd jhme ſein eigen Bilde mit ſolchen Worten zeigete/ dadurch er zuverſtehen gab/ wie man woll wuͤſte/ das er ein Herꝛ vber drey Koͤnigreiche were.,dann es war ſein contrafeyt vorhin einem vornehmen saracenen zugeſand der jhn als er ſich fuͤr einen gemeinen auffwarter eines andern außgab an die seyte zog vnd jhme ſein eigen bilde mit ſolchen worten zeigete dadurch er zuverſtehen gab wie man woll wuͤſte das er ein herꝛ vber drey koͤnigreiche were,dann es war sein contrafeyt uorhin einem uornehmen saracenen zugesand der ihn als er sich fur einen gemeinen auffwarter eines andern aussgab an die seyte zog und ihme sein eigen bilde mit solchen worten zeigete dadurch er zuuerstehen gab wie man woll wuste das er ein her uber drey konigreiche were
micraelius_pommernland03_1639,body,122,6,True,394,Aber dieſem Menſchen iſt das Maul mit etlichen Ducaten geſtopffet/ das er nicht weiter auſſagete/ was er wuͤſte/ vnd Koͤnig Erich iſt geſund wie der anheim gekom̃en.,aber dieſem menſchen iſt das maul mit etlichen ducaten geſtopffet das er nicht weiter auſſagete was er wuͤſte vnd koͤnig erich iſt geſund wie der anheim gekom̃en,aber diesem menschen ist das maul mit etlichen ducaten gestopffet das er nicht weiter aussagete was er wuste und konig erich ist gesund wie der anheim gekommen
micraelius_pommernland03_1639,body,123,0,False,394,Mittlerweile wenden ſich die ſaͤmptliche See Staͤdte von jhme zu den Hollſteinern/ vnd entſagen jhme feindlich.,mittlerweile wenden ſich die ſaͤmptliche see staͤdte von jhme zu den hollſteinern vnd entſagen jhme feindlich,mittlerweile wenden sich die samptliche see stadte uon ihme zu den hollsteinern und entsagen ihme feindlich
micraelius_pommernland03_1639,body,123,1,False,394,Was aber hieruͤber fuͤr groß Vngemach in Neun Jahren/ von mcdxxvj. an zurechnen/ beyden Parten zugewachſen/ wie auch druͤber faſt allenthalben in den Staͤdten zwiſchen Rhat vnd Gemeine Vnruhe vnd Auffruhr entſtanden/ vnd wie die See Raͤuber/ ſo man balde Vitallien Bruͤder/ bald Linckendelers nennete/ groſſen Schaden vberall in der Seegethan/ mag man beym Cranzio vnd andern leſen.,was aber hieruͤber fuͤr groß vngemach in neun jahren von mcdxxvj an zurechnen beyden parten zugewachſen wie auch druͤber faſt allenthalben in den staͤdten zwiſchen rhat vnd gemeine vnruhe vnd auffruhr entſtanden vnd wie die see raͤuber ſo man balde vitallien bruͤder bald linckendelers nennete groſſen schaden vberall in der seegethan mag man beym cranzio vnd andern leſen,was aber hieruber fur gross ungemach in neun iahren uon mcdxxui an zurechnen beyden parten zugewachsen wie auch druber fast allenthalben in den stadten zwischen rhat und gemeine unruhe und auffruhr entstanden und wie die see rauber so man balde uitallien bruder bald linckendelers nennete grossen schaden uberall in der seegethan mag man beym cranzio und andern lesen
micraelius_pommernland03_1639,body,123,2,False,395,Philippa die Koͤnigin hat einmahl im Jahr mcdxxix. jhren guten Willen jhrem Herren zubeweiſen/ auff jhren eigenen Vnkoſten/ viele Schiffe/ (etliche ſagen wol von lxxx.) wider die Stadt Strallſund geſand/ jhre Schiffe zuverderben.,philippa die koͤnigin hat einmahl im jahr mcdxxix jhren guten willen jhrem herren zubeweiſen auff jhren eigenen vnkoſten viele schiffe etliche ſagen wol von lxxx wider die stadt strallſund geſand jhre schiffe zuverderben,philippa die konigin hat einmahl im iahr mcdxxix ihren guten willen ihrem herren zubeweisen auff ihren eigenen unkosten uiele schiffe etliche sagen wol uon lxxx wider die stadt strallsund gesand ihre schiffe zuuerderben
micraelius_pommernland03_1639,body,123,3,False,395,Welches auch wol geſchach: Als aber wegen Windes die Daͤhniſche Schiffe nicht wieder zu ruͤcke koͤnten/ vnd am Strand gehalten wurden/ vnd etliche Luͤbiſche vnd Wißmariſche Schiffe vnter des vor den Sund ankamen/ ſetzeten ſich die Sundiſche Buͤrger/ auff hurtige anmahnung jhres Burgermeiſters Johan von der Lippe/ auff ſolche vnd noch andere vij. Schiffe/ die nicht verbrand waren/ griffen die Daͤhnen/ ſo in groͤſſer menge waren/ an/ brachten ſie auff die Flucht/ vnd bekamen ccc. gefangen/ wie Pontanus zeuget.,welches auch wol geſchach als aber wegen windes die daͤhniſche schiffe nicht wieder zu ruͤcke koͤnten vnd am strand gehalten wurden vnd etliche luͤbiſche vnd wißmariſche schiffe vnter des vor den sund ankamen ſetzeten ſich die sundiſche buͤrger auff hurtige anmahnung jhres burgermeiſters johan von der lippe auff ſolche vnd noch andere vij schiffe die nicht verbrand waren griffen die daͤhnen ſo in groͤſſer menge waren an brachten ſie auff die flucht vnd bekamen ccc gefangen wie pontanus zeuget,welches auch wol geschach als aber wegen windes die dahnische schiffe nicht wieder zu rucke konten und am strand gehalten wurden und etliche lubische und wissmarische schiffe unter des uor den sund ankamen setzeten sich die sundische burger auff hurtige anmahnung ihres burgermeisters iohan uon der lippe auff solche und noch andere uii schiffe die nicht uerbrand waren griffen die dahnen so in grosser menge waren an brachten sie auff die flucht und bekamen ccc gefangen wie pontanus zeuget
micraelius_pommernland03_1639,body,123,4,False,395,Muſten gleichwol auch ein Vngluͤck dabey haben: Denn ſie hatten ein groß Schiff dem Feinde abgewonnen/ vnd darauff viele Edelleute/ vnd vnter jhnen den Hauptman Curt vom Hagen gefangen.,muſten gleichwol auch ein vngluͤck dabey haben denn ſie hatten ein groß schiff dem feinde abgewonnen vnd darauff viele edelleute vnd vnter jhnen den hauptman curt vom hagen gefangen,musten gleichwol auch ein ungluck dabey haben denn sie hatten ein gross schiff dem feinde abgewonnen und darauff uiele edelleute und unter ihnen den hauptman curt uom hagen gefangen
micraelius_pommernland03_1639,body,123,5,False,395,Solches Schiff gaben ſie Zehen jhren Buͤrgern zu bewahren.,solches schiff gaben ſie zehen jhren buͤrgern zu bewahren,solches schiff gaben sie zehen ihren burgern zu bewahren
micraelius_pommernland03_1639,body,123,6,True,395,Aber ſo bald die Schiffer drin in den Raum kamen/ nahmen die Gefangene jhre Faͤnger gefangen/ vnd lieffen damit nach Copenhagen zu. Endlich machen zu erſt die Roſtocker/ hernach die Sundiſche/ vnd endlich die uͤbrige Seeſtaͤdte mit dem Koͤnige Friede.,aber ſo bald die schiffer drin in den raum kamen nahmen die gefangene jhre faͤnger gefangen vnd lieffen damit nach copenhagen zu endlich machen zu erſt die roſtocker hernach die sundiſche vnd endlich die uͤbrige seeſtaͤdte mit dem koͤnige friede,aber so bald die schiffer drin in den raum kamen nahmen die gefangene ihre fanger gefangen und lieffen damit nach copenhagen zu endlich machen zu erst die rostocker hernach die sundische und endlich die ubrige seestadte mit dem konige friede
micraelius_pommernland03_1639,body,124,0,False,395,Aber damit hette er noch nicht Friede: Dann weil er in ſo langwirigen Kriegen/ die er allein der Daͤhnen halben fuͤhrete/ in Perſon in Schweden nicht ſein koͤnte/ wie fleiſſig auch die Reichs Raͤthe in ſolcher Cron drumb anhielten/ daruͤber denn die Reichsſachen beſtecken blieben/ als iſt ein groſſer Vnwill wider jhn daſelbſt entſtanden.,aber damit hette er noch nicht friede dann weil er in ſo langwirigen kriegen die er allein der daͤhnen halben fuͤhrete in perſon in schweden nicht ſein koͤnte wie fleiſſig auch die reichs raͤthe in ſolcher cron drumb anhielten daruͤber denn die reichsſachen beſtecken blieben als iſt ein groſſer vnwill wider jhn daſelbſt entſtanden,aber damit hette er noch nicht friede dann weil er in so langwirigen kriegen die er allein der dahnen halben fuhrete in person in schweden nicht sein konte wie fleissig auch die reichs rathe in solcher cron drumb anhielten daruber denn die reichssachen bestecken blieben als ist ein grosser unwill wider ihn daselbst entstanden
micraelius_pommernland03_1639,body,124,1,False,396,Er hat zwar einmahl die Koͤnigin Philippam/ aller Vngelegenheit vorzubawen/ mit etlichen Raͤthen hinein geſchicket: Aber da dieſelbe eines theils Sachen vnd Maͤngel zur Richtigkeit brachte/ das uͤbrige aber zu des Koͤniges Ankunfft verwieß/ ſtarb ſie im Jahr mcdxxx. Auff jhren Todt erfolget ein groſſer Auffſtand in Schweden/ vnd wird Erico uͤbel nachgeredet/ das er nicht perſoͤnlich komme/ das er die Schloͤſſer vnd Aempter mit Teutſchen vnd Daͤhnen beſetze/ das er viele Schatzungen wegen des Hollſteiniſchen Krieges durch Jeſſen Erichſon/ einen Daͤhnen/ den er zum Stadthalter in Schweden verordnet hette/ dem Reiche auffbuͤrde.,er hat zwar einmahl die koͤnigin philippam aller vngelegenheit vorzubawen mit etlichen raͤthen hinein geſchicket aber da dieſelbe eines theils sachen vnd maͤngel zur richtigkeit brachte das uͤbrige aber zu des koͤniges ankunfft verwieß ſtarb ſie im jahr mcdxxx auff jhren todt erfolget ein groſſer auffſtand in schweden vnd wird erico uͤbel nachgeredet das er nicht perſoͤnlich komme das er die schloͤſſer vnd aempter mit teutſchen vnd daͤhnen beſetze das er viele schatzungen wegen des hollſteiniſchen krieges durch jeſſen erichſon einen daͤhnen den er zum stadthalter in schweden verordnet hette dem reiche auffbuͤrde,er hat zwar einmahl die konigin philippam aller ungelegenheit uorzubawen mit etlichen rathen hinein geschicket aber da dieselbe eines theils sachen und mangel zur richtigkeit brachte das ubrige aber zu des koniges ankunfft uerwiess starb sie im iahr mcdxxx auff ihren todt erfolget ein grosser auffstand in schweden und wird erico ubel nachgeredet das er nicht personlich komme das er die schlosser und aempter mit teutschen und dahnen besetze das er uiele schatzungen wegen des hollsteinischen krieges durch iessen erichson einen dahnen den er zum stadthalter in schweden uerordnet hette dem reiche auffburde
micraelius_pommernland03_1639,body,124,2,False,396,Jn ſolchem Tumult iſt einer aus anſtifftung der Geiſtlichen/ wie man aus Johanne Magno ſiehet/ mit Nahmen Engelbrecht/ von den Darle Karlen zum Gubernatoren auffgeworffen/ welcher wol xxx. Schloͤſſer in ſeine Gewalt brachte/ vnd mit Huͤlffe der Vornembſten im Lande des Koͤniges Haupt: vnd Amptleute allenthalben verjagete.,jn ſolchem tumult iſt einer aus anſtifftung der geiſtlichen wie man aus johanne magno ſiehet mit nahmen engelbrecht von den darle karlen zum gubernatoren auffgeworffen welcher wol xxx schloͤſſer in ſeine gewalt brachte vnd mit huͤlffe der vornembſten im lande des koͤniges haupt vnd amptleute allenthalben verjagete,in solchem tumult ist einer aus anstifftung der geistlichen wie man aus iohanne magno siehet mit nahmen engelbrecht uon den darle karlen zum gubernatoren auffgeworffen welcher wol xxx schlosser in seine gewalt brachte und mit hulffe der uornembsten im lande des koniges haupt und amptleute allenthalben ueriagete
micraelius_pommernland03_1639,body,124,3,False,396,Vnd ob wol der Koͤnig ſich ſolche Vnruhe zu ſtillen/ mit einem anſehenlichen Volck zu Schiffe ſetzete/ ſo iſt er doch daßmahl durch einen Sturmwind/ darin er auch in Lebensgefahr gerieth/ daran behindert/ vnd von gemeltem Engelbrecht zu Stockholm eine Zeit lang/ als belagert/ gehalten worden.,vnd ob wol der koͤnig ſich ſolche vnruhe zu ſtillen mit einem anſehenlichen volck zu schiffe ſetzete ſo iſt er doch daßmahl durch einen sturmwind darin er auch in lebensgefahr gerieth daran behindert vnd von gemeltem engelbrecht zu stockholm eine zeit lang als belagert gehalten worden,und ob wol der konig sich solche unruhe zu stillen mit einem ansehenlichen uolck zu schiffe setzete so ist er doch dassmahl durch einen sturmwind darin er auch in lebensgefahr gerieth daran behindert und uon gemeltem engelbrecht zu stockholm eine zeit lang als belagert gehalten worden
micraelius_pommernland03_1639,body,124,4,False,396,Es iſt auch wol zwiſchen dem Koͤnige vnd den Reichs Rhaͤten im Jahr mcdxxxv. ein Vertrag auffgerichtet/ vnd gemelter Engelbrecht von Magno Benedicti mit einem Beil erſchlagen worden.,es iſt auch wol zwiſchen dem koͤnige vnd den reichs rhaͤten im jahr mcdxxxv ein vertrag auffgerichtet vnd gemelter engelbrecht von magno benedicti mit einem beil erſchlagen worden,es ist auch wol zwischen dem konige und den reichs rhaten im iahr mcdxxxu ein uertrag auffgerichtet und gemelter engelbrecht uon magno benedicti mit einem beil erschlagen worden
micraelius_pommernland03_1639,body,124,5,True,397,Aber daruͤber iſt nur die Vnruhe groͤſſer geworden/ weil Carolus Canutus ein Finlaͤnder/ vnd Ericus Picke/ vnd Chriſtianus Nicolai/ vnd Nicolaus Stenonis ſich vmb die obriſte Stelle im Reich Schweden zancketen/ vnd jhres Koͤniges Hoheit gantz zu ruͤcke ſetzeten.,aber daruͤber iſt nur die vnruhe groͤſſer geworden weil carolus canutus ein finlaͤnder vnd ericus picke vnd chriſtianus nicolai vnd nicolaus stenonis ſich vmb die obriſte stelle im reich schweden zancketen vnd jhres koͤniges hoheit gantz zu ruͤcke ſetzeten,aber daruber ist nur die unruhe grosser geworden weil carolus canutus ein finlander und ericus picke und christianus nicolai und nicolaus stenonis sich umb die obriste stelle im reich schweden zancketen und ihres koniges hoheit gantz zu rucke setzeten
micraelius_pommernland03_1639,body,125,0,False,397,Jmgleichen haben auch die Daͤhnen/ fuͤr welche doch der Hollſteiniſche Krieg angefangen war/ vnterſchiedliche Beſchwerungen angezogen/ als daß das Reich durch langwierige Kriege außgemattet/ vnd die Haͤuſer vnd Empter mit Teutſchen beſetzet wurden/ das auch der Koͤnig anderweit nicht heurathen wolte.,jmgleichen haben auch die daͤhnen fuͤr welche doch der hollſteiniſche krieg angefangen war vnterſchiedliche beſchwerungen angezogen als daß das reich durch langwierige kriege außgemattet vnd die haͤuſer vnd empter mit teutſchen beſetzet wurden das auch der koͤnig anderweit nicht heurathen wolte,imgleichen haben auch die dahnen fur welche doch der hollsteinische krieg angefangen war unterschiedliche beschwerungen angezogen als dass das reich durch langwierige kriege aussgemattet und die hauser und empter mit teutschen besetzet wurden das auch der konig anderweit nicht heurathen wolte
micraelius_pommernland03_1639,body,125,1,False,397,Die rechte wahre Haupt beſchwerungen/ ſagen vnſere Chronicken/ waren dieſe/ das der Koͤnigſcharffe Juſtitia hielt/ vñ ſo wol/ wider hohes/ als niedriges ſtandes Perſonen/ vnparteylich Recht/ ohne anſehen der Perſon/ ergehen ließ: Welche Beſchwerung ſie doch nicht oͤffentlich anziehen duͤrfften.,die rechte wahre haupt beſchwerungen ſagen vnſere chronicken waren dieſe das der koͤnigſcharffe juſtitia hielt vñ ſo wol wider hohes als niedriges ſtandes perſonen vnparteylich recht ohne anſehen der perſon ergehen ließ welche beſchwerung ſie doch nicht oͤffentlich anziehen duͤrfften,die rechte wahre haupt beschwerungen sagen unsere chronicken waren diese das der konigscharffe iustitia hielt und so wol wider hohes als niedriges standes personen unparteylich recht ohne ansehen der person ergehen liess welche beschwerung sie doch nicht offentlich anziehen durfften
micraelius_pommernland03_1639,body,125,2,False,397,Der Koͤnig war ein Großmuͤtiger/ vnd nicht ein Ja Herꝛ/ wie er ſelbſt pflag zu ſagen/ achtete mit der zeit/ als ein alter Herꝛe/ der Eitelkeit dieſer Welt nicht/ vnd war der groſſen Sorgfaͤltigkeit muͤde/ die er biß daher getragen hette/ weil er auch keine Erben hette/ denen er dieſe Reiche laſſen koͤnte/ vnd vielleicht von ſeiner Matreſſe Cæcilia/ die er ſehr liebete/ vnd die jhn nach jhren Willen lencken konte/ zu ruͤcke gehalten/ zu der andern Ehe ſich nicht bereden ließ/ derowegen als jhme etliche Artickul von ſeinen Vnterthanen fuͤrgeſchrieben worden/ die er eingehen vnd verſiegelen ſolte/ wolte er ſich keines weges dazu verſtehen/ ſondern ſetzete ſich zu Schiffe/ ſiegelte anfaͤnglich in Gottland/ vnd von dannen auff Dantzig in ſein Pommeren/ da er Landes genug hette/ ſein Alter in Ruhe zuzubringen/ vnd der vndanckbahren Welt muͤſſig zugehen.,der koͤnig war ein großmuͤtiger vnd nicht ein ja herꝛ wie er ſelbſt pflag zu ſagen achtete mit der zeit als ein alter herꝛe der eitelkeit dieſer welt nicht vnd war der groſſen sorgfaͤltigkeit muͤde die er biß daher getragen hette weil er auch keine erben hette denen er dieſe reiche laſſen koͤnte vnd vielleicht von ſeiner matreſſe cæcilia die er ſehr liebete vnd die jhn nach jhren willen lencken konte zu ruͤcke gehalten zu der andern ehe ſich nicht bereden ließ derowegen als jhme etliche artickul von ſeinen vnterthanen fuͤrgeſchrieben worden die er eingehen vnd verſiegelen ſolte wolte er ſich keines weges dazu verſtehen ſondern ſetzete ſich zu schiffe ſiegelte anfaͤnglich in gottland vnd von dannen auff dantzig in ſein pommeren da er landes genug hette ſein alter in ruhe zuzubringen vnd der vndanckbahren welt muͤſſig zugehen,der konig war ein grossmutiger und nicht ein ia her wie er selbst pflag zu sagen achtete mit der zeit als ein alter here der eitelkeit dieser welt nicht und war der grossen sorgfaltigkeit mude die er biss daher getragen hette weil er auch keine erben hette denen er diese reiche lassen konte und uielleicht uon seiner matresse caecilia die er sehr liebete und die ihn nach ihren willen lencken konte zu rucke gehalten zu der andern ehe sich nicht bereden liess derowegen als ihme etliche artickul uon seinen unterthanen furgeschrieben worden die er eingehen und uersiegelen solte wolte er sich keines weges dazu uerstehen sondern setzete sich zu schiffe siegelte anfanglich in gottland und uon dannen auff dantzig in sein pommeren da er landes genug hette sein alter in ruhe zuzubringen und der undanckbahren welt mussig zugehen
micraelius_pommernland03_1639,body,125,3,False,398,Vnd ob wol die Schweden ſo wol/ als die Daͤhnen/ wie auch die Luͤbecker vnd andere Seeſtaͤdte/ vnterthaͤnigſt durch anſehenliche Bottſchafften fleiſſig anhielten/ das er ſich wiederumb in die Reiche/ darin ſich beſchwerliche Auffruhr erregte/ verfuͤgen/ vnd denſelben mit ſeiner Jegenwart troͤſtlich ſein wolte/ ſo hat er doch ſeine Vnvermuͤgenheit Alters halben fuͤrgeſchurtzet.,vnd ob wol die schweden ſo wol als die daͤhnen wie auch die luͤbecker vnd andere seeſtaͤdte vnterthaͤnigſt durch anſehenliche bottſchafften fleiſſig anhielten das er ſich wiederumb in die reiche darin ſich beſchwerliche auffruhr erregte verfuͤgen vnd denſelben mit ſeiner jegenwart troͤſtlich ſein wolte ſo hat er doch ſeine vnvermuͤgenheit alters halben fuͤrgeſchurtzet,und ob wol die schweden so wol als die dahnen wie auch die lubecker und andere seestadte unterthanigst durch ansehenliche bottschafften fleissig anhielten das er sich wiederumb in die reiche darin sich beschwerliche auffruhr erregte uerfugen und denselben mit seiner iegenwart trostlich sein wolte so hat er doch seine unuermugenheit alters halben furgeschurtzet
micraelius_pommernland03_1639,body,125,4,False,398,Nichts deſto weniger faſſete er endlich/ jhrem begehren in etwas ein genuͤgen zu thun/ den Schluß/ ſetzete ſich zu Schiffe/ vnd kam mit herꝛlichem Comitat in Gottland an/ erforderte auch die Hertzogen aus Pommern vnd Wolkgaſt zu ſich/ vnd als ſie mit mm. Mann ohne das Schiffvolck ankamen/ gieng er damit vmb/ weil er der Regierung muͤde war/ Hertzog Bogißlaũ IX. ſeinen Vetter/ wie ſchon geſagt/ an ſeine ſtaͤte zu ſetzen: Aber weil derſelbe des Bapſtes Bañ in den Wind geſchlagen hette/ wolte er den Prælaten nicht gefallen.,nichts deſto weniger faſſete er endlich jhrem begehren in etwas ein genuͤgen zu thun den schluß ſetzete ſich zu schiffe vnd kam mit herꝛlichem comitat in gottland an erforderte auch die hertzogen aus pommern vnd wolkgaſt zu ſich vnd als ſie mit mm mann ohne das schiffvolck ankamen gieng er damit vmb weil er der regierung muͤde war hertzog bogißlaũ ix ſeinen vetter wie ſchon geſagt an ſeine ſtaͤte zu ſetzen aber weil derſelbe des bapſtes bañ in den wind geſchlagen hette wolte er den prælaten nicht gefallen,nichts desto weniger fassete er endlich ihrem begehren in etwas ein genugen zu thun den schluss setzete sich zu schiffe und kam mit herlichem comitat in gottland an erforderte auch die hertzogen aus pommern und wolkgast zu sich und als sie mit mm mann ohne das schiffuolck ankamen gieng er damit umb weil er der regierung mude war hertzog bogisslaum ix seinen uetter wie schon gesagt an seine state zu setzen aber weil derselbe des bapstes bann in den wind geschlagen hette wolte er den praelaten nicht gefallen
micraelius_pommernland03_1639,body,125,5,False,398,Der Koͤnig ſiegelte von Holland auff Copenhagen/ ward aber durch den Wind an das Land Ruͤgen verſetzet/ da dann eine ſtattliche Legation zu jhme ankam/ durch welche die Reichs Raͤthe vnd Prælaten ſich erboten/ jhme allen ſchuldigen Gehorſamb zu leiſten/ aber alſo/ das ſie ſich zu keinem andern Koͤnig/ den er bey ſeinem Leben neben ſich ſetzen wolte/ verſtehen koͤnten.,der koͤnig ſiegelte von holland auff copenhagen ward aber durch den wind an das land ruͤgen verſetzet da dann eine ſtattliche legation zu jhme ankam durch welche die reichs raͤthe vnd prælaten ſich erboten jhme allen ſchuldigen gehorſamb zu leiſten aber alſo das ſie ſich zu keinem andern koͤnig den er bey ſeinem leben neben ſich ſetzen wolte verſtehen koͤnten,der konig siegelte uon holland auff copenhagen ward aber durch den wind an das land rugen uersetzet da dann eine stattliche legation zu ihme ankam durch welche die reichs rathe und praelaten sich erboten ihme allen schuldigen gehorsamb zu leisten aber also das sie sich zu keinem andern konig den er bey seinem leben neben sich setzen wolte uerstehen konten
micraelius_pommernland03_1639,body,125,6,False,398,Aus dieſem anbringen verſtand er/ als ein verſtaͤndiger kluger Herre woll/ was er weiters zuvermuthen hatte/ vnd wolte ſich zur Ruhe wiederumb in ſein Hinter Pommern begeben/ der Wind aber ſetzete ſich jhme mit einem groſſen Sturm gar entgegen/ darin er in groſſe Lebens gefahr kam/ vnd wol xij. Schiffe verlohr/ vnd ward er in Zeeland getrieben/ da er den Winter uͤber auff dem Hauſe Werdingsburg verbleiben muſte.,aus dieſem anbringen verſtand er als ein verſtaͤndiger kluger herre woll was er weiters zuvermuthen hatte vnd wolte ſich zur ruhe wiederumb in ſein hinter pommern begeben der wind aber ſetzete ſich jhme mit einem groſſen sturm gar entgegen darin er in groſſe lebens gefahr kam vnd wol xij schiffe verlohr vnd ward er in zeeland getrieben da er den winter uͤber auff dem hauſe werdingsburg verbleiben muſte,aus diesem anbringen uerstand er als ein uerstandiger kluger herre woll was er weiters zuuermuthen hatte und wolte sich zur ruhe wiederumb in sein hinter pommern begeben der wind aber setzete sich ihme mit einem grossen sturm gar entgegen darin er in grosse lebens gefahr kam und wol xii schiffe uerlohr und ward er in zeeland getrieben da er den winter uber auff dem hause werdingsburg uerbleiben muste
micraelius_pommernland03_1639,body,125,7,False,399,An dieſen Ort ließ er die Reichs Raͤthe zu ſich erfordern/ legete jhnen vernunfftige Vrſachen fuͤr/ warumb jhm/ die Reiche laͤnger zu verwalten/ bedencklich fiele/ vnd hielt nochmahlen wegen ſeines Vettern Bogißlai an/ denſelben zur Cron zu beforderen.,an dieſen ort ließ er die reichs raͤthe zu ſich erfordern legete jhnen vernunfftige vrſachen fuͤr warumb jhm die reiche laͤnger zu verwalten bedencklich fiele vnd hielt nochmahlen wegen ſeines vettern bogißlai an denſelben zur cron zu beforderen,an diesen ort liess er die reichs rathe zu sich erfordern legete ihnen uernunfftige ursachen fur warumb ihm die reiche langer zu uerwalten bedencklich fiele und hielt nochmahlen wegen seines uettern bogisslai an denselben zur cron zu beforderen
micraelius_pommernland03_1639,body,125,8,False,399,Aber ſie wandten jhres Reichs Gerechtigkeit fuͤr/ das es ein frey Wahl Reich were/ vnd baten jhnen die Macht/ einen Koͤnig zu erwehlen/ frey zulaſſen/ ſo wolten ſie wiſſen/ wie ſie ſo wol des Koͤniges/ als des Reichs geruheten.,aber ſie wandten jhres reichs gerechtigkeit fuͤr das es ein frey wahl reich were vnd baten jhnen die macht einen koͤnig zu erwehlen frey zulaſſen ſo wolten ſie wiſſen wie ſie ſo wol des koͤniges als des reichs geruheten,aber sie wandten ihres reichs gerechtigkeit fur das es ein frey wahl reich were und baten ihnen die macht einen konig zu erwehlen frey zulassen so wolten sie wissen wie sie so wol des koniges als des reichs geruheten
micraelius_pommernland03_1639,body,125,9,False,399,Alſo nam er ſeinen Abſcheid von den Reichs Raͤthen mit gutem Willen/ vnd ſiegelte im Jahr mcdxxxix. mit fuͤnff Schiffen wiederumb in Pom̃eren/ von welchen jhme abermahlen zwey mit groſſem Gute durch einen Sturmwind vntergangen ſeyn.,alſo nam er ſeinen abſcheid von den reichs raͤthen mit gutem willen vnd ſiegelte im jahr mcdxxxix mit fuͤnff schiffen wiederumb in pom̃eren von welchen jhme abermahlen zwey mit groſſem gute durch einen sturmwind vntergangen ſeyn,also nam er seinen abscheid uon den reichs rathen mit gutem willen und siegelte im iahr mcdxxxix mit funff schiffen wiederumb in pommeren uon welchen ihme abermahlen zwey mit grossem gute durch einen sturmwind untergangen seyn
micraelius_pommernland03_1639,body,125,10,False,399,Das iſt noch wol eine Heroiſche That/ vñ denſelben/ was Diocletianns/ Maximianus/ Carolus V. vnd andere in uͤbergebung jhrer Reiche gethan haben/ wo nicht fuͤrzuziehen/ doch wol zuvergleichen.,das iſt noch wol eine heroiſche that vñ denſelben was diocletianns maximianus carolus v vnd andere in uͤbergebung jhrer reiche gethan haben wo nicht fuͤrzuziehen doch wol zuvergleichen,das ist noch wol eine heroische that und denselben was diocletianns maximianus carolus u und andere in ubergebung ihrer reiche gethan haben wo nicht furzuziehen doch wol zuuergleichen
micraelius_pommernland03_1639,body,125,11,False,399,Doch davon wil ich andere vrtheilen laſſen.,doch davon wil ich andere vrtheilen laſſen,doch dauon wil ich andere urtheilen lassen
micraelius_pommernland03_1639,body,125,12,False,399,Alſo iſt zwar Koͤnig Erich mit gutem Willen von ſeinen Vnterthanen/ denen er bey xlij. Jahr anfaͤnglich nebenſt Koͤnigin Margareta/ hernach allein/ vorgeſtandẽ war/ abgezogen.,alſo iſt zwar koͤnig erich mit gutem willen von ſeinen vnterthanen denen er bey xlij jahr anfaͤnglich nebenſt koͤnigin margareta hernach allein vorgeſtandẽ war abgezogen,also ist zwar konig erich mit gutem willen uon seinen unterthanen denen er bey xlii iahr anfanglich nebenst konigin margareta hernach allein uorgestanden war abgezogen
micraelius_pommernland03_1639,body,125,13,False,399,Aber dieſelbige fuhren drauff zu/ vnd erwehleten Pfalzgraff Chriſtophorum ſeinen Schweſter Sohn nach ſeinem Abzuge.,aber dieſelbige fuhren drauff zu vnd erwehleten pfalzgraff chriſtophorum ſeinen schweſter sohn nach ſeinem abzuge,aber dieselbige fuhren drauff zu und erwehleten pfalzgraff christophorum seinen schwester sohn nach seinem abzuge
micraelius_pommernland03_1639,body,125,14,True,399,Er aber behielt nichts deſto weniger die Jnſul Gottland vnd Wißburgk/ darin fuͤr ſich/ bis auff Koͤniges Chriſtiani I. Zeiten/ deme er ſie endlich/ als ſich ſo wol die Schweden/ als die Daͤhnen/ mit groſſem Kriegesheer drumb bewuͤrben/ guthwillig abtrat.,er aber behielt nichts deſto weniger die jnſul gottland vnd wißburgk darin fuͤr ſich bis auff koͤniges chriſtiani i zeiten deme er ſie endlich als ſich ſo wol die schweden als die daͤhnen mit groſſem kriegesheer drumb bewuͤrben guthwillig abtrat,er aber behielt nichts desto weniger die insul gottland und wissburgk darin fur sich bis auff koniges christiani i zeiten deme er sie endlich als sich so wol die schweden als die dahnen mit grossem kriegesheer drumb bewurben guthwillig abtrat
micraelius_pommernland03_1639,body,126,0,False,400,Dieſes alles habe ich etwas weitlaͤufftiger außfuͤhren wollen/ weil ich weiß/ das Johannes Magnus vnd andere Scribenten gar zu parteyiſch von vnſerm Hertzogen/ vnd jhrem geweſenen Koͤnig Erich reden.,dieſes alles habe ich etwas weitlaͤufftiger außfuͤhren wollen weil ich weiß das johannes magnus vnd andere scribenten gar zu parteyiſch von vnſerm hertzogen vnd jhrem geweſenen koͤnig erich reden,dieses alles habe ich etwas weitlaufftiger aussfuhren wollen weil ich weiss das iohannes magnus und andere scribenten gar zu parteyisch uon unserm hertzogen und ihrem gewesenen konig erich reden
micraelius_pommernland03_1639,body,126,1,False,400,Cranzius nennet jhn einen rechtſchaffenen Fuͤrſten: Vnd Koͤnig Chriſtophorus giebet bey gemeltem Crantzio den Daͤhnen alle Schuld/ das ſich Koͤnig Ericus des Reichs geeuſſert habe.,cranzius nennet jhn einen rechtſchaffenen fuͤrſten vnd koͤnig chriſtophorus giebet bey gemeltem crantzio den daͤhnen alle schuld das ſich koͤnig ericus des reichs geeuſſert habe,cranzius nennet ihn einen rechtschaffenen fursten und konig christophorus giebet bey gemeltem crantzio den dahnen alle schuld das sich konig ericus des reichs geeussert habe
micraelius_pommernland03_1639,body,126,2,False,400,Vnd da verbleibet es wol dabey.,vnd da verbleibet es wol dabey,und da uerbleibet es wol dabey
micraelius_pommernland03_1639,body,126,3,False,400,Vnd ob woll jhme etliche vnter den Daͤhnen nachredeten/ als wenn er die Reichs Schaͤtze ſolte mit ſich in Pommern gefuͤhret haben/ ſo haben doch ſolches alsfort andere widerleget/ vnd dargethan/ das alles/ was er nach Ruͤgenwalde gebracht hat/ ſein eigen geweſen ſey/ deſſen er nichts bey der Cron gefunden habe.,vnd ob woll jhme etliche vnter den daͤhnen nachredeten als wenn er die reichs schaͤtze ſolte mit ſich in pommern gefuͤhret haben ſo haben doch ſolches alsfort andere widerleget vnd dargethan das alles was er nach ruͤgenwalde gebracht hat ſein eigen geweſen ſey deſſen er nichts bey der cron gefunden habe,und ob woll ihme etliche unter den dahnen nachredeten als wenn er die reichs schatze solte mit sich in pommern gefuhret haben so haben doch solches alsfort andere widerleget und dargethan das alles was er nach rugenwalde gebracht hat sein eigen gewesen sey dessen er nichts bey der cron gefunden habe
micraelius_pommernland03_1639,body,126,4,False,400,Vnd was war es denn ſo groß/ das er herauß fuͤhrete?,vnd was war es denn ſo groß das er herauß fuͤhrete,und was war es denn so gross das er herauss fuhrete
micraelius_pommernland03_1639,body,126,5,False,400,Ein Jeſus Bilde/ vnd Monſtranz von Golde: xij. Apoſtel von Siber: Ein gantz Einhorn/ deſſen noch ein ſtuͤcke bey vnſerm letzten Fuͤrſten geſehen iſt: Der groſſe guͤlde Pfennig/ den er zum Brautſchatz mit bekom̃en hette: Eine guͤldene Gans/ die er fuͤr das Seinige hette machen/ vnd im Schloß Wartenburg fuͤr einen Wetterhanen auff den thurn ſetzen laſſen.,ein jeſus bilde vnd monſtranz von golde xij apoſtel von siber ein gantz einhorn deſſen noch ein ſtuͤcke bey vnſerm letzten fuͤrſten geſehen iſt der groſſe guͤlde pfennig den er zum brautſchatz mit bekom̃en hette eine guͤldene gans die er fuͤr das seinige hette machen vnd im schloß wartenburg fuͤr einen wetterhanen auff den thurn ſetzen laſſen,ein iesus bilde und monstranz uon golde xii apostel uon siber ein gantz einhorn dessen noch ein stucke bey unserm letzten fursten gesehen ist der grosse gulde pfennig den er zum brautschatz mit bekommen hette eine guldene gans die er fur das seinige hette machen und im schloss wartenburg fur einen wetterhanen auff den thurn setzen lassen
micraelius_pommernland03_1639,body,126,6,False,400,Jch meine ein Koͤnig dreyer Koͤnigreiche hette in xlij. Jahren noch wol ein groͤſſers verdienet.,jch meine ein koͤnig dreyer koͤnigreiche hette in xlij jahren noch wol ein groͤſſers verdienet,ich meine ein konig dreyer konigreiche hette in xlii iahren noch wol ein grossers uerdienet
micraelius_pommernland03_1639,body,126,7,False,400,Aber diß hat er nicht verdienet/ ſondern war ſein eigen/ vnd von dem Seinigen gemacht.,aber diß hat er nicht verdienet ſondern war ſein eigen vnd von dem seinigen gemacht,aber diss hat er nicht uerdienet sondern war sein eigen und uon dem seinigen gemacht
micraelius_pommernland03_1639,body,126,8,False,400,Man leſe beym Pontano hochgemelten Koͤniges Verantwortſchrifft an etliche Reichsſtaͤnde/ darin er beweiſet/ dz er die Daͤhniſche Rechte vnd Privilegia keines weges geſchwaͤchet/ noch jhre Feſten vnd Schloͤſſer einem Frembden eingehaͤndiget habe.,man leſe beym pontano hochgemelten koͤniges verantwortſchrifft an etliche reichsſtaͤnde darin er beweiſet dz er die daͤhniſche rechte vnd privilegia keines weges geſchwaͤchet noch jhre feſten vnd schloͤſſer einem frembden eingehaͤndiget habe,man lese beym pontano hochgemelten koniges uerantwortschrifft an etliche reichsstande darin er beweiset dz er die dahnische rechte und priuilegia keines weges geschwachet noch ihre festen und schlosser einem frembden eingehandiget habe
micraelius_pommernland03_1639,body,126,9,False,401,Vñ ob wol Hertzog Bogißlaff aus Pom̃ern nebenſt jhme auff die Gerichte vñ Schloͤſſer acht gehabt/ vnd einer oder der ander von ſeinen Blutsverwandten etwa ein Schloß zuverwalten einbekommen hette/ ſo were ſolches mit Vorwiſſen des gantzen Reichs Raths geſchehen/ vnd gemelter Hertzog nebenſt den andern were nicht fremb/ ſondern ſein naher Vetter/ vnd hette ſich vmbs Reich wol verdienet gemacht.,vñ ob wol hertzog bogißlaff aus pom̃ern nebenſt jhme auff die gerichte vñ schloͤſſer acht gehabt vnd einer oder der ander von ſeinen blutsverwandten etwa ein schloß zuverwalten einbekommen hette ſo were ſolches mit vorwiſſen des gantzen reichs raths geſchehen vnd gemelter hertzog nebenſt den andern were nicht fremb ſondern ſein naher vetter vnd hette ſich vmbs reich wol verdienet gemacht,und ob wol hertzog bogisslaff aus pommern nebenst ihme auff die gerichte und schlosser acht gehabt und einer oder der ander uon seinen blutsuerwandten etwa ein schloss zuuerwalten einbekommen hette so were solches mit uorwissen des gantzen reichs raths geschehen und gemelter hertzog nebenst den andern were nicht fremb sondern sein naher uetter und hette sich umbs reich wol uerdienet gemacht
micraelius_pommernland03_1639,body,126,10,False,401,Weiters behauptet er/ das durch jhn die drey Reiche nicht getrennet/ ſondern dz Band der Einigung jederzeit geſucht were/ vnd das die ware Vrſache aller Trennungen auff die vnruhige Koͤpffe in Dennemarck zu werffen ſey/ welchen den auch zuzuſchreiben ſey/ ſo ein Vngluͤck in den Hollſteiniſchen Kriegen/ vnd ſonſt/ mit vntergeloffen were: Er habe jederzeit gehandelt/ wie ers zu thun auff ſich genom̃en/ ſey aber endlich nit gnugſamb von ſeinen Vnterthanen verſichert geweſen.,weiters behauptet er das durch jhn die drey reiche nicht getrennet ſondern dz band der einigung jederzeit geſucht were vnd das die ware vrſache aller trennungen auff die vnruhige koͤpffe in dennemarck zu werffen ſey welchen den auch zuzuſchreiben ſey ſo ein vngluͤck in den hollſteiniſchen kriegen vnd ſonſt mit vntergeloffen were er habe jederzeit gehandelt wie ers zu thun auff ſich genom̃en ſey aber endlich nit gnugſamb von ſeinen vnterthanen verſichert geweſen,weiters behauptet er das durch ihn die drey reiche nicht getrennet sondern dz band der einigung iederzeit gesucht were und das die ware ursache aller trennungen auff die unruhige kopffe in dennemarck zu werffen sey welchen den auch zuzuschreiben sey so ein ungluck in den hollsteinischen kriegen und sonst mit untergeloffen were er habe iederzeit gehandelt wie ers zu thun auff sich genommen sey aber endlich nit gnugsamb uon seinen unterthanen uersichert gewesen
micraelius_pommernland03_1639,body,126,11,False,401,Vnd drumb ſey jhme mit nichten einige Vnruhe im Reiche zuzumeſſen.,vnd drumb ſey jhme mit nichten einige vnruhe im reiche zuzumeſſen,und drumb sey ihme mit nichten einige unruhe im reiche zuzumessen
micraelius_pommernland03_1639,body,126,12,False,401,Was die Kleinodien belanget/ die er habe/ ſolten ſie ja gedencken/ das er von Kindesbein auff das Koͤnigreiche verwaltet/ vnd das nunmehr xxx. Jahre verfloſſen weren/ da er ein reiches Koͤnigliches Fraͤwlein geheuratet/ vnd alſo zum Zierde ſeines Hauſes etwas koſtbahres hette koͤnnen machen laſſen.,was die kleinodien belanget die er habe ſolten ſie ja gedencken das er von kindesbein auff das koͤnigreiche verwaltet vnd das nunmehr xxx jahre verfloſſen weren da er ein reiches koͤnigliches fraͤwlein geheuratet vnd alſo zum zierde ſeines hauſes etwas koſtbahres hette koͤnnen machen laſſen,was die kleinodien belanget die er habe solten sie ia gedencken das er uon kindesbein auff das konigreiche uerwaltet und das nunmehr xxx iahre uerflossen weren da er ein reiches konigliches frawlein geheuratet und also zum zierde seines hauses etwas kostbahres hette konnen machen lassen
micraelius_pommernland03_1639,body,126,13,False,401,Were dennoch erboͤtig/ alles/ was er bey ſich hette/ beſichtigen zulaſſen/ vnd ſo etwas mit der Crone Dennemarck/ vnd nicht ſeinem oder ſeiner Gemahlin Wapen gezeichnet were/ ſolches herauß zugeben.,were dennoch erboͤtig alles was er bey ſich hette beſichtigen zulaſſen vnd ſo etwas mit der crone dennemarck vnd nicht ſeinem oder ſeiner gemahlin wapen gezeichnet were ſolches herauß zugeben,were dennoch erbotig alles was er bey sich hette besichtigen zulassen und so etwas mit der crone dennemarck und nicht seinem oder seiner gemahlin wapen gezeichnet were solches herauss zugeben
micraelius_pommernland03_1639,body,126,14,False,402,So man aber dergleichen nichts bey jhm finden wuͤrde/ ſehe ja die gantze Welt/ das jhme groß Vnrecht wiederfuͤhre.,so man aber dergleichen nichts bey jhm finden wuͤrde ſehe ja die gantze welt das jhme groß vnrecht wiederfuͤhre,so man aber dergleichen nichts bey ihm finden wurde sehe ia die gantze welt das ihme gross unrecht wiederfuhre
micraelius_pommernland03_1639,body,126,15,False,402,Er hette die Einkommen des Reichs zu jederzeit dermaſſen berechnet/ das er von dem Seinigen mehr hinzu geleget/ als davon zu ſeinem Nutzen verwendet.,er hette die einkommen des reichs zu jederzeit dermaſſen berechnet das er von dem seinigen mehr hinzu geleget als davon zu ſeinem nutzen verwendet,er hette die einkommen des reichs zu iederzeit dermassen berechnet das er uon dem seinigen mehr hinzu geleget als dauon zu seinem nutzen uerwendet
micraelius_pommernland03_1639,body,126,16,False,402,Vnd da er endlich ſich des Reichs geeuſſert/ habe er ſolches zu deſſelben frommen gethan/ das ſie in ſich ſchlugen/ vnd an ſtat jhres uͤbelgefaſſeten Vnwillens gebuͤhrliche Ehre jhme bezeigeten.,vnd da er endlich ſich des reichs geeuſſert habe er ſolches zu deſſelben frommen gethan das ſie in ſich ſchlugen vnd an ſtat jhres uͤbelgefaſſeten vnwillens gebuͤhrliche ehre jhme bezeigeten,und da er endlich sich des reichs geeussert habe er solches zu desselben frommen gethan das sie in sich schlugen und an stat ihres ubelgefasseten unwillens gebuhrliche ehre ihme bezeigeten
micraelius_pommernland03_1639,body,126,17,True,402,Gleichwol habe er die Empter allenthalben ſo beſetzet/ das dem Reiche in ſeinem Abweſen kein Schade zuwachſen koͤnne/ vnd behalte annoch einen guten Willen/ wie zu jederzeit/ gegen ſie/ als ſeine Vnterthanen/ vnd ob ſie wol nunmehr mit den Gedancken vmbgehen/ wie ſie ſeinen Schweſter Sohn/ Chriſtophorum aus der Pfaltz/ zum Koͤnigreiche erheben moͤgen/ ſo wolle er ſeine gerechte Sache erſtlich Gotte/ hernach dem Bapſt/ Kaͤyſer vnd allen Chriſtlichen Fuͤrſten/ Herren vnd Republiquen vnter Augen legen/ vnd daruͤber vrtheilen laſſen.,gleichwol habe er die empter allenthalben ſo beſetzet das dem reiche in ſeinem abweſen kein schade zuwachſen koͤnne vnd behalte annoch einen guten willen wie zu jederzeit gegen ſie als ſeine vnterthanen vnd ob ſie wol nunmehr mit den gedancken vmbgehen wie ſie ſeinen schweſter sohn chriſtophorum aus der pfaltz zum koͤnigreiche erheben moͤgen ſo wolle er ſeine gerechte sache erſtlich gotte hernach dem bapſt kaͤyſer vnd allen chriſtlichen fuͤrſten herren vnd republiquen vnter augen legen vnd daruͤber vrtheilen laſſen,gleichwol habe er die empter allenthalben so besetzet das dem reiche in seinem abwesen kein schade zuwachsen konne und behalte annoch einen guten willen wie zu iederzeit gegen sie als seine unterthanen und ob sie wol nunmehr mit den gedancken umbgehen wie sie seinen schwester sohn christophorum aus der pfaltz zum konigreiche erheben mogen so wolle er seine gerechte sache erstlich gotte hernach dem bapst kayser und allen christlichen fursten herren und republiquen unter augen legen und daruber urtheilen lassen
micraelius_pommernland03_1639,body,127,0,False,402,Ob aber wol Koͤnig Ericus dieſes alles warhafftig hat behaupten koͤnnen/ ſo wil dennoch Pontanus ſelbſt jhme an zweyen oͤrtern beymeſſen/ vnd Schuld geben/ als wann er der erſte were/ der die Jnſul Ruͤgen/ als ein Lehen/ von der Cron Dennemarck abgeſondert/ vnd ſie ſeinen Vettern den Hertzogen von Pommern mit des Reichs Schaden eingereumet hette: Welches warlich gemelter Pontanus nicht geſchrieben hette/ wenn jhme das bekand were geweſen/ was wir droben vom Lande zu Ruͤgen vorgebracht haben.,ob aber wol koͤnig ericus dieſes alles warhafftig hat behaupten koͤnnen ſo wil dennoch pontanus ſelbſt jhme an zweyen oͤrtern beymeſſen vnd schuld geben als wann er der erſte were der die jnſul ruͤgen als ein lehen von der cron dennemarck abgeſondert vnd ſie ſeinen vettern den hertzogen von pommern mit des reichs schaden eingereumet hette welches warlich gemelter pontanus nicht geſchrieben hette wenn jhme das bekand were geweſen was wir droben vom lande zu ruͤgen vorgebracht haben,ob aber wol konig ericus dieses alles warhafftig hat behaupten konnen so wil dennoch pontanus selbst ihme an zweyen ortern beymessen und schuld geben als wann er der erste were der die insul rugen als ein lehen uon der cron dennemarck abgesondert und sie seinen uettern den hertzogen uon pommern mit des reichs schaden eingereumet hette welches warlich gemelter pontanus nicht geschrieben hette wenn ihme das bekand were gewesen was wir droben uom lande zu rugen uorgebracht haben
micraelius_pommernland03_1639,body,127,1,True,402,Ruͤgen war ſchon lange zeit vor Koͤnig Erico den andern Pommeriſchen Laͤndern incorporieret/ vnd ward von Kaͤyſ. Mayt. zu Lehen getragen: Wie hat es denn der Cron Dennemarck Lehen/ auſſer etlichen wenig oͤrtern/ da Dennemarck annoch eine Gerechtigkeit innen hat/ ſein koͤnnen/ inſonderheit weil ſich die Ruͤgen von der Daͤhnen Bottmeßigkeit/ dero ſie ſich durch Kriegesmacht eine zeitlang anmaſſeten/ ſchon lange zuvorn loß gewircket/ vnd mit den Pommeriſchen Hertzogen eine Erbeinigung auffgerichtet hetten.,ruͤgen war ſchon lange zeit vor koͤnig erico den andern pommeriſchen laͤndern incorporieret vnd ward von kaͤyſ mayt zu lehen getragen wie hat es denn der cron dennemarck lehen auſſer etlichen wenig oͤrtern da dennemarck annoch eine gerechtigkeit innen hat ſein koͤnnen inſonderheit weil ſich die ruͤgen von der daͤhnen bottmeßigkeit dero ſie ſich durch kriegesmacht eine zeitlang anmaſſeten ſchon lange zuvorn loß gewircket vnd mit den pommeriſchen hertzogen eine erbeinigung auffgerichtet hetten,rugen war schon lange zeit uor konig erico den andern pommerischen landern incorporieret und ward uon kays mayt zu lehen getragen wie hat es denn der cron dennemarck lehen ausser etlichen wenig ortern da dennemarck annoch eine gerechtigkeit innen hat sein konnen insonderheit weil sich die rugen uon der dahnen bottmessigkeit dero sie sich durch kriegesmacht eine zeitlang anmasseten schon lange zuuorn loss gewircket und mit den pommerischen hertzogen eine erbeinigung auffgerichtet hetten
micraelius_pommernland03_1639,body,128,0,False,403,Nun dieſer redliche fromme/ auch gelarte Koͤnig/ wie das aus dem Lateiniſchen Daͤhniſchen Chronico zuſehen/ daß er von den Koͤnigen in Dennemarck ſelbſt verfertiget hat/ als er noch xx. Jahr zu Ruͤgenwalde in guter Ruhe ſein Leben biß in das lxxiij. Jahr ſeines Alters zugebracht hette/ vnd nunmehr ſterben ſolte/ hat er alle ſeine Barſchafft Bogißlai IX. Tochter Sophiæ/ welche er ſeinem Vetter Erico II. Hertzogen zu Wolgaſt/ beygeleget hette/ als ſeiner naͤhiſten Erbin/ vnd jhrem Herren Erico II. vberlaſſen.,nun dieſer redliche fromme auch gelarte koͤnig wie das aus dem lateiniſchen daͤhniſchen chronico zuſehen daß er von den koͤnigen in dennemarck ſelbſt verfertiget hat als er noch xx jahr zu ruͤgenwalde in guter ruhe ſein leben biß in das lxxiij jahr ſeines alters zugebracht hette vnd nunmehr ſterben ſolte hat er alle ſeine barſchafft bogißlai ix tochter sophiæ welche er ſeinem vetter erico ii hertzogen zu wolgaſt beygeleget hette als ſeiner naͤhiſten erbin vnd jhrem herren erico ii vberlaſſen,nun dieser redliche fromme auch gelarte konig wie das aus dem lateinischen dahnischen chronico zusehen dass er uon den konigen in dennemarck selbst uerfertiget hat als er noch xx iahr zu rugenwalde in guter ruhe sein leben biss in das lxxiii iahr seines alters zugebracht hette und nunmehr sterben solte hat er alle seine barschafft bogisslai ix tochter sophiae welche er seinem uetter erico ii hertzogen zu wolgast beygeleget hette als seiner nahisten erbin und ihrem herren erico ii uberlassen
micraelius_pommernland03_1639,body,128,1,False,403,Aber Ericus wolte damit nicht zu frieden ſein/ ſondern auch das gantze Erbland des Koͤniges alleine haben/ vnd ſo wol ſeinen Bruder Wartislaum IX. der Ruͤgen vnd Barth ein hette/ als den Stetiniſchen Hertzog Ottonem III. die ſich auch des Erbes anmutheten/ außſchlieſſen/ wie er denn auch/ noch bey Lebenszeiten Koͤnigs Erichs/ etliche demſelben zugehoͤrige Flecken einzunehmen/ ſich vnterſtand: Aber Koͤnig Erich iſt dermaſſen vber jhn erzuͤrnet geworden/ das er in groſſem Vnmuth außgeſaget/ er were ſein Erbe nicht/ ſondern Hertzog Otto von Stettin.,aber ericus wolte damit nicht zu frieden ſein ſondern auch das gantze erbland des koͤniges alleine haben vnd ſo wol ſeinen bruder wartislaum ix der ruͤgen vnd barth ein hette als den stetiniſchen hertzog ottonem iii die ſich auch des erbes anmutheten außſchlieſſen wie er denn auch noch bey lebenszeiten koͤnigs erichs etliche demſelben zugehoͤrige flecken einzunehmen ſich vnterſtand aber koͤnig erich iſt dermaſſen vber jhn erzuͤrnet geworden das er in groſſem vnmuth außgeſaget er were ſein erbe nicht ſondern hertzog otto von stettin,aber ericus wolte damit nicht zu frieden sein sondern auch das gantze erbland des koniges alleine haben und so wol seinen bruder wartislaum ix der rugen und barth ein hette als den stetinischen hertzog ottonem iii die sich auch des erbes anmutheten aussschliessen wie er denn auch noch bey lebenszeiten konigs erichs etliche demselben zugehorige flecken einzunehmen sich unterstand aber konig erich ist dermassen uber ihn erzurnet geworden das er in grossem unmuth aussgesaget er were sein erbe nicht sondern hertzog otto uon stettin
micraelius_pommernland03_1639,body,128,2,False,403,Da er nun im Jahr mcdlix. mit Todte abgieng/ iſt alsfort zu Ruͤgenwald von Erico II. ein Landtag gehalten worden/ darauff/ nebenſt denen auß den Prælaten vnd Ritterſchafft/ New Stargard/ Greiffenberg/ Treptow/ Stolp/ Ruͤgenwaldt/ Schlawe vnd Belgard durch jhre abgefertigete erſchienen/ vnd jhme die Verweyſung oder das Regiment in dieſen Landen zu Pom̃ern aufftruͤgen/ die Schloͤſſer Sazig/ Ruͤgenwalde/ Belgard vnd Zanow aber Albrecht dem Grafen von Eberſtein/ vnd Claus von dem Borne vnd Beſpueck Rameln ſolcher geſtalt vberantwortet haben/ ob Hertzog Wartißlaff X. Erici Bruder/ oder Otto III. ſein Vetter jhre Zuſprache an dieſes Land mit Recht verfechten wuͤrden/ das man alsdann/ nach deme der Außſpruch durch die Landſtaͤnde nach jhren Rechten fallen wuͤrde/ mit ſolchen Emptern vnd Schloͤſſern verfuͤhre.,da er nun im jahr mcdlix mit todte abgieng iſt alsfort zu ruͤgenwald von erico ii ein landtag gehalten worden darauff nebenſt denen auß den prælaten vnd ritterſchafft new stargard greiffenberg treptow stolp ruͤgenwaldt schlawe vnd belgard durch jhre abgefertigete erſchienen vnd jhme die verweyſung oder das regiment in dieſen landen zu pom̃ern aufftruͤgen die schloͤſſer sazig ruͤgenwalde belgard vnd zanow aber albrecht dem grafen von eberſtein vnd claus von dem borne vnd beſpueck rameln ſolcher geſtalt vberantwortet haben ob hertzog wartißlaff x erici bruder oder otto iii ſein vetter jhre zuſprache an dieſes land mit recht verfechten wuͤrden das man alsdann nach deme der außſpruch durch die landſtaͤnde nach jhren rechten fallen wuͤrde mit ſolchen emptern vnd schloͤſſern verfuͤhre,da er nun im iahr mcdlix mit todte abgieng ist alsfort zu rugenwald uon erico ii ein landtag gehalten worden darauff nebenst denen auss den praelaten und ritterschafft new stargard greiffenberg treptow stolp rugenwaldt schlawe und belgard durch ihre abgefertigete erschienen und ihme die uerweysung oder das regiment in diesen landen zu pommern aufftrugen die schlosser sazig rugenwalde belgard und zanow aber albrecht dem grafen uon eberstein und claus uon dem borne und bespueck rameln solcher gestalt uberantwortet haben ob hertzog wartisslaff x erici bruder oder otto iii sein uetter ihre zusprache an dieses land mit recht uerfechten wurden das man alsdann nach deme der aussspruch durch die landstande nach ihren rechten fallen wurde mit solchen emptern und schlossern uerfuhre
micraelius_pommernland03_1639,body,128,3,False,404,Darauff hat gemelter Ericus der Landſchafft gewiſſe Privilegia ertheilet/ die ferner erweitert/ vnd vermehret ſein/ vnter welchen auch dieſes befindlich iſt/ daß ſo in dieſem Lande zu Pommern eine Lehen loß ſtirbet ohne Lehens Erben/ vnd einer von der Lehen verſtorbene Toͤchter nachlieſſe/ die Toͤchter jhres Vaters Erbe vnd Lehen zu jhrem Leben beſitzen ſollen: Worin doch folgends eine Enderung gemachet iſt.,darauff hat gemelter ericus der landſchafft gewiſſe privilegia ertheilet die ferner erweitert vnd vermehret ſein vnter welchen auch dieſes befindlich iſt daß ſo in dieſem lande zu pommern eine lehen loß ſtirbet ohne lehens erben vnd einer von der lehen verſtorbene toͤchter nachlieſſe die toͤchter jhres vaters erbe vnd lehen zu jhrem leben beſitzen ſollen worin doch folgends eine enderung gemachet iſt,darauff hat gemelter ericus der landschafft gewisse priuilegia ertheilet die ferner erweitert und uermehret sein unter welchen auch dieses befindlich ist dass so in diesem lande zu pommern eine lehen loss stirbet ohne lehens erben und einer uon der lehen uerstorbene tochter nachliesse die tochter ihres uaters erbe und lehen zu ihrem leben besitzen sollen worin doch folgends eine enderung gemachet ist
micraelius_pommernland03_1639,body,128,4,False,404,Mit dieſem Landtags Schluß haben die andere beyde Fuͤrſten nicht wollen zu frieden ſein/ vnd als alſo zwiſchen den Stetiniſchen/ Wolgaſtiſchen vnd Barthiſchen oder Ruͤgianiſchen Fuͤrſten ein Zwiſt wegen des Erbes vorfiel/ iſt endlich durch Churfuͤrſt Friederichen von Brandenburg/ vnd die Hertzogen von Mechelnburg die Sache der geſtalt auffgehoben/ das der Hertzog von Stettin Otto III. das Land zwiſchen der Swyna vnd Chollenberg; Beyde Gebruͤdere/ als Ericus II. von Wollgaſt/ vnd Wartißlaff X. von Barth vnd Ruͤgen/ Hinter Pom̃eren; Erici I. Gemahlinne aber/ als die naͤhiſte in der Verwandnus/ die Baarſchafft/ vnd was deme anhaͤngig/ ererben/ haben/ vnd behalten ſolte.,mit dieſem landtags schluß haben die andere beyde fuͤrſten nicht wollen zu frieden ſein vnd als alſo zwiſchen den stetiniſchen wolgaſtiſchen vnd barthiſchen oder ruͤgianiſchen fuͤrſten ein zwiſt wegen des erbes vorfiel iſt endlich durch churfuͤrſt friederichen von brandenburg vnd die hertzogen von mechelnburg die sache der geſtalt auffgehoben das der hertzog von stettin otto iii das land zwiſchen der swyna vnd chollenberg beyde gebruͤdere als ericus ii von wollgaſt vnd wartißlaff x von barth vnd ruͤgen hinter pom̃eren erici i gemahlinne aber als die naͤhiſte in der verwandnus die baarſchafft vnd was deme anhaͤngig ererben haben vnd behalten ſolte,mit diesem landtags schluss haben die andere beyde fursten nicht wollen zu frieden sein und als also zwischen den stetinischen wolgastischen und barthischen oder rugianischen fursten ein zwist wegen des erbes uorfiel ist endlich durch churfurst friederichen uon brandenburg und die hertzogen uon mechelnburg die sache der gestalt auffgehoben das der hertzog uon stettin otto iii das land zwischen der swyna und chollenberg beyde gebrudere als ericus ii uon wollgast und wartisslaff x uon barth und rugen hinter pommeren erici i gemahlinne aber als die nahiste in der uerwandnus die baarschafft und was deme anhangig ererben haben und behalten solte
micraelius_pommernland03_1639,body,128,5,False,405,Wie aber Wartislaus mit ſeinen beyden Soͤhnen/ vnd der einige noch uͤbrige Stetiniſche Hertzog Otto verfallen/ vnd dz gantze Land auff den einigen Bogißlaum X. nach ſeines Vatern/ vnd aller Vettern/ vnd dreyer Bruͤder Todte gekommen ſey/ haben wir ſchon droben erwehnet.,wie aber wartislaus mit ſeinen beyden soͤhnen vnd der einige noch uͤbrige stetiniſche hertzog otto verfallen vnd dz gantze land auff den einigen bogißlaum x nach ſeines vatern vnd aller vettern vnd dreyer bruͤder todte gekommen ſey haben wir ſchon droben erwehnet,wie aber wartislaus mit seinen beyden sohnen und der einige noch ubrige stetinische hertzog otto uerfallen und dz gantze land auff den einigen bogisslaum x nach seines uatern und aller uettern und dreyer bruder todte gekommen sey haben wir schon droben erwehnet
micraelius_pommernland03_1639,body,128,6,True,405,Ehe wir aber die gantze Hiſtoriam Bogißlai X. hieher ſetzen/ muͤſſen wir zuvor etliche merckliche Geſchichte/ ſo ſich hin vnd her in Pom̃ern bey der vielfaͤltigen Theilung des Landes/ vnd vielen Herꝛſchafften zugetragen haben/ kuͤrtzlich erzehlen.,ehe wir aber die gantze hiſtoriam bogißlai x hieher ſetzen muͤſſen wir zuvor etliche merckliche geſchichte ſo ſich hin vnd her in pom̃ern bey der vielfaͤltigen theilung des landes vnd vielen herꝛſchafften zugetragen haben kuͤrtzlich erzehlen,ehe wir aber die gantze historiam bogisslai x hieher setzen mussen wir zuuor etliche merckliche geschichte so sich hin und her in pommern bey der uielfaltigen theilung des landes und uielen herschafften zugetragen haben kurtzlich erzehlen
micraelius_pommernland03_1639,body,129,0,False,405,Hie wil ich nun nicht ſagen/ von dem Poltergeiſte/ der einen Kuͤchen Buben auffm Schloſſe Loyz ſol klein gehacket/ vnd in einen jrdinen Topff geſtecket haben/ weil er jhme die Milch/ die ſie jhme in der Zeit des Aberglaubens alle Abend muſten hinſetzen/ verzehret hette.,hie wil ich nun nicht ſagen von dem poltergeiſte der einen kuͤchen buben auffm schloſſe loyz ſol klein gehacket vnd in einen jrdinen topff geſtecket haben weil er jhme die milch die ſie jhme in der zeit des aberglaubens alle abend muſten hinſetzen verzehret hette,hie wil ich nun nicht sagen uon dem poltergeiste der einen kuchen buben auffm schlosse loyz sol klein gehacket und in einen irdinen topff gestecket haben weil er ihme die milch die sie ihme in der zeit des aberglaubens alle abend musten hinsetzen uerzehret hette
micraelius_pommernland03_1639,body,129,1,True,405,Vnd ob man wol lange Zeit den Topff oder Grapen gezeiget hat/ darin der Chimmecke (den ſo nennen vnſere alte Pommeren den Poltergeiſt) ſein Muͤthlein mit den Kuͤchen Buben ſol gekuͤhlet haben/ ſo moͤchte doch einer oder der ander hierbey einen Zweifel tragen wollen/ drumb wollen wir zu gewiſſen Dingen gehen.,vnd ob man wol lange zeit den topff oder grapen gezeiget hat darin der chimmecke den ſo nennen vnſere alte pommeren den poltergeiſt ſein muͤthlein mit den kuͤchen buben ſol gekuͤhlet haben ſo moͤchte doch einer oder der ander hierbey einen zweifel tragen wollen drumb wollen wir zu gewiſſen dingen gehen,und ob man wol lange zeit den topff oder grapen gezeiget hat darin der chimmecke den so nennen unsere alte pommeren den poltergeist sein muthlein mit den kuchen buben sol gekuhlet haben so mochte doch einer oder der ander hierbey einen zweifel tragen wollen drumb wollen wir zu gewissen dingen gehen
micraelius_pommernland03_1639,body,130,0,False,405,Jm Jahr mccclxxvij. (etliche ſetzen ſieben Jahr hernach) iſt Ancklam durch ein verwarloſetes Fewr gantz mit dem Cloſter vnd Rathhaus ausgebrand/ das nur S. Marien Kirche vnd etliche Haͤuſer dabey ſind ſtehend geblieben.,jm jahr mccclxxvij etliche ſetzen ſieben jahr hernach iſt ancklam durch ein verwarloſetes fewr gantz mit dem cloſter vnd rathhaus ausgebrand das nur s marien kirche vnd etliche haͤuſer dabey ſind ſtehend geblieben,im iahr mccclxxuii etliche setzen sieben iahr hernach ist ancklam durch ein uerwarlosetes fewr gantz mit dem closter und rathhaus ausgebrand das nur s marien kirche und etliche hauser dabey sind stehend geblieben
micraelius_pommernland03_1639,body,130,1,False,406,Aber dieſer Schade hat ſie daßmahl nicht froͤm̃er gemacht; Dann da der Rhat wegen des Fiſchkauffes gute Anordnung machete/ lieſſen die Fiſcher in der Faſten das Fiſchen bleiben/ vnd richteten bey der Gemeine ſolche Auffruhr an/ das ſie den Rhat erſchluͤgen/ vnd nach Erwehlung eines newen Rhats ſich zuſammen verſchwuͤren/ Leib vnd Leben daran zuſetzen.,aber dieſer schade hat ſie daßmahl nicht froͤm̃er gemacht dann da der rhat wegen des fiſchkauffes gute anordnung machete lieſſen die fiſcher in der faſten das fiſchen bleiben vnd richteten bey der gemeine ſolche auffruhr an das ſie den rhat erſchluͤgen vnd nach erwehlung eines newen rhats ſich zuſammen verſchwuͤren leib vnd leben daran zuſetzen,aber dieser schade hat sie dassmahl nicht frommer gemacht dann da der rhat wegen des fischkauffes gute anordnung machete liessen die fischer in der fasten das fischen bleiben und richteten bey der gemeine solche auffruhr an das sie den rhat erschlugen und nach erwehlung eines newen rhats sich zusammen uerschwuren leib und leben daran zusetzen
micraelius_pommernland03_1639,body,130,2,False,406,Darauff berieff Hertzog Bogißlaff des Nahmens der Sechſte ſeine Landſchafft/ mit Gewalt die Stadt zu vberziehen; Aber die ſich ſchuldig wuſten/ flohen des Nachts meiſtentheils davon; Die andere/ ſo der Hertzog von den Vbelthaͤtern noch in der Stadt fand/ ließ er nach Verdienſt zur Straffe ziehen/ die Vorfluͤchtigen verfolgete er/ wie er koͤnte/ ſetzete einen neweu Rhat ein/ vnd von den Straffgeldern/ die er von denen/ ſo am Leib nicht geſtrafft wurden/ thate er der erſchlagenen Rhatsperſohnen Kindern groſſe Huͤlffe/ das jhre Leyd dadurch etwas geſtillet wuͤrde.,darauff berieff hertzog bogißlaff des nahmens der sechſte ſeine landſchafft mit gewalt die stadt zu vberziehen aber die ſich ſchuldig wuſten flohen des nachts meiſtentheils davon die andere ſo der hertzog von den vbelthaͤtern noch in der stadt fand ließ er nach verdienſt zur straffe ziehen die vorfluͤchtigen verfolgete er wie er koͤnte ſetzete einen neweu rhat ein vnd von den straffgeldern die er von denen ſo am leib nicht geſtrafft wurden thate er der erſchlagenen rhatsperſohnen kindern groſſe huͤlffe das jhre leyd dadurch etwas geſtillet wuͤrde,darauff berieff hertzog bogisslaff des nahmens der sechste seine landschafft mit gewalt die stadt zu uberziehen aber die sich schuldig wusten flohen des nachts meistentheils dauon die andere so der hertzog uon den ubelthatern noch in der stadt fand liess er nach uerdienst zur straffe ziehen die uorfluchtigen uerfolgete er wie er konte setzete einen neweu rhat ein und uon den straffgeldern die er uon denen so am leib nicht gestrafft wurden thate er der erschlagenen rhatspersohnen kindern grosse hulffe das ihre leyd dadurch etwas gestillet wurde
micraelius_pommernland03_1639,body,130,3,True,406,Cranzius zwar meinet/ das Hertzog Bogißlaff dieſe ſchreckliche Vbelthat nicht gnugſamb geſtraffet habe; Aber vnſere Geſchicht Buͤchere geben andere Nachrichtungen/ vnd vermelden/ das/ da etliche Fuͤrſtliche Rhaͤte vermeineten/ der Ernſt des Fuͤrſten were zu geſchwinde/ vnd wuͤrde er durch ſo vieler Leute hinrichtung/ eine leere vnd oͤde Stadt bekommen/ Er geantwortet habe/ er wolle lieber/ die Stadt wuͤrde ein Poggenpoul/ das iſt/ ein Froſch Teich/ als das ſolche auffruͤhriſche Boͤſewichte drin wohnen ſolten.,cranzius zwar meinet das hertzog bogißlaff dieſe ſchreckliche vbelthat nicht gnugſamb geſtraffet habe aber vnſere geſchicht buͤchere geben andere nachrichtungen vnd vermelden das da etliche fuͤrſtliche rhaͤte vermeineten der ernſt des fuͤrſten were zu geſchwinde vnd wuͤrde er durch ſo vieler leute hinrichtung eine leere vnd oͤde stadt bekommen er geantwortet habe er wolle lieber die stadt wuͤrde ein poggenpoul das iſt ein froſch teich als das ſolche auffruͤhriſche boͤſewichte drin wohnen ſolten,cranzius zwar meinet das hertzog bogisslaff diese schreckliche ubelthat nicht gnugsamb gestraffet habe aber unsere geschicht buchere geben andere nachrichtungen und uermelden das da etliche furstliche rhate uermeineten der ernst des fursten were zu geschwinde und wurde er durch so uieler leute hinrichtung eine leere und ode stadt bekommen er geantwortet habe er wolle lieber die stadt wurde ein poggenpoul das ist ein frosch teich als das solche auffruhrische bosewichte drin wohnen solten
micraelius_pommernland03_1639,body,131,0,False,407,Eben vmb die Zeit war faſt in allen Seeſtaͤdten Auffruhr/ vnd inſonderheit muͤſten die Strallſundiſche des Vngluͤcks auch theilhafftig werden.,eben vmb die zeit war faſt in allen seeſtaͤdten auffruhr vnd inſonderheit muͤſten die strallſundiſche des vngluͤcks auch theilhafftig werden,eben umb die zeit war fast in allen seestadten auffruhr und insonderheit musten die strallsundische des unglucks auch theilhafftig werden
micraelius_pommernland03_1639,body,131,1,False,407,Vnd eben/ da zu Ancklam der Rhat erwuͤrget war/ hetten ſich etliche Buben zum Strallſunde verſchworen/ ſolches auch zu Wercke zurichten.,vnd eben da zu ancklam der rhat erwuͤrget war hetten ſich etliche buben zum strallſunde verſchworen ſolches auch zu wercke zurichten,und eben da zu ancklam der rhat erwurget war hetten sich etliche buben zum strallsunde uerschworen solches auch zu wercke zurichten
micraelius_pommernland03_1639,body,131,2,False,407,Aber durch fleiſſige Auffſicht der Obrigkeit iſts verwehret/ vnd die Redlinfuͤhrer hart geſtrafft worden.,aber durch fleiſſige auffſicht der obrigkeit iſts verwehret vnd die redlinfuͤhrer hart geſtrafft worden,aber durch fleissige auffsicht der obrigkeit ists uerwehret und die redlinfuhrer hart gestrafft worden
micraelius_pommernland03_1639,body,131,3,False,407,Folgendes Jahres aber ermannete ſich die gantze Gemeine/ da gemeines Anliegens vnd Schulde halben Steur gefordert ward/ wieder den Rhat: Doch ward derſelbe ein klein wenig beſſer/ als zu Ancklam/ tractieret/ vnd nicht erſchlagen/ ſondern zur Stadt hinauß gejaget.,folgendes jahres aber ermannete ſich die gantze gemeine da gemeines anliegens vnd schulde halben steur gefordert ward wieder den rhat doch ward derſelbe ein klein wenig beſſer als zu ancklam tractieret vnd nicht erſchlagen ſondern zur stadt hinauß gejaget,folgendes iahres aber ermannete sich die gantze gemeine da gemeines anliegens und schulde halben steur gefordert ward wieder den rhat doch ward derselbe ein klein wenig besser als zu ancklam tractieret und nicht erschlagen sondern zur stadt hinauss geiaget
micraelius_pommernland03_1639,body,131,4,False,407,Hertzog Wartislaff VI. namb ſich des Handels geſchwinde an/ vnd brachte es dahin/ das der Rhat wieder angenommen/ vnd in vorigen Ehrenſtandt geſetzet ward.,hertzog wartislaff vi namb ſich des handels geſchwinde an vnd brachte es dahin das der rhat wieder angenommen vnd in vorigen ehrenſtandt geſetzet ward,hertzog wartislaff ui namb sich des handels geschwinde an und brachte es dahin das der rhat wieder angenommen und in uorigen ehrenstandt gesetzet ward
micraelius_pommernland03_1639,body,131,5,False,407,Welches dann die Buͤrger deſto mehr einzugehen gedrungen wurden/ weil ſie nunmehr ſelbſt anſiengen zu mercken/ wie in Abweſenheit der Obrigkeit allerley ſeltzame Haͤndel/ vnd vnertraͤgliche Vnordnungen vorlauffen/ die nicht koͤnnen abgeſchaffet werden/ als durch wiederbringung der Gerechtigkeit/ die von der Obrigkeit mus gehandhabet werden.,welches dann die buͤrger deſto mehr einzugehen gedrungen wurden weil ſie nunmehr ſelbſt anſiengen zu mercken wie in abweſenheit der obrigkeit allerley ſeltzame haͤndel vnd vnertraͤgliche vnordnungen vorlauffen die nicht koͤnnen abgeſchaffet werden als durch wiederbringung der gerechtigkeit die von der obrigkeit mus gehandhabet werden,welches dann die burger desto mehr einzugehen gedrungen wurden weil sie nunmehr selbst ansiengen zu mercken wie in abwesenheit der obrigkeit allerley seltzame handel und unertragliche unordnungen uorlauffen die nicht konnen abgeschaffet werden als durch wiederbringung der gerechtigkeit die uon der obrigkeit mus gehandhabet werden
micraelius_pommernland03_1639,body,131,6,False,407,Vnd es iſt mercklich/ das einer von den Rathsherren/ mit Nahmen Done/ ehe er hat koͤñen wider in ſeinen Ehrenſtand geſetzet werden/ verſtorben/ vnd ſeine Freunde jhn todt in den Rathſtuel geſetzet haben/ damit anzuzeigen/ das er numehr vnd ohne verletzung ſeiner Ehren were vertrieben worden.,vnd es iſt mercklich das einer von den rathsherren mit nahmen done ehe er hat koͤñen wider in ſeinen ehrenſtand geſetzet werden verſtorben vnd ſeine freunde jhn todt in den rathſtuel geſetzet haben damit anzuzeigen das er numehr vnd ohne verletzung ſeiner ehren were vertrieben worden,und es ist mercklich das einer uon den rathsherren mit nahmen done ehe er hat konnen wider in seinen ehrenstand gesetzet werden uerstorben und seine freunde ihn todt in den rathstuel gesetzet haben damit anzuzeigen das er numehr und ohne uerletzung seiner ehren were uertrieben worden
micraelius_pommernland03_1639,body,131,7,False,407,Ob aber woll alſo dieſe Auffruhr vernunfftiglich beygeleget iſt/ ſo hat dennoch der vnruhige Geiſt noch einmahl ſich blicken laſſen: Denn es war bey wieder annehmung des Rhats von der gantzen Stadt beliebet worden/ das wegen eingefallener tewren Zeit das Jahr kein Korn ſolte verſchiffet werden/ Solches aber vnterſtand ſich nichts deſtoweniger Herman Hoſang zu thun/ einer von den Auffruͤhrern/ der aus der Gemeine newlich in den Rhat genommen war/ damit er nur nicht mehr wunders machete.,ob aber woll alſo dieſe auffruhr vernunfftiglich beygeleget iſt ſo hat dennoch der vnruhige geiſt noch einmahl ſich blicken laſſen denn es war bey wieder annehmung des rhats von der gantzen stadt beliebet worden das wegen eingefallener tewren zeit das jahr kein korn ſolte verſchiffet werden solches aber vnterſtand ſich nichts deſtoweniger herman hoſang zu thun einer von den auffruͤhrern der aus der gemeine newlich in den rhat genommen war damit er nur nicht mehr wunders machete,ob aber woll also diese auffruhr uernunfftiglich beygeleget ist so hat dennoch der unruhige geist noch einmahl sich blicken lassen denn es war bey wieder annehmung des rhats uon der gantzen stadt beliebet worden das wegen eingefallener tewren zeit das iahr kein korn solte uerschiffet werden solches aber unterstand sich nichts destoweniger herman hosang zu thun einer uon den auffruhrern der aus der gemeine newlich in den rhat genommen war damit er nur nicht mehr wunders machete
micraelius_pommernland03_1639,body,131,8,False,408,Als aber jhme deßwegen der Rhatſtuel verboten ward/ vnd ſein Weib jhme in den Ohren lag/ das er lieber ſolte todt als Ehrloß ſein/ wolte er freventlich mit einem gezucketen Meſſer den Burgergermeiſter Doctorem Ebel Siegfrieden erſtechen.,als aber jhme deßwegen der rhatſtuel verboten ward vnd ſein weib jhme in den ohren lag das er lieber ſolte todt als ehrloß ſein wolte er freventlich mit einem gezucketen meſſer den burgergermeiſter doctorem ebel siegfrieden erſtechen,als aber ihme desswegen der rhatstuel uerboten ward und sein weib ihme in den ohren lag das er lieber solte todt als ehrloss sein wolte er freuentlich mit einem gezucketen messer den burgergermeister doctorem ebel siegfrieden erstechen
micraelius_pommernland03_1639,body,131,9,True,408,Er iſt aber druͤber begriffen/ vnd auff ein Rad geleget.,er iſt aber druͤber begriffen vnd auff ein rad geleget,er ist aber druber begriffen und auff ein rad geleget
micraelius_pommernland03_1639,body,132,0,False,408,Als gemelte tewre Zeit durch ein fruchtbar Jahr in etwas erſetzet ward/ wolte ſolches einem Korn Kaͤuffer zu Damgarten/ mit Nahmen Panteliz/ welcher viele Korne an ſich gebracht hette/ das er noch auff mehr tewre Zeit an ſich hielt/ nicht gefallen.,als gemelte tewre zeit durch ein fruchtbar jahr in etwas erſetzet ward wolte ſolches einem korn kaͤuffer zu damgarten mit nahmen panteliz welcher viele korne an ſich gebracht hette das er noch auff mehr tewre zeit an ſich hielt nicht gefallen,als gemelte tewre zeit durch ein fruchtbar iahr in etwas ersetzet ward wolte solches einem korn kauffer zu damgarten mit nahmen panteliz welcher uiele korne an sich gebracht hette das er noch auff mehr tewre zeit an sich hielt nicht gefallen
micraelius_pommernland03_1639,body,132,1,True,408,Derowegen da er nunmehr ſeine Wahre ohne Schaden nicht verkaͤuffen koͤnte/ vnd hoͤrete/ wie ſein Knecht/ der auffm Pferde ſaß/ vnd ein Fuder Korn in der Erndte nebenſt ſeinem Herren hinter ſich fuͤhrete/ froͤlich war/ vnd ſein em Gott fuͤr den Segen/ da er das Jahr mit gekroͤnet hette/ mit Singen vnd Loben danckete/ konte er ſolches nicht lenger leyden/ ſchuͤrzete den Strick/ damit man den Weſe Baum vber die Korngarben binden pfleget/ vmb den Halß/ ſprang vom Wagen/ erwuͤrgete ſich ſelbſt/ vnd ward alſo/ weil der Knecht nichts davon vermercket/ in die Stadt geſchleppet/ zum mercklichen Exenpel/ das der leidige Geitz einen Menſchen ſo verblenden koͤnne/ das er weder dieſes noch jenes Leben achte/ vnd endlich gar in eine Verzweifelung durch den Neyd/ den er nebenſt andern boͤſen Affecten/ ohne anſehung ſeines vnd ſeines Nechſten beſtens im Hertzen traͤget/ gerathe.,derowegen da er nunmehr ſeine wahre ohne schaden nicht verkaͤuffen koͤnte vnd hoͤrete wie ſein knecht der auffm pferde ſaß vnd ein fuder korn in der erndte nebenſt ſeinem herren hinter ſich fuͤhrete froͤlich war vnd ſein em gott fuͤr den segen da er das jahr mit gekroͤnet hette mit singen vnd loben danckete konte er ſolches nicht lenger leyden ſchuͤrzete den strick damit man den weſe baum vber die korngarben binden pfleget vmb den halß ſprang vom wagen erwuͤrgete ſich ſelbſt vnd ward alſo weil der knecht nichts davon vermercket in die stadt geſchleppet zum mercklichen exenpel das der leidige geitz einen menſchen ſo verblenden koͤnne das er weder dieſes noch jenes leben achte vnd endlich gar in eine verzweifelung durch den neyd den er nebenſt andern boͤſen affecten ohne anſehung ſeines vnd ſeines nechſten beſtens im hertzen traͤget gerathe,derowegen da er nunmehr seine wahre ohne schaden nicht uerkauffen konte und horete wie sein knecht der auffm pferde sass und ein fuder korn in der erndte nebenst seinem herren hinter sich fuhrete frolich war und sein em gott fur den segen da er das iahr mit gekronet hette mit singen und loben danckete konte er solches nicht lenger leyden schurzete den strick damit man den wese baum uber die korngarben binden pfleget umb den halss sprang uom wagen erwurgete sich selbst und ward also weil der knecht nichts dauon uermercket in die stadt geschleppet zum mercklichen exenpel das der leidige geitz einen menschen so uerblenden konne das er weder dieses noch ienes leben achte und endlich gar in eine uerzweifelung durch den neyd den er nebenst andern bosen affecten ohne ansehung seines und seines nechsten bestens im hertzen traget gerathe
micraelius_pommernland03_1639,body,133,0,False,409,Vmb dieſe Zeit ward Hertzog Wilhelm von Gellern auff Hertzog Wartislai VII. anordnung zur Schlawe in Hinter Pommern angehalten/ weil er ohne Geleit durch das Land in Pilgrims weyſe reiſete/ vnd zu Waſſer Kriegesvolck wieder die Cron Polen dem Preuſſiſchen Orden zu guth nachfuͤhren ließ.,vmb dieſe zeit ward hertzog wilhelm von gellern auff hertzog wartislai vii anordnung zur schlawe in hinter pommern angehalten weil er ohne geleit durch das land in pilgrims weyſe reiſete vnd zu waſſer kriegesvolck wieder die cron polen dem preuſſiſchen orden zu guth nachfuͤhren ließ,umb diese zeit ward hertzog wilhelm uon gellern auff hertzog wartislai uii anordnung zur schlawe in hinter pommern angehalten weil er ohne geleit durch das land in pilgrims weyse reisete und zu wasser kriegesuolck wieder die cron polen dem preussischen orden zu guth nachfuhren liess
micraelius_pommernland03_1639,body,133,1,True,409,Als er aber verſprach/ wider die Cron Polen/ vnd das Fuͤrſtliche Hauß zu Stettin Pommern nichtes feindliches fuͤrzunehmen/ iſt er wiederumb loß gelaſſen.,als er aber verſprach wider die cron polen vnd das fuͤrſtliche hauß zu stettin pommern nichtes feindliches fuͤrzunehmen iſt er wiederumb loß gelaſſen,als er aber uersprach wider die cron polen und das furstliche hauss zu stettin pommern nichtes feindliches furzunehmen ist er wiederumb loss gelassen
micraelius_pommernland03_1639,body,134,0,False,409,Bald hernach hat Bartram Haſe das Land zu verunruhigen ſich belieben laſſen.,bald hernach hat bartram haſe das land zu verunruhigen ſich belieben laſſen,bald hernach hat bartram hase das land zu uerunruhigen sich belieben lassen
micraelius_pommernland03_1639,body,134,1,False,409,Derſelbe war einer vom Adel zum Newen Torgelow an der Vker geſeſſen/ war zwar in ſeiner Jugend zu Hofe erzogen/ hette aber zu jederzeit einen ſolchen vnhoͤfflichen Sinn bey ſich blicken laſſen/ das er alle Beſcheidenheit hind anſetzete/ vnd wens ja luſt ſein ſolte/ lieber eine Sackpfeiffe heulen/ als eine Harffen klingen hoͤrete.,derſelbe war einer vom adel zum newen torgelow an der vker geſeſſen war zwar in ſeiner jugend zu hofe erzogen hette aber zu jederzeit einen ſolchen vnhoͤfflichen sinn bey ſich blicken laſſen das er alle beſcheidenheit hind anſetzete vnd wens ja luſt ſein ſolte lieber eine sackpfeiffe heulen als eine harffen klingen hoͤrete,derselbe war einer uom adel zum newen torgelow an der uker gesessen war zwar in seiner iugend zu hofe erzogen hette aber zu iederzeit einen solchen unhofflichen sinn bey sich blicken lassen das er alle bescheidenheit hind ansetzete und wens ia lust sein solte lieber eine sackpfeiffe heulen als eine harffen klingen horete
micraelius_pommernland03_1639,body,134,2,False,409,Als er nun ſein eigen Mann geworden war/ ließ er ſichs belieben/ aus ſeinem Schloſſe an der Vker die Kaufleute/ wo er koͤnte/ zu beleidigen.,als er nun ſein eigen mann geworden war ließ er ſichs belieben aus ſeinem schloſſe an der vker die kaufleute wo er koͤnte zu beleidigen,als er nun sein eigen mann geworden war liess er sichs belieben aus seinem schlosse an der uker die kaufleute wo er konte zu beleidigen
micraelius_pommernland03_1639,body,134,3,False,409,Solches ſtand aber Hertzog Bogißlao VI. nicht zu leyden.,solches ſtand aber hertzog bogißlao vi nicht zu leyden,solches stand aber hertzog bogisslao ui nicht zu leyden
micraelius_pommernland03_1639,body,134,4,False,409,Drumb thaͤt er ſich mit Hertzog Vlrich von Mechelnburg zuſammen/ ruͤckete dem Haſen fuͤr ſeine Burgk/ vnd da ſie befunden/ das es jhnen viele Muͤhe koſten wuͤrde/ ſie zu gewinnen/ ſind ſie endlich abgezogen/ vnd haben ſich mit Haſen verſprechen genuͤgen laſſen/ das er hinfort Niemand beleidigen wolle.,drumb thaͤt er ſich mit hertzog vlrich von mechelnburg zuſammen ruͤckete dem haſen fuͤr ſeine burgk vnd da ſie befunden das es jhnen viele muͤhe koſten wuͤrde ſie zu gewinnen ſind ſie endlich abgezogen vnd haben ſich mit haſen verſprechen genuͤgen laſſen das er hinfort niemand beleidigen wolle,drumb that er sich mit hertzog ulrich uon mechelnburg zusammen ruckete dem hasen fur seine burgk und da sie befunden das es ihnen uiele muhe kosten wurde sie zu gewinnen sind sie endlich abgezogen und haben sich mit hasen uersprechen genugen lassen das er hinfort niemand beleidigen wolle
micraelius_pommernland03_1639,body,134,5,False,410,Aber es haben die Haſen nichts deſtoweniger in folgender Zeit der Kauffleute Guͤter als einen freyen Kohlgarten geachtet/ welches doch endlich nicht konte beſtand haben.,aber es haben die haſen nichts deſtoweniger in folgender zeit der kauffleute guͤter als einen freyen kohlgarten geachtet welches doch endlich nicht konte beſtand haben,aber es haben die hasen nichts destoweniger in folgender zeit der kauffleute guter als einen freyen kohlgarten geachtet welches doch endlich nicht konte bestand haben
micraelius_pommernland03_1639,body,134,6,False,410,Derowegen als Zacharias Haſe mit ſeinen Raͤubern/ etwa vmbs Jahr mcdlxx. den gantzen Rhat zu Vkermuͤnde vberfiel/ vnd jhn auff ſein Schloß zum newen Torgelow fuͤhrete/ vnnd auff vielfaͤltige Landfuͤrſtliche Befehle von ſolchem Muthwillen nicht abſtehen wolte/ ſondern viele mehr auff des Fuͤrſten Erinnerung ſchimpflich antwortete/ Er moͤchte thun/ was er wolte/ das Hauß ſtuͤnde bey dem Katen/ damit anzuzeigen/ des Hertzogen Hauß zu Vkermuͤnde were gegen ſein Hauß geringe/ vnd als ein Katen/ zu achten/ vnd das er jhn nicht leicht bezwingen ſolte/ hat endlich Wartislaus das Land vnd Stadtvolck auffgefordert/ vnd druͤber Claus Fuchſen zum Obriſten verordnet.,derowegen als zacharias haſe mit ſeinen raͤubern etwa vmbs jahr mcdlxx den gantzen rhat zu vkermuͤnde vberfiel vnd jhn auff ſein schloß zum newen torgelow fuͤhrete vnnd auff vielfaͤltige landfuͤrſtliche befehle von ſolchem muthwillen nicht abſtehen wolte ſondern viele mehr auff des fuͤrſten erinnerung ſchimpflich antwortete er moͤchte thun was er wolte das hauß ſtuͤnde bey dem katen damit anzuzeigen des hertzogen hauß zu vkermuͤnde were gegen ſein hauß geringe vnd als ein katen zu achten vnd das er jhn nicht leicht bezwingen ſolte hat endlich wartislaus das land vnd stadtvolck auffgefordert vnd druͤber claus fuchſen zum obriſten verordnet,derowegen als zacharias hase mit seinen raubern etwa umbs iahr mcdlxx den gantzen rhat zu ukermunde uberfiel und ihn auff sein schloss zum newen torgelow fuhrete unnd auff uielfaltige landfurstliche befehle uon solchem muthwillen nicht abstehen wolte sondern uiele mehr auff des fursten erinnerung schimpflich antwortete er mochte thun was er wolte das hauss stunde bey dem katen damit anzuzeigen des hertzogen hauss zu ukermunde were gegen sein hauss geringe und als ein katen zu achten und das er ihn nicht leicht bezwingen solte hat endlich wartislaus das land und stadtuolck auffgefordert und druber claus fuchsen zum obristen uerordnet
micraelius_pommernland03_1639,body,134,7,True,410,Alſo zog der Fuchs wieder den Haſen zu Felde/ vnd ruckete jhm fuͤr ſein Schloß/ davon ſind noch die alten Reime bekand.,alſo zog der fuchs wieder den haſen zu felde vnd ruckete jhm fuͤr ſein schloß davon ſind noch die alten reime bekand,also zog der fuchs wieder den hasen zu felde und ruckete ihm fur sein schloss dauon sind noch die alten reime bekand
micraelius_pommernland03_1639,body,135,0,False,410,Haſe. Ach Jck arme Haſe,haſe ach jck arme haſe,hase ach ick arme hase
micraelius_pommernland03_1639,body,135,1,False,410,Ligge hier im Graſe:,ligge hier im graſe,ligge hier im grase
micraelius_pommernland03_1639,body,135,2,False,410,Kame Jck averſt heruth/,kame jck averſt heruth,kame ick auerst heruth
micraelius_pommernland03_1639,body,135,3,True,410,Voß/ ſo hoͤde dyne Huth.,voß ſo hoͤde dyne huth,uoss so hode dyne huth
micraelius_pommernland03_1639,body,136,0,False,410,Fuchs. Ey Lampe/ du biſt dort.,fuchs ey lampe du biſt dort,fuchs ey lampe du bist dort
micraelius_pommernland03_1639,body,136,1,False,410,Heſtu ock gehort/,heſtu ock gehort,hestu ock gehort
micraelius_pommernland03_1639,body,136,2,False,410,Einen Haſen ſo wreth/,einen haſen ſo wreth,einen hasen so wreth
micraelius_pommernland03_1639,body,136,3,True,410,Dat he einen Vos thoreth.,dat he einen vos thoreth,dat he einen uos thoreth
micraelius_pommernland03_1639,body,137,0,False,411,Das Schloß ward geſtuͤrmet/ eroͤbert/ gepluͤndert/ geſchleiffet; Aber der Haſe entran/ vnd kam davon.,das schloß ward geſtuͤrmet eroͤbert gepluͤndert geſchleiffet aber der haſe entran vnd kam davon,das schloss ward gesturmet erobert geplundert geschleiffet aber der hase entran und kam dauon
micraelius_pommernland03_1639,body,137,1,False,411,Doch warden jhme alle ſeine Guͤter eingezogen/ vnd er des Landes verfeſtet.,doch warden jhme alle ſeine guͤter eingezogen vnd er des landes verfeſtet,doch warden ihme alle seine guter eingezogen und er des landes uerfestet
micraelius_pommernland03_1639,body,137,2,True,411,Kurtz hernach muſte Hertzog Suantibor von Stettin eine ebenmeſſige Geſtrengigkeit wieder Wedige Panſyn vnd Herman Gryben gebrauchen/ die auch aus jhrem Schloß Dargersdorff dem Reyſenden Manne groſſen Schaden zufuͤgeten/ aber der Hertzog legete ſich dafuͤr/ vnd zwang ſie zum Gehorſam.,kurtz hernach muſte hertzog suantibor von stettin eine ebenmeſſige geſtrengigkeit wieder wedige panſyn vnd herman gryben gebrauchen die auch aus jhrem schloß dargersdorff dem reyſenden manne groſſen schaden zufuͤgeten aber der hertzog legete ſich dafuͤr vnd zwang ſie zum gehorſam,kurtz hernach muste hertzog suantibor uon stettin eine ebenmessige gestrengigkeit wieder wedige pansyn und herman gryben gebrauchen die auch aus ihrem schloss dargersdorff dem reysenden manne grossen schaden zufugeten aber der hertzog legete sich dafur und zwang sie zum gehorsam
micraelius_pommernland03_1639,body,138,0,False,411,Jm Jahr mcccxcix. als Bogißlaus VI. auff dem Darz den Hafen auffs newe zu reinigen angefangen/ vnd nicht allein die Burgk oder das Schloß daſelbſt mit newen Wercken befeſtiget/ ſondern auch eine newe Stadt/ zum Arnshope genant/ angeleget hette/ meineten die Roſtocker/ ſolchs geſchehe jhnen/ vnd den anderen Seeſtaͤdten zum Nachtheil/ vnd fielen mit tauſend Mann der jhrigen aus der Stadt/ vnd zerbrachen alles/ was gebawet war/ in den grund.,jm jahr mcccxcix als bogißlaus vi auff dem darz den hafen auffs newe zu reinigen angefangen vnd nicht allein die burgk oder das schloß daſelbſt mit newen wercken befeſtiget ſondern auch eine newe stadt zum arnshope genant angeleget hette meineten die roſtocker ſolchs geſchehe jhnen vnd den anderen seeſtaͤdten zum nachtheil vnd fielen mit tauſend mann der jhrigen aus der stadt vnd zerbrachen alles was gebawet war in den grund,im iahr mcccxcix als bogisslaus ui auff dem darz den hafen auffs newe zu reinigen angefangen und nicht allein die burgk oder das schloss daselbst mit newen wercken befestiget sondern auch eine newe stadt zum arnshope genant angeleget hette meineten die rostocker solchs geschehe ihnen und den anderen seestadten zum nachtheil und fielen mit tausend mann der ihrigen aus der stadt und zerbrachen alles was gebawet war in den grund
micraelius_pommernland03_1639,body,138,1,False,411,Vnd weil H. Bogislaff bald darauff mit Todt abgieng/ iſt es dabey geblieben.,vnd weil h bogislaff bald darauff mit todt abgieng iſt es dabey geblieben,und weil h bogislaff bald darauff mit todt abgieng ist es dabey geblieben
micraelius_pommernland03_1639,body,138,2,True,411,Reimarus Kock in ſeinem Luͤbiſchen Chronico vermeldet/ das dieſer Zug wider den Hafen auffm Darz der dritte ſey geweſen/ vnd das es nach dieſem dabey verblieben ſey.,reimarus kock in ſeinem luͤbiſchen chronico vermeldet das dieſer zug wider den hafen auffm darz der dritte ſey geweſen vnd das es nach dieſem dabey verblieben ſey,reimarus kock in seinem lubischen chronico uermeldet das dieser zug wider den hafen auffm darz der dritte sey gewesen und das es nach diesem dabey uerblieben sey
micraelius_pommernland03_1639,body,139,0,False,411,Vmb ſolche Zeit war vberall in den Seeſtaͤdten viele zuthun.,vmb ſolche zeit war vberall in den seeſtaͤdten viele zuthun,umb solche zeit war uberall in den seestadten uiele zuthun
micraelius_pommernland03_1639,body,139,1,False,411,Hertzog Albrecht aus Mechelenburg war von den Schweden zum Koͤnige erhaben/ weil ſeine Mutter eines Koͤniges Tochter war: Derſelbe war in einer Feldſchlacht/ die er den Daͤhnen im mcccxxcix. lieferte/ vnd darin er vnterlag nebenſt ſeinem Sohn Erico/ vnd Hertzog Johan von Stargard vnd vielen andern Gefangen/ vnd da er in ſolcher Gefaͤngnus bey ſieben Jahren gehalten ward/ fielen die meiſten Staͤnde in Schweden auff der Koͤnigin in Dennemarck Margareta ſeite/ vnd bekuͤmmerten ſich gar nicht/ das jhre Koͤnig/ fuͤr den ſie/ als einen Teutſchen/ einen Eckel hetten/ in hafft gehalten ward.,hertzog albrecht aus mechelenburg war von den schweden zum koͤnige erhaben weil ſeine mutter eines koͤniges tochter war derſelbe war in einer feldſchlacht die er den daͤhnen im mcccxxcix lieferte vnd darin er vnterlag nebenſt ſeinem sohn erico vnd hertzog johan von stargard vnd vielen andern gefangen vnd da er in ſolcher gefaͤngnus bey ſieben jahren gehalten ward fielen die meiſten staͤnde in schweden auff der koͤnigin in dennemarck margareta ſeite vnd bekuͤmmerten ſich gar nicht das jhre koͤnig fuͤr den ſie als einen teutſchen einen eckel hetten in hafft gehalten ward,hertzog albrecht aus mechelenburg war uon den schweden zum konige erhaben weil seine mutter eines koniges tochter war derselbe war in einer feldschlacht die er den dahnen im mcccxxcix lieferte und darin er unterlag nebenst seinem sohn erico und hertzog iohan uon stargard und uielen andern gefangen und da er in solcher gefangnus bey sieben iahren gehalten ward fielen die meisten stande in schweden auff der konigin in dennemarck margareta seite und bekummerten sich gar nicht das ihre konig fur den sie als einen teutschen einen eckel hetten in hafft gehalten ward
micraelius_pommernland03_1639,body,139,2,False,412,Hertzog Johan von Stargard aber ward zeitig loß gelaſſen/ vnd ruͤſtete ſich auffsnewe/ ſeinem gefangenen Vetter/ dem Koͤnige von Schweden/ einen Dienſt zuthun/ vnd die Stadt Stockholm/ die faſt allein beym Koͤnige noch hielt/ vnd deßhalben belagert war/ zuerfreyen.,hertzog johan von stargard aber ward zeitig loß gelaſſen vnd ruͤſtete ſich auffsnewe ſeinem gefangenen vetter dem koͤnige von schweden einen dienſt zuthun vnd die stadt stockholm die faſt allein beym koͤnige noch hielt vnd deßhalben belagert war zuerfreyen,hertzog iohan uon stargard aber ward zeitig loss gelassen und rustete sich auffsnewe seinem gefangenen uetter dem konige uon schweden einen dienst zuthun und die stadt stockholm die fast allein beym konige noch hielt und desshalben belagert war zuerfreyen
micraelius_pommernland03_1639,body,139,3,False,412,Sprach derowegen die Roſtocker vñ Wißmarer auff/ ſetzete ſich mit jhnen zu Schiffe/ ſtreiffete auff Bornholm vnd Gottland/ trieb die Daͤhnen von der Stockholmiſchen Belagerung ab/ vnd erhielt dadurch einen Stillſtand der Waffen.,sprach derowegen die roſtocker vñ wißmarer auff ſetzete ſich mit jhnen zu schiffe ſtreiffete auff bornholm vnd gottland trieb die daͤhnen von der stockholmiſchen belagerung ab vnd erhielt dadurch einen stillſtand der waffen,sprach derowegen die rostocker und wissmarer auff setzete sich mit ihnen zu schiffe streiffete auff bornholm und gottland trieb die dahnen uon der stockholmischen belagerung ab und erhielt dadurch einen stillstand der waffen
micraelius_pommernland03_1639,body,139,4,False,412,Mittlerweile lieſſen die von Roſtock vnd Wißmar mit vorwiſſen des Landsfuͤrſten außrufen/ ſo jemand were/ der auff freye Beute vnd ſeine eigene Vnkoſt vnd Ebentheur wolte auffs Reich Dennemarck vnd Norwegen rauben/ das derſelbe ſich ſolte angeben/ vnd freye Macht haben den Raub zu Ribbenitz vnd Golvitz zuverkauffen.,mittlerweile lieſſen die von roſtock vnd wißmar mit vorwiſſen des landsfuͤrſten außrufen ſo jemand were der auff freye beute vnd ſeine eigene vnkoſt vnd ebentheur wolte auffs reich dennemarck vnd norwegen rauben das derſelbe ſich ſolte angeben vnd freye macht haben den raub zu ribbenitz vnd golvitz zuverkauffen,mittlerweile liessen die uon rostock und wissmar mit uorwissen des landsfursten aussrufen so iemand were der auff freye beute und seine eigene unkost und ebentheur wolte auffs reich dennemarck und norwegen rauben das derselbe sich solte angeben und freye macht haben den raub zu ribbenitz und goluitz zuuerkauffen
micraelius_pommernland03_1639,body,139,5,False,412,Darauff lieff viel loſes Geſindlein zuſammen aus allen Orten/ lieſſen ſich Vitallien Broͤders nennen/ vergaſſen aber bald jhrer Beſtallunge/ vnd waren jhnen alle Feinde/ die ſie in der See antraffen.,darauff lieff viel loſes geſindlein zuſammen aus allen orten lieſſen ſich vitallien broͤders nennen vergaſſen aber bald jhrer beſtallunge vnd waren jhnen alle feinde die ſie in der see antraffen,darauff lieff uiel loses gesindlein zusammen aus allen orten liessen sich uitallien broders nennen uergassen aber bald ihrer bestallunge und waren ihnen alle feinde die sie in der see antraffen
micraelius_pommernland03_1639,body,139,6,False,412,Denn es waren ſolche Leute/ die ſonſt nicht guth thun wolten/ vnd zu keiner Arbeit ſich verſtuͤnden.,denn es waren ſolche leute die ſonſt nicht guth thun wolten vnd zu keiner arbeit ſich verſtuͤnden,denn es waren solche leute die sonst nicht guth thun wolten und zu keiner arbeit sich uerstunden
micraelius_pommernland03_1639,body,139,7,True,412,Drumb da man jhnen die Hand loß ließ/ wolten ſie alsfort reich werden/ vnd wie man ſie vnd dergleichen Geſellen ſonſten kaum mit Geſetzen vnd harten beſtraffungen im Zaum halten kan/ alſo war nun/ nach deme jhnen der Zuͤgel etwas lang gelaſſen war/ gar kein reſpect einiges Menſchen bey jhnen mehr verhanden.,drumb da man jhnen die hand loß ließ wolten ſie alsfort reich werden vnd wie man ſie vnd dergleichen geſellen ſonſten kaum mit geſetzen vnd harten beſtraffungen im zaum halten kan alſo war nun nach deme jhnen der zuͤgel etwas lang gelaſſen war gar kein reſpect einiges menſchen bey jhnen mehr verhanden,drumb da man ihnen die hand loss liess wolten sie alsfort reich werden und wie man sie und dergleichen gesellen sonsten kaum mit gesetzen und harten bestraffungen im zaum halten kan also war nun nach deme ihnen der zugel etwas lang gelassen war gar kein respect einiges menschen bey ihnen mehr uerhanden
micraelius_pommernland03_1639,body,140,0,False,413,Sie griffen im mcccxcj. Jahr (Thomas Kanz ſetzt vier Jahr hernach) ein groß Sundiſch Schiff an/ vñ ob wol die Sundiſchen mit der Daͤhniſchen Fehde nichtes zuthun hetten/ ſo hetten dennoch die Vitallien Bruͤder luſt zu jhren Guͤtern.,sie griffen im mcccxcj jahr thomas kanz ſetzt vier jahr hernach ein groß sundiſch schiff an vñ ob wol die sundiſchen mit der daͤhniſchen fehde nichtes zuthun hetten ſo hetten dennoch die vitallien bruͤder luſt zu jhren guͤtern,sie griffen im mcccxci iahr thomas kanz setzt uier iahr hernach ein gross sundisch schiff an und ob wol die sundischen mit der dahnischen fehde nichtes zuthun hetten so hetten dennoch die uitallien bruder lust zu ihren gutern
micraelius_pommernland03_1639,body,140,1,False,413,Aber die Sundiſchen wehreten ſich/ wuͤrden jhre Vbermann/ vnd bekamen jhrer mehr den hundert gefangen.,aber die sundiſchen wehreten ſich wuͤrden jhre vbermann vnd bekamen jhrer mehr den hundert gefangen,aber die sundischen wehreten sich wurden ihre ubermann und bekamen ihrer mehr den hundert gefangen
micraelius_pommernland03_1639,body,140,2,False,413,Vnd da ſie nun nicht genug Stoͤcke vnd Helden hetten/ die See Raͤuber drinnen zuverwahren/ haben ſie dieſelbige mit jhrer eigenen Jnvention beſtrafet/ etlichen Tonnen den Boden außgeſchlagen/ durch den andern Boden ein Loch gemachet/ ſie dadurch den Kopff ſtecken laſſen/ vnd die Tonne vber ſie geſtuͤlpet/ vnd drauff ſie wider zugeſchlagen/ vnd die Vitallien Bruͤder alſo auff einen haufen/ wie man die Heringsvnd andere Tonnen pfleget/ zuſammen geſtapelt/ vnd ſie alſo nach Stralſund gefuͤhret/ vnd ſie eine Spanne lang kuͤrtzer gemachet.,vnd da ſie nun nicht genug stoͤcke vnd helden hetten die see raͤuber drinnen zuverwahren haben ſie dieſelbige mit jhrer eigenen jnvention beſtrafet etlichen tonnen den boden außgeſchlagen durch den andern boden ein loch gemachet ſie dadurch den kopff ſtecken laſſen vnd die tonne vber ſie geſtuͤlpet vnd drauff ſie wider zugeſchlagen vnd die vitallien bruͤder alſo auff einen haufen wie man die heringsvnd andere tonnen pfleget zuſammen geſtapelt vnd ſie alſo nach stralſund gefuͤhret vnd ſie eine spanne lang kuͤrtzer gemachet,und da sie nun nicht genug stocke und helden hetten die see rauber drinnen zuuerwahren haben sie dieselbige mit ihrer eigenen inuention bestrafet etlichen tonnen den boden aussgeschlagen durch den andern boden ein loch gemachet sie dadurch den kopff stecken lassen und die tonne uber sie gestulpet und drauff sie wider zugeschlagen und die uitallien bruder also auff einen haufen wie man die heringsund andere tonnen pfleget zusammen gestapelt und sie also nach stralsund gefuhret und sie eine spanne lang kurtzer gemachet
micraelius_pommernland03_1639,body,140,3,True,413,Solch eine verdrießliche Art von Gefaͤngnuſſen haben die Landsfuͤrſten vor hundert Jahren/ da ſie die Feld Cloͤſter einzogen/ in etlichen Cloͤſtern gefunden/ vnd ſie auffs newe zu beſtraffunge der Vbelthaͤter an den Hoͤfen zugebrauchen angefangen: Vnd man ſiehet drinnen Loͤcher gegen einander gemachet/ dadurch den Gefangenen zwiſchen den Beinen ein Holtz geſtecket/ vnd alsdann außwendig ein Schloß dafuͤr geleget wird.,solch eine verdrießliche art von gefaͤngnuſſen haben die landsfuͤrſten vor hundert jahren da ſie die feld cloͤſter einzogen in etlichen cloͤſtern gefunden vnd ſie auffs newe zu beſtraffunge der vbelthaͤter an den hoͤfen zugebrauchen angefangen vnd man ſiehet drinnen loͤcher gegen einander gemachet dadurch den gefangenen zwiſchen den beinen ein holtz geſtecket vnd alsdann außwendig ein schloß dafuͤr geleget wird,solch eine uerdriessliche art uon gefangnussen haben die landsfursten uor hundert iahren da sie die feld closter einzogen in etlichen clostern gefunden und sie auffs newe zu bestraffunge der ubelthater an den hofen zugebrauchen angefangen und man siehet drinnen locher gegen einander gemachet dadurch den gefangenen zwischen den beinen ein holtz gestecket und alsdann ausswendig ein schloss dafur geleget wird
micraelius_pommernland03_1639,body,141,0,False,414,Sonſten melden die Cronicken/ das beſagte Vitallien Bruͤder nicht allein die See alſo vnſicher gemachet/ das die Schoͤniſche Handlunge woll drey Jahr gelegen/ ſondern das ſie auch den drey Koͤnigreichen/ Schweden/ Dennemarck vnd Norwegen einen groſſen Schaden mit Brand/ Morden vnd Rauben zugefuͤget/ als ſie jemaln moͤgen gelitten haben.,sonſten melden die cronicken das beſagte vitallien bruͤder nicht allein die see alſo vnſicher gemachet das die schoͤniſche handlunge woll drey jahr gelegen ſondern das ſie auch den drey koͤnigreichen schweden dennemarck vnd norwegen einen groſſen schaden mit brand morden vnd rauben zugefuͤget als ſie jemaln moͤgen gelitten haben,sonsten melden die cronicken das besagte uitallien bruder nicht allein die see also unsicher gemachet das die schonische handlunge woll drey iahr gelegen sondern das sie auch den drey konigreichen schweden dennemarck und norwegen einen grossen schaden mit brand morden und rauben zugefuget als sie iemaln mogen gelitten haben
micraelius_pommernland03_1639,body,141,1,False,414,Die Sundiſchen aber/ wie auch die andere Staͤdte/ haben nicht auffgehoͤret/ bald hie/ bald dort/ jhnen ein Schiff abzuzwacken/ vnd ſie mit verdieneter Straffe zubelegen: Aber das Vnkraut hat ſo leicht nicht koͤnnen außgerottet werden/ vnd funden ſich auch viele vom Adel drunter/ die zur gleichen Straffe gezogen wuͤrden/ wenn man ſie ertappete.,die sundiſchen aber wie auch die andere staͤdte haben nicht auffgehoͤret bald hie bald dort jhnen ein schiff abzuzwacken vnd ſie mit verdieneter straffe zubelegen aber das vnkraut hat ſo leicht nicht koͤnnen außgerottet werden vnd funden ſich auch viele vom adel drunter die zur gleichen straffe gezogen wuͤrden wenn man ſie ertappete,die sundischen aber wie auch die andere stadte haben nicht auffgehoret bald hie bald dort ihnen ein schiff abzuzwacken und sie mit uerdieneter straffe zubelegen aber das unkraut hat so leicht nicht konnen aussgerottet werden und funden sich auch uiele uom adel drunter die zur gleichen straffe gezogen wurden wenn man sie ertappete
micraelius_pommernland03_1639,body,141,2,False,414,Vnd ob wol ſolches jhre Vettern in Mechelenburg/ vnd im Prignitzer vnd Wendiſchen Lande ſehr verdroß/ vnd deßwegen einmahl vnter Claus Mollin vnd einem Molteken/ als jhren Hauptleuten/ in Pommern einen Einfall thaten/ vnd es auch/ doch vergebens/ an Gutzkow verſucheten/ eben wie die Roſtocker/ wie geſagt/ den Darz vnd das Schloß/ vnd die newe Stadt Arnshope anfielen/ ſo hat dennoch der See Raͤuber Sache niemand guth machen koͤnnen.,vnd ob wol ſolches jhre vettern in mechelenburg vnd im prignitzer vnd wendiſchen lande ſehr verdroß vnd deßwegen einmahl vnter claus mollin vnd einem molteken als jhren hauptleuten in pommern einen einfall thaten vnd es auch doch vergebens an gutzkow verſucheten eben wie die roſtocker wie geſagt den darz vnd das schloß vnd die newe stadt arnshope anfielen ſo hat dennoch der see raͤuber sache niemand guth machen koͤnnen,und ob wol solches ihre uettern in mechelenburg und im prignitzer und wendischen lande sehr uerdross und desswegen einmahl unter claus mollin und einem molteken als ihren hauptleuten in pommern einen einfall thaten und es auch doch uergebens an gutzkow uersucheten eben wie die rostocker wie gesagt den darz und das schloss und die newe stadt arnshope anfielen so hat dennoch der see rauber sache niemand guth machen konnen
micraelius_pommernland03_1639,body,141,3,True,414,Der gefangene Koͤnig Albrecht wird auff vnterhandlung der Seeſtaͤdte loß/ der Krieg gewinnet ein Loch/ aber die Vitallien Bruͤder hetten einmahl geſchmecket/ wie ſuͤß das geraͤubete Brodt ſey/ drumb fuhren ſie nichts deſtoweniger fort Beute zumachen/ vnd hielten ſich auff biß in den gefaͤhrlichen Krieg/ den Koͤnig Erich mit den Seeſtaͤdten vnd Schleßwicken fuͤhrete da ſie im mcdxxvij. Jahr vnter Barthomæus Voeth von Wismar jhrem Hauptman acht hundert Mann/ die ſich nun nicht mehr Vitallien Bruͤder/ ſondern Linckendeler nenneten/ wider die Daͤhnen auffuͤhreten.,der gefangene koͤnig albrecht wird auff vnterhandlung der seeſtaͤdte loß der krieg gewinnet ein loch aber die vitallien bruͤder hetten einmahl geſchmecket wie ſuͤß das geraͤubete brodt ſey drumb fuhren ſie nichts deſtoweniger fort beute zumachen vnd hielten ſich auff biß in den gefaͤhrlichen krieg den koͤnig erich mit den seeſtaͤdten vnd schleßwicken fuͤhrete da ſie im mcdxxvij jahr vnter barthomæus voeth von wismar jhrem hauptman acht hundert mann die ſich nun nicht mehr vitallien bruͤder ſondern linckendeler nenneten wider die daͤhnen auffuͤhreten,der gefangene konig albrecht wird auff unterhandlung der seestadte loss der krieg gewinnet ein loch aber die uitallien bruder hetten einmahl geschmecket wie suss das geraubete brodt sey drumb fuhren sie nichts destoweniger fort beute zumachen und hielten sich auff biss in den gefahrlichen krieg den konig erich mit den seestadten und schlesswicken fuhrete da sie im mcdxxuii iahr unter barthomaeus uoeth uon wismar ihrem hauptman acht hundert mann die sich nun nicht mehr uitallien bruder sondern linckendeler nenneten wider die dahnen auffuhreten
micraelius_pommernland03_1639,body,142,0,False,415,Jm mcdij. Jahr ward erſtlich Claus Stoͤrtebecker mit lxx. See Raͤubern/ hernach Godecke Micheel mit lxxx. ſeiner Geſellen nebenſt vieler reichen Beute von den Hamburgiſchen Schiffen nach einem blutigen Treffen/ gefangen/ vnd nach Hamburg gefuͤhret.,jm mcdij jahr ward erſtlich claus stoͤrtebecker mit lxx see raͤubern hernach godecke micheel mit lxxx ſeiner geſellen nebenſt vieler reichen beute von den hamburgiſchen schiffen nach einem blutigen treffen gefangen vnd nach hamburg gefuͤhret,im mcdii iahr ward erstlich claus stortebecker mit lxx see raubern hernach godecke micheel mit lxxx seiner gesellen nebenst uieler reichen beute uon den hamburgischen schiffen nach einem blutigen treffen gefangen und nach hamburg gefuhret
micraelius_pommernland03_1639,body,142,1,False,415,Gemelte beyde See Raͤuber/ die lange zeit die See verleget/ vnd vnſicher gemachet hetten/ ſollen Bawrenkinder vnd aus dem Barthiſchen vnd Rugianiſchen Orte buͤrtig geweſen ſeyn.,gemelte beyde see raͤuber die lange zeit die see verleget vnd vnſicher gemachet hetten ſollen bawrenkinder vnd aus dem barthiſchen vnd rugianiſchen orte buͤrtig geweſen ſeyn,gemelte beyde see rauber die lange zeit die see uerleget und unsicher gemachet hetten sollen bawrenkinder und aus dem barthischen und rugianischen orte burtig gewesen seyn
micraelius_pommernland03_1639,body,142,2,True,415,Sie ſind aber mit alle jhren Geſellen gekoͤpffet/ vnd haben jhnen endlich die Gebeine eines heiligen Martyrers/ die ſie am Spaniſchen Vfer einmahl gemauſet hetten/ vnd auff dero Schutz ſie ſich gar zu feſte verlieſſen/ nicht helffen wollen.,sie ſind aber mit alle jhren geſellen gekoͤpffet vnd haben jhnen endlich die gebeine eines heiligen martyrers die ſie am spaniſchen vfer einmahl gemauſet hetten vnd auff dero schutz ſie ſich gar zu feſte verlieſſen nicht helffen wollen,sie sind aber mit alle ihren gesellen gekopffet und haben ihnen endlich die gebeine eines heiligen martyrers die sie am spanischen ufer einmahl gemauset hetten und auff dero schutz sie sich gar zu feste uerliessen nicht helffen wollen
micraelius_pommernland03_1639,body,143,0,False,415,Fuͤnff Jahr hernach brandte Demmin vber die helffte aus/ vnd zwar wie man einhellig vorgiebet/ durch einen gottloſen Fluch einer Frawen.,fuͤnff jahr hernach brandte demmin vber die helffte aus vnd zwar wie man einhellig vorgiebet durch einen gottloſen fluch einer frawen,funff iahr hernach brandte demmin uber die helffte aus und zwar wie man einhellig uorgiebet durch einen gottlosen fluch einer frawen
micraelius_pommernland03_1639,body,143,1,True,415,Dann da dieſelbe jhre Magd/ ſo erſtlich zur Meſſe gehen/ vnd hernach Fewr machen wollen/ in cm. Teuffel nahmen/ (GOtt behuͤte einen jeden frommen Chriſten) das Fewr zu machen befohlen/ iſt das Fewr ſo hefftig angegangen/ das mans keines weges hat leſchen koͤnnen/ biß die halbe Stadt drauff gegangen iſt.,dann da dieſelbe jhre magd ſo erſtlich zur meſſe gehen vnd hernach fewr machen wollen in cm teuffel nahmen gott behuͤte einen jeden frommen chriſten das fewr zu machen befohlen iſt das fewr ſo hefftig angegangen das mans keines weges hat leſchen koͤnnen biß die halbe stadt drauff gegangen iſt,dann da dieselbe ihre magd so erstlich zur messe gehen und hernach fewr machen wollen in cm teuffel nahmen gott behute einen ieden frommen christen das fewr zu machen befohlen ist das fewr so hefftig angegangen das mans keines weges hat leschen konnen biss die halbe stadt drauff gegangen ist
micraelius_pommernland03_1639,body,144,0,False,415,Jm ſelben Jahr iſt abermahl zum Sunde eine groſſe Vnruhe aus dieſer Vrſache entſtanden.,jm ſelben jahr iſt abermahl zum sunde eine groſſe vnruhe aus dieſer vrſache entſtanden,im selben iahr ist abermahl zum sunde eine grosse unruhe aus dieser ursache entstanden
micraelius_pommernland03_1639,body,144,1,False,415,Es hette der Rhat Ordnungen gemachet/ wie man die Vnkoſten/ ſo auff Begraͤbnuſſen faſt ohne Zahl giengen/ einziehen ſolte/ vnd hette newe kupferne Pfennige/ die wol dreymahl geringer/ als die Alten waren/ pregen laſſen.,es hette der rhat ordnungen gemachet wie man die vnkoſten ſo auff begraͤbnuſſen faſt ohne zahl giengen einziehen ſolte vnd hette newe kupferne pfennige die wol dreymahl geringer als die alten waren pregen laſſen,es hette der rhat ordnungen gemachet wie man die unkosten so auff begrabnussen fast ohne zahl giengen einziehen solte und hette newe kupferne pfennige die wol dreymahl geringer als die alten waren pregen lassen
micraelius_pommernland03_1639,body,144,2,False,416,Als nun ſolche auff den Altar zum Opfer heuffig kamen/ wolte der obriſte Pfarherꝛ/ ſo Adeliches Gebluͤtes/ vnd ein Licentiatus war/ mit Nahmen Curt Bonow/ vnd ſeine Capellaͤne/ dieſelbe nicht annehmen/ vnd beklageten ſich wegen ſchmelerung jhrer Gerechtigkeit bey dem Rhate: Als jhnen geantwortet ward/ das es ja in eines jeden freyen gefallen ſtuͤnde/ was vnd wie viele er geben wolte/ vnd das ſonſt die Buͤrgerſchafft mit vberhaͤuffung vieler newen Opfer beſchweret wuͤrde/ ward der Zanck je laͤnger je hefftiger.,als nun ſolche auff den altar zum opfer heuffig kamen wolte der obriſte pfarherꝛ ſo adeliches gebluͤtes vnd ein licentiatus war mit nahmen curt bonow vnd ſeine capellaͤne dieſelbe nicht annehmen vnd beklageten ſich wegen ſchmelerung jhrer gerechtigkeit bey dem rhate als jhnen geantwortet ward das es ja in eines jeden freyen gefallen ſtuͤnde was vnd wie viele er geben wolte vnd das ſonſt die buͤrgerſchafft mit vberhaͤuffung vieler newen opfer beſchweret wuͤrde ward der zanck je laͤnger je hefftiger,als nun solche auff den altar zum opfer heuffig kamen wolte der obriste pfarher so adeliches geblutes und ein licentiatus war mit nahmen curt bonow und seine capellane dieselbe nicht annehmen und beklageten sich wegen schmelerung ihrer gerechtigkeit bey dem rhate als ihnen geantwortet ward das es ia in eines ieden freyen gefallen stunde was und wie uiele er geben wolte und das sonst die burgerschafft mit uberhauffung uieler newen opfer beschweret wurde ward der zanck ie langer ie hefftiger
micraelius_pommernland03_1639,body,144,3,False,416,Der Pfarꝛherꝛ/ der ſonſt mehr Soldatiſch als Prieſteriſch war/ wie Cranzius faget/ begab ſich hinweg zu ſeinen Freunden/ die in vnd vmb Ruͤgen wohneten/ entſagte der Stadt/ kamb mit ccc. Pferden heran/ verheerete vnd verbrandte alle vmbliegende Hoͤfe vnd Doͤrffer/ vnd fuͤhrete weg/ was er ertappen koͤnte/ lies auch etlichen Traͤgern/ die er antraff/ Haͤnde vnd Fuͤſſe abhawen/ vnd vergaß aller Chriſtlichen gebuͤhr/ ich geſchweige Prieſterlichen Sanfftmuth.,der pfarꝛherꝛ der ſonſt mehr soldatiſch als prieſteriſch war wie cranzius faget begab ſich hinweg zu ſeinen freunden die in vnd vmb ruͤgen wohneten entſagte der stadt kamb mit ccc pferden heran verheerete vnd verbrandte alle vmbliegende hoͤfe vnd doͤrffer vnd fuͤhrete weg was er ertappen koͤnte lies auch etlichen traͤgern die er antraff haͤnde vnd fuͤſſe abhawen vnd vergaß aller chriſtlichen gebuͤhr ich geſchweige prieſterlichen sanfftmuth,der pfarher der sonst mehr soldatisch als priesterisch war wie cranzius faget begab sich hinweg zu seinen freunden die in und umb rugen wohneten entsagte der stadt kamb mit ccc pferden heran uerheerete und uerbrandte alle umbliegende hofe und dorffer und fuhrete weg was er ertappen konte lies auch etlichen tragern die er antraff hande und fusse abhawen und uergass aller christlichen gebuhr ich geschweige priesterlichen sanfftmuth
micraelius_pommernland03_1639,body,144,4,False,416,Als er nun ſeinen Muthwillen auffs graͤwligſte veruͤbet hette/ ſtieg er von ſeinem Pferde/ vnd der Pfarꝛherꝛ vnd Licentiat tantzete denen vom Strallſunde zur Bravade vnd zum Schimpfe in vollem Kuͤriß daher.,als er nun ſeinen muthwillen auffs graͤwligſte veruͤbet hette ſtieg er von ſeinem pferde vnd der pfarꝛherꝛ vnd licentiat tantzete denen vom strallſunde zur bravade vnd zum schimpfe in vollem kuͤriß daher,als er nun seinen muthwillen auffs grawligste uerubet hette stieg er uon seinem pferde und der pfarher und licentiat tantzete denen uom strallsunde zur brauade und zum schimpfe in uollem kuriss daher
micraelius_pommernland03_1639,body,144,5,False,416,Dieſe Thaͤtligkeit des Pfarherren bewegete die Gemeine der Stadt dermaſſen/ das ſie die gantze Cleriſey bey c. Perſohnen in ein Hauß gefaͤnglich einzog/ vnd daſſelbe mit jhnen verbrennen wolte.,dieſe thaͤtligkeit des pfarherren bewegete die gemeine der stadt dermaſſen das ſie die gantze cleriſey bey c perſohnen in ein hauß gefaͤnglich einzog vnd daſſelbe mit jhnen verbrennen wolte,diese thatligkeit des pfarherren bewegete die gemeine der stadt dermassen das sie die gantze clerisey bey c persohnen in ein hauss gefanglich einzog und dasselbe mit ihnen uerbrennen wolte
micraelius_pommernland03_1639,body,144,6,False,417,Doch iſt ſolches noch durch die Fuͤrnembſten in der Stadt mit groſſer Muͤhe verhindert worden.,doch iſt ſolches noch durch die fuͤrnembſten in der stadt mit groſſer muͤhe verhindert worden,doch ist solches noch durch die furnembsten in der stadt mit grosser muhe uerhindert worden
micraelius_pommernland03_1639,body,144,7,False,417,Jedoch weil der Paſtor zu S. Jacob Johan von Colve/ der auch zugleich des Biſchofes von Schwerin Official war/ ſolte geſaget haben/ als die Doͤrffer von Curt Bonawen angezuͤndet brenneten/ das ſolches jhre Seel Liechtlein weren/ die der Pfarherꝛ auffgeſtecket hette/ nahmen ſie denſelben/ vnd noch zweene andere/ als Heinrich Jorgenow den Paſtor zu S. Marien/ vnd den Capellan zu S. Nicolaus Ern Wilhelm/ deme man ſchuld gab/ das er Buͤchſenkraut/ vnd anders dem Pfarherꝛen zugeſchicket hette/ vnd verbrandten ſie auff anklage der Traͤger auff dem Newmarckt zu Pulver/ an dem Orte/ da vber lx. Jahr hernach noch ein Grabſtein zuſehen geweſen iſt.,jedoch weil der paſtor zu s jacob johan von colve der auch zugleich des biſchofes von schwerin official war ſolte geſaget haben als die doͤrffer von curt bonawen angezuͤndet brenneten das ſolches jhre seel liechtlein weren die der pfarherꝛ auffgeſtecket hette nahmen ſie denſelben vnd noch zweene andere als heinrich jorgenow den paſtor zu s marien vnd den capellan zu s nicolaus ern wilhelm deme man ſchuld gab das er buͤchſenkraut vnd anders dem pfarherꝛen zugeſchicket hette vnd verbrandten ſie auff anklage der traͤger auff dem newmarckt zu pulver an dem orte da vber lx jahr hernach noch ein grabſtein zuſehen geweſen iſt,iedoch weil der pastor zu s iacob iohan uon colue der auch zugleich des bischofes uon schwerin official war solte gesaget haben als die dorffer uon curt bonawen angezundet brenneten das solches ihre seel liechtlein weren die der pfarher auffgestecket hette nahmen sie denselben und noch zweene andere als heinrich iorgenow den pastor zu s marien und den capellan zu s nicolaus ern wilhelm deme man schuld gab das er buchsenkraut und anders dem pfarheren zugeschicket hette und uerbrandten sie auff anklage der trager auff dem newmarckt zu puluer an dem orte da uber lx iahr hernach noch ein grabstein zusehen gewesen ist
micraelius_pommernland03_1639,body,144,8,False,417,Fielen drauff in der Bonowen vnd aller derer Guͤter/ die jhrem Pfarherꝛen Huͤlffe geleiſtet hetten/ vnd ſetzeten ſich dadurch in groſſe Feindſchafft vnd in Vngnade jhres Landes Fuͤrſten.,fielen drauff in der bonowen vnd aller derer guͤter die jhrem pfarherꝛen huͤlffe geleiſtet hetten vnd ſetzeten ſich dadurch in groſſe feindſchafft vnd in vngnade jhres landes fuͤrſten,fielen drauff in der bonowen und aller derer guter die ihrem pfarheren hulffe geleistet hetten und setzeten sich dadurch in grosse feindschafft und in ungnade ihres landes fursten
micraelius_pommernland03_1639,body,144,9,False,417,Jnſonderheit namb ſich der Biſchoff von Schwerin der verbrandten Prieſter an/ vnd beforderte es/ neben dem Pfarherren/ zu Rom/ das die vom Strallſunde in den Bann gebracht wurden.,jnſonderheit namb ſich der biſchoff von schwerin der verbrandten prieſter an vnd beforderte es neben dem pfarherren zu rom das die vom strallſunde in den bann gebracht wurden,insonderheit namb sich der bischoff uon schwerin der uerbrandten priester an und beforderte es neben dem pfarherren zu rom das die uom strallsunde in den bann gebracht wurden
micraelius_pommernland03_1639,body,144,10,False,417,Darin ſie auch vber vij. oder wie die Ancklamiſche Chronika Martini ſaget/ wol xx. Jahr geblieben ſind.,darin ſie auch vber vij oder wie die ancklamiſche chronika martini ſaget wol xx jahr geblieben ſind,darin sie auch uber uii oder wie die ancklamische chronika martini saget wol xx iahr geblieben sind
micraelius_pommernland03_1639,body,144,11,False,417,Sie ſind aber endlich wider zur Auſſoͤhnung gekommen/ vnd haben/ nebenſt erlegung einer Summa Geldes/ im Thumb zu Schwerin ein new Gewelbe bawen/ vnd darin die Vrſach des Bawes ſchreiben muͤſſen.,sie ſind aber endlich wider zur auſſoͤhnung gekommen vnd haben nebenſt erlegung einer summa geldes im thumb zu schwerin ein new gewelbe bawen vnd darin die vrſach des bawes ſchreiben muͤſſen,sie sind aber endlich wider zur aussohnung gekommen und haben nebenst erlegung einer summa geldes im thumb zu schwerin ein new gewelbe bawen und darin die ursach des bawes schreiben mussen
micraelius_pommernland03_1639,body,144,12,False,418,Dabeneben iſt dieſes zur Straffe geordnet/ das kein Biſchoff zu Schwerin zu ewigen Zeiten ſol Meſſe zum Strallſunde halten/ vnd das man keinen Todten daſelbſt zur Leiche die gebraͤuchliche Wort ſingen/ ſondern nur ſagen ſolte.,dabeneben iſt dieſes zur straffe geordnet das kein biſchoff zu schwerin zu ewigen zeiten ſol meſſe zum strallſunde halten vnd das man keinen todten daſelbſt zur leiche die gebraͤuchliche wort ſingen ſondern nur ſagen ſolte,dabeneben ist dieses zur straffe geordnet das kein bischoff zu schwerin zu ewigen zeiten sol messe zum strallsunde halten und das man keinen todten daselbst zur leiche die gebrauchliche wort singen sondern nur sagen solte
micraelius_pommernland03_1639,body,144,13,False,418,Doch wann die Leiche aus dem Hauſe getragen ward/ moͤchte man woll anheben zu ſingen.,doch wann die leiche aus dem hauſe getragen ward moͤchte man woll anheben zu ſingen,doch wann die leiche aus dem hause getragen ward mochte man woll anheben zu singen
micraelius_pommernland03_1639,body,144,14,True,418,Vnd dieſe Ceremonien bey den Leichbeſtaͤtigungen ſollen biß auff Lutheri Zeiten zum Strallſund ſein beybehalten.,vnd dieſe ceremonien bey den leichbeſtaͤtigungen ſollen biß auff lutheri zeiten zum strallſund ſein beybehalten,und diese ceremonien bey den leichbestatigungen sollen biss auff lutheri zeiten zum strallsund sein beybehalten
micraelius_pommernland03_1639,body,145,0,False,418,Curt Bonow iſt xj. Jahr hernach zum Groſſen Kieſow vom Erb- vnd Land Marſchalck Degener Bugenhagen/ weis nicht aus was Vrſachen/ erſtochen.,curt bonow iſt xj jahr hernach zum groſſen kieſow vom erb vnd land marſchalck degener bugenhagen weis nicht aus was vrſachen erſtochen,curt bonow ist xi iahr hernach zum grossen kiesow uom erb und land marschalck degener bugenhagen weis nicht aus was ursachen erstochen
micraelius_pommernland03_1639,body,145,1,False,418,Vnd als Wartislai VIII. Witwe/ Fraw Agnes/ die die Regierung im Nahmen jhrer vnmuͤndigen Printzen meiſtentheils fuͤhrete/ vnd gemeltem Bonowen wol gewogen war/ ſolchen Todtſchlag am Land Marſchalck rechen wolte/ inſonderheit weil er jhr/ da er von jhr zur Rede geſetzet war/ ſchimpflich vnd zur vngebuͤhr/ vnd jhr faſt an die Ehre geantwortet hette/ begab ſich derſelbe nach Strallſund/ daſelbſt fuͤr der Hertzoginnen ſicher zu ſeyn.,vnd als wartislai viii witwe fraw agnes die die regierung im nahmen jhrer vnmuͤndigen printzen meiſtentheils fuͤhrete vnd gemeltem bonowen wol gewogen war ſolchen todtſchlag am land marſchalck rechen wolte inſonderheit weil er jhr da er von jhr zur rede geſetzet war ſchimpflich vnd zur vngebuͤhr vnd jhr faſt an die ehre geantwortet hette begab ſich derſelbe nach strallſund daſelbſt fuͤr der hertzoginnen ſicher zu ſeyn,und als wartislai uiii witwe fraw agnes die die regierung im nahmen ihrer unmundigen printzen meistentheils fuhrete und gemeltem bonowen wol gewogen war solchen todtschlag am land marschalck rechen wolte insonderheit weil er ihr da er uon ihr zur rede gesetzet war schimpflich und zur ungebuhr und ihr fast an die ehre geantwortet hette begab sich derselbe nach strallsund daselbst fur der hertzoginnen sicher zu seyn
micraelius_pommernland03_1639,body,145,2,False,418,Aber als er einsmahl ſich mit Wartislao IX. in die Zerbenhagiſche Muͤhle beſcheidete/ mit demſelben Vnterredung zu pflegen/ iſt er von Vicke Behren/ der des entleibeten Curt Bonowen naher Freund/ vnd der Fuͤrſtinnen Marſchalck war/ auff der Fuͤrſtlichen Witwen befehlig in der gegenwart des Fuͤrſten vberfallen/ vnd erſchlagen worden.,aber als er einsmahl ſich mit wartislao ix in die zerbenhagiſche muͤhle beſcheidete mit demſelben vnterredung zu pflegen iſt er von vicke behren der des entleibeten curt bonowen naher freund vnd der fuͤrſtinnen marſchalck war auff der fuͤrſtlichen witwen befehlig in der gegenwart des fuͤrſten vberfallen vnd erſchlagen worden,aber als er einsmahl sich mit wartislao ix in die zerbenhagische muhle bescheidete mit demselben unterredung zu pflegen ist er uon uicke behren der des entleibeten curt bonowen naher freund und der furstinnen marschalck war auff der furstlichen witwen befehlig in der gegenwart des fursten uberfallen und erschlagen worden
micraelius_pommernland03_1639,body,145,3,False,418,Solche That wolten die Strallſundiſche vnd Greyffswaldiſche an Vicke Behren wider rechen/ vnd zogen mit huͤlffe der Moltecken fuͤr das Schloß zu Vſedom/ dahin er ſich/ als auff der Fuͤrſtlichen Witwen Leibgeding/ in ſicherheit zu ſein begeben hette.,solche that wolten die strallſundiſche vnd greyffswaldiſche an vicke behren wider rechen vnd zogen mit huͤlffe der moltecken fuͤr das schloß zu vſedom dahin er ſich als auff der fuͤrſtlichen witwen leibgeding in ſicherheit zu ſein begeben hette,solche that wolten die strallsundische und greyffswaldische an uicke behren wider rechen und zogen mit hulffe der moltecken fur das schloss zu usedom dahin er sich als auff der furstlichen witwen leibgeding in sicherheit zu sein begeben hette
micraelius_pommernland03_1639,body,145,4,False,419,Vnd als Behre mit den Seinigen von dannen auff das Schloß Meſerow heimlich entwiſchete/ legeten ſie ſich auch fuͤr daſſelbe.,vnd als behre mit den seinigen von dannen auff das schloß meſerow heimlich entwiſchete legeten ſie ſich auch fuͤr daſſelbe,und als behre mit den seinigen uon dannen auff das schloss meserow heimlich entwischete legeten sie sich auch fur dasselbe
micraelius_pommernland03_1639,body,145,5,False,419,Drumb als er vermerckete/ das er der Gewalt/ ſo dafuͤr gebrauchet ward/ nicht widerſtehen koͤnte/ ſprang er in ſeiner Ruͤſtung in einen kleinen Kahn/ der meinung/ alſo abermahl zuentkommen.,drumb als er vermerckete das er der gewalt ſo dafuͤr gebrauchet ward nicht widerſtehen koͤnte ſprang er in ſeiner ruͤſtung in einen kleinen kahn der meinung alſo abermahl zuentkommen,drumb als er uermerckete das er der gewalt so dafur gebrauchet ward nicht widerstehen konte sprang er in seiner rustung in einen kleinen kahn der meinung also abermahl zuentkommen
micraelius_pommernland03_1639,body,145,6,False,419,Aber als auch andere zu jhm hinein fielen/ gieng der Kahn zu grunde/ vnd verſoffen alle/ die drauff waren.,aber als auch andere zu jhm hinein fielen gieng der kahn zu grunde vnd verſoffen alle die drauff waren,aber als auch andere zu ihm hinein fielen gieng der kahn zu grunde und uersoffen alle die drauff waren
micraelius_pommernland03_1639,body,145,7,False,419,Den Todten Coͤrper haben die Strallſundiſchen vnd Greyffswaldiſchen wieder auffſuchen laſſen/ vnd mit andern xvj. Perſonen/ die ſie von denen/ ſo mit bey Bugenhagens Mord geweſen waren/ auff dem Schloß antraffen/ dem Hencker vnter die Haͤnde gegeben/ vnd auffs Rad legen laſſen.,den todten coͤrper haben die strallſundiſchen vnd greyffswaldiſchen wieder auffſuchen laſſen vnd mit andern xvj perſonen die ſie von denen ſo mit bey bugenhagens mord geweſen waren auff dem schloß antraffen dem hencker vnter die haͤnde gegeben vnd auffs rad legen laſſen,den todten corper haben die strallsundischen und greyffswaldischen wieder auffsuchen lassen und mit andern xui personen die sie uon denen so mit bey bugenhagens mord gewesen waren auff dem schloss antraffen dem hencker unter die hande gegeben und auffs rad legen lassen
micraelius_pommernland03_1639,body,145,8,True,419,Vnd ob woll der Bonowen Freunde ſo woll/ als der Behren/ gemelte beyde Staͤdte feindlich/ wor ſie konten/ verfolgeten/ ſo iſt doch der Handel endlich in der guͤte geſchlichtet vnd beygeleget/ vnd vns ein mercklich Beyſpiel gelaſſen worden/ was ein vnruhiger Kopff fuͤr Vngemach anrichten kan.,vnd ob woll der bonowen freunde ſo woll als der behren gemelte beyde staͤdte feindlich wor ſie konten verfolgeten ſo iſt doch der handel endlich in der guͤte geſchlichtet vnd beygeleget vnd vns ein mercklich beyſpiel gelaſſen worden was ein vnruhiger kopff fuͤr vngemach anrichten kan,und ob woll der bonowen freunde so woll als der behren gemelte beyde stadte feindlich wor sie konten uerfolgeten so ist doch der handel endlich in der gute geschlichtet und beygeleget und uns ein mercklich beyspiel gelassen worden was ein unruhiger kopff fur ungemach anrichten kan
micraelius_pommernland03_1639,body,146,0,False,419,Es erzehlen die Strallſundiſche Chronicken eben vmb dieſe Zeit ein merckliches Exempel wie der Mißbrauch groſſes Reichthumbs leichtlich koͤnne mit euſſerſter Armuth geſtraffet werden.,es erzehlen die strallſundiſche chronicken eben vmb dieſe zeit ein merckliches exempel wie der mißbrauch groſſes reichthumbs leichtlich koͤnne mit euſſerſter armuth geſtraffet werden,es erzehlen die strallsundische chronicken eben umb diese zeit ein merckliches exempel wie der missbrauch grosses reichthumbs leichtlich konne mit eusserster armuth gestraffet werden
micraelius_pommernland03_1639,body,146,1,False,419,Wolff Wolfflam ein Rhatsverwandter zum Strallſunde iſt ein ſehr Reich Mann geweſen/ das man ſeines gleichen an der See kaum gefunden hat/ vnd iſt in ein groß anſehen beym Koͤnige in Dennemarck vnd den Fuͤrſten gerathen/ vnd hat ſich herꝛlich vnd mehr als ſeinem Stande gemeß mit ſeinem Weibe gehalten/ alſo das er auch in ſeinem Brauttage Engliſche Lacken auff die Gaſſe ſpreitete/ vnd darauff zur Kirchen gieng.,wolff wolfflam ein rhatsverwandter zum strallſunde iſt ein ſehr reich mann geweſen das man ſeines gleichen an der see kaum gefunden hat vnd iſt in ein groß anſehen beym koͤnige in dennemarck vnd den fuͤrſten gerathen vnd hat ſich herꝛlich vnd mehr als ſeinem stande gemeß mit ſeinem weibe gehalten alſo das er auch in ſeinem brauttage engliſche lacken auff die gaſſe ſpreitete vnd darauff zur kirchen gieng,wolff wolfflam ein rhatsuerwandter zum strallsunde ist ein sehr reich mann gewesen das man seines gleichen an der see kaum gefunden hat und ist in ein gross ansehen beym konige in dennemarck und den fursten gerathen und hat sich herlich und mehr als seinem stande gemess mit seinem weibe gehalten also das er auch in seinem brauttage englische lacken auff die gasse spreitete und darauff zur kirchen gieng
micraelius_pommernland03_1639,body,146,2,False,420,Er iſt aber im Jahr mcdxj. auff dem Kirchhofe zu Bergen in Ruͤgen von einem vom Zaum erſchlagen worden.,er iſt aber im jahr mcdxj auff dem kirchhofe zu bergen in ruͤgen von einem vom zaum erſchlagen worden,er ist aber im iahr mcdxi auff dem kirchhofe zu bergen in rugen uon einem uom zaum erschlagen worden
micraelius_pommernland03_1639,body,146,3,False,420,Solchen Mord zu rechen ſind die Sundiſchen mit hellem hauffen auff des Zaumes Hoff Keſeritz gefallen/ vnd haben jhn in den grund gebrochen.,solchen mord zu rechen ſind die sundiſchen mit hellem hauffen auff des zaumes hoff keſeritz gefallen vnd haben jhn in den grund gebrochen,solchen mord zu rechen sind die sundischen mit hellem hauffen auff des zaumes hoff keseritz gefallen und haben ihn in den grund gebrochen
micraelius_pommernland03_1639,body,146,4,False,420,Sein Weib fuhr fort nach jhres Mannes Todt zu panquetiren/ vnd kam es jhr endlich dahin/ das ſie muſte betteln gehen/ vnd der Reichen Armen Frawen (wie ſie ſolche Wort hat im gebrauche gehabt) Brodt vmb GOttes willen ſuchen.,sein weib fuhr fort nach jhres mannes todt zu panquetiren vnd kam es jhr endlich dahin das ſie muſte betteln gehen vnd der reichen armen frawen wie ſie ſolche wort hat im gebrauche gehabt brodt vmb gottes willen ſuchen,sein weib fuhr fort nach ihres mannes todt zu panquetiren und kam es ihr endlich dahin das sie muste betteln gehen und der reichen armen frawen wie sie solche wort hat im gebrauche gehabt brodt umb gottes willen suchen
micraelius_pommernland03_1639,body,146,5,False,420,Achzehen Jahr hernach ſind die Buͤrgermeiſtere zu Alten Stettin Joh.,achzehen jahr hernach ſind die buͤrgermeiſtere zu alten stettin joh,achzehen iahr hernach sind die burgermeistere zu alten stettin ioh
micraelius_pommernland03_1639,body,146,6,True,420,Grabaw vnd Gerhard Rode von etlichen auffruͤhriſchen Buͤrgern/ aus der Stadt gejaget/ der Hertzog aber hat ſich jhrer angenommen/ ſie wieder eingeſetzet/ vnd die Anfaͤnger der Vnruhe auffs Rad legen laſſen.,grabaw vnd gerhard rode von etlichen auffruͤhriſchen buͤrgern aus der stadt gejaget der hertzog aber hat ſich jhrer angenommen ſie wieder eingeſetzet vnd die anfaͤnger der vnruhe auffs rad legen laſſen,grabaw und gerhard rode uon etlichen auffruhrischen burgern aus der stadt geiaget der hertzog aber hat sich ihrer angenommen sie wieder eingesetzet und die anfanger der unruhe auffs rad legen lassen
micraelius_pommernland03_1639,body,147,0,False,420,Jm Jahr mcdxlv. vnterſtand ſich Churfuͤrſt Friederich die Stadt Paſewalck vnd das Schloß Torgelow mit gewalt an ſich zu bringen.,jm jahr mcdxlv vnterſtand ſich churfuͤrſt friederich die stadt paſewalck vnd das schloß torgelow mit gewalt an ſich zu bringen,im iahr mcdxlu unterstand sich churfurst friederich die stadt pasewalck und das schloss torgelow mit gewalt an sich zu bringen
micraelius_pommernland03_1639,body,147,1,False,420,Weil aber ſolches die Fuͤrſten von Pommern zeitig innen worden/ vnd Wartislaus IX. Torgelow; Sein Bruder Barnimb VII. vnd jhre Vetter Barnimb VIII. Paſewalck in der Perſon zu verthedigen auff ſich nahmen/ als koͤnte der Churfuͤrſt jhnen nichts anhaben.,weil aber ſolches die fuͤrſten von pommern zeitig innen worden vnd wartislaus ix torgelow sein bruder barnimb vii vnd jhre vetter barnimb viii paſewalck in der perſon zu verthedigen auff ſich nahmen als koͤnte der churfuͤrſt jhnen nichts anhaben,weil aber solches die fursten uon pommern zeitig innen worden und wartislaus ix torgelow sein bruder barnimb uii und ihre uetter barnimb uiii pasewalck in der person zu uerthedigen auff sich nahmen als konte der churfurst ihnen nichts anhaben
micraelius_pommernland03_1639,body,147,2,False,420,Endlich were Paſewalck faſt durch Verraͤtherey uͤbergegangen; Denn es waren zweene Einwohner daſelbſt aus der Marck buͤrtig die Langhaͤlſe genant: Die vergruben jhre Barſchafft/ vnd was jhnen lieb war/ vnd zuͤndeten eben vmb die zeit jhre Haͤuſer an/ da der Feind drauſſen ſtuͤrmete.,endlich were paſewalck faſt durch verraͤtherey uͤbergegangen denn es waren zweene einwohner daſelbſt aus der marck buͤrtig die langhaͤlſe genant die vergruben jhre barſchafft vnd was jhnen lieb war vnd zuͤndeten eben vmb die zeit jhre haͤuſer an da der feind drauſſen ſtuͤrmete,endlich were pasewalck fast durch uerratherey ubergegangen denn es waren zweene einwohner daselbst aus der marck burtig die langhalse genant die uergruben ihre barschafft und was ihnen lieb war und zundeten eben umb die zeit ihre hauser an da der feind draussen sturmete
micraelius_pommernland03_1639,body,147,3,False,421,Da muſten nun die Buͤrger das Fewr leſchen/ die Fuͤrſten aber vnd Krieges Volck die Waͤll vnd Mawren verthedigen.,da muſten nun die buͤrger das fewr leſchen die fuͤrſten aber vnd krieges volck die waͤll vnd mawren verthedigen,da musten nun die burger das fewr leschen die fursten aber und krieges uolck die wall und mawren uerthedigen
micraelius_pommernland03_1639,body,147,4,False,421,Der Feind bekamb im Anfang/ da das Fewr faſt zwey Gaſſen verzehret hette/ die Waͤlle ein: Brach auch an dem Prentzlowiſchen Thor ſo hefftig/ das ers eroͤffnete/ vnd zur Stadt hinein kam.,der feind bekamb im anfang da das fewr faſt zwey gaſſen verzehret hette die waͤlle ein brach auch an dem prentzlowiſchen thor ſo hefftig das ers eroͤffnete vnd zur stadt hinein kam,der feind bekamb im anfang da das fewr fast zwey gassen uerzehret hette die walle ein brach auch an dem prentzlowischen thor so hefftig das ers eroffnete und zur stadt hinein kam
micraelius_pommernland03_1639,body,147,5,False,421,Aber ſie funden nichts deſtoweniger Ritterlichen Wiederſtand: Denn die Buͤrger hetten mit der Zeit das Fewr gedempfet/ vnd beyde Langhaͤlſe/ als Verraͤther der Stadt/ mit Weib vnd Kind ins Fewr geworffen/ vnd kamen jhren Fuͤrſten/ vnd Kriegsleuten ſo mutig zu huͤlffe/ das der Feind zuruͤcke weichen/ vnd die Belagerung auffheben muſte.,aber ſie funden nichts deſtoweniger ritterlichen wiederſtand denn die buͤrger hetten mit der zeit das fewr gedempfet vnd beyde langhaͤlſe als verraͤther der stadt mit weib vnd kind ins fewr geworffen vnd kamen jhren fuͤrſten vnd kriegsleuten ſo mutig zu huͤlffe das der feind zuruͤcke weichen vnd die belagerung auffheben muſte,aber sie funden nichts destoweniger ritterlichen wiederstand denn die burger hetten mit der zeit das fewr gedempfet und beyde langhalse als uerrather der stadt mit weib und kind ins fewr geworffen und kamen ihren fursten und kriegsleuten so mutig zu hulffe das der feind zurucke weichen und die belagerung auffheben muste
micraelius_pommernland03_1639,body,147,6,False,421,Drauff fielen die in der Beſatzung zu Paſewalck nebenſt etlichen Buͤrgern aus in die Vkermarck/ vnd macheten allenthalben Beute.,drauff fielen die in der beſatzung zu paſewalck nebenſt etlichen buͤrgern aus in die vkermarck vnd macheten allenthalben beute,drauff fielen die in der besatzung zu pasewalck nebenst etlichen burgern aus in die ukermarck und macheten allenthalben beute
micraelius_pommernland03_1639,body,147,7,False,421,Da ſie aber zu ruͤcke ziehen wolten/ warteten jhnen die Prenzlowiſchen auff den Dienſt/ der meinung/ weil die Pommern in dem Hauffen nicht zu ſtarck waren/ jhnen die Beute abzunehmen: Hetten auch etliche Stricke mit ſich genommen/ damit ſie dieſelbe binden wolten.,da ſie aber zu ruͤcke ziehen wolten warteten jhnen die prenzlowiſchen auff den dienſt der meinung weil die pommern in dem hauffen nicht zu ſtarck waren jhnen die beute abzunehmen hetten auch etliche stricke mit ſich genommen damit ſie dieſelbe binden wolten,da sie aber zu rucke ziehen wolten warteten ihnen die prenzlowischen auff den dienst der meinung weil die pommern in dem hauffen nicht zu starck waren ihnen die beute abzunehmen hetten auch etliche stricke mit sich genommen damit sie dieselbe binden wolten
micraelius_pommernland03_1639,body,147,8,False,421,Aber das Spiel wendete ſich/ vnd warden von den Prentzlowern cc. mit jhren eigen Stricken gebunden/ vnd gefangen weg gefuͤhret/ vñ die vbrige in die Flucht geſchlagen.,aber das spiel wendete ſich vnd warden von den prentzlowern cc mit jhren eigen stricken gebunden vnd gefangen weg gefuͤhret vñ die vbrige in die flucht geſchlagen,aber das spiel wendete sich und warden uon den prentzlowern cc mit ihren eigen stricken gebunden und gefangen weg gefuhret und die ubrige in die flucht geschlagen
micraelius_pommernland03_1639,body,147,9,False,421,Dieſe Fehde iſt endlich durch eine Eheſtifftung auffgehoben worden.,dieſe fehde iſt endlich durch eine eheſtifftung auffgehoben worden,diese fehde ist endlich durch eine ehestifftung auffgehoben worden
micraelius_pommernland03_1639,body,147,10,True,421,Deñ es hat Hertzog Wartislai IX. Sohn Wartislaus X. Marggraff Johanſen Tochter Barbaram/ vnd ſeine Tochter Agnes des gemelten Marggrafen Bruder Friederichen geheurathet; Vnd iſt dabey abgeredet/ das Paſewalck vnd Torgelow dem Fuͤrſtlichen Pommeriſchen Hauſe zu ewigen Zeiten ſolte gelaſſen/ vnd die Gefangenen auff beyden ſeiten ohne Entgeltnus ledig gegeben werden.,deñ es hat hertzog wartislai ix sohn wartislaus x marggraff johanſen tochter barbaram vnd ſeine tochter agnes des gemelten marggrafen bruder friederichen geheurathet vnd iſt dabey abgeredet das paſewalck vnd torgelow dem fuͤrſtlichen pommeriſchen hauſe zu ewigen zeiten ſolte gelaſſen vnd die gefangenen auff beyden ſeiten ohne entgeltnus ledig gegeben werden,denn es hat hertzog wartislai ix sohn wartislaus x marggraff iohansen tochter barbaram und seine tochter agnes des gemelten marggrafen bruder friederichen geheurathet und ist dabey abgeredet das pasewalck und torgelow dem furstlichen pommerischen hause zu ewigen zeiten solte gelassen und die gefangenen auff beyden seiten ohne entgeltnus ledig gegeben werden
micraelius_pommernland03_1639,body,148,0,False,422,Die Sundiſche Chronicke erzehlet dieſer Paſewalckiſchen Kriege etwas anders/ vñ weiß nichts davon/ das die Pommeriſche Fuͤrſten in Paſewalck zur zeit der Belagerung ſolten geweſen ſeyn/ ſondern ſaget vielmehr/ das/ da der Churfuͤrſt fuͤr Paſewalck gelegen/ die Fuͤrſten von Pommern mit dem Marggrafen in gutem Verſtande geweſen/ vnd auff begehren der Thumbherren fuͤr Colberg gezogen ſeyn.,die sundiſche chronicke erzehlet dieſer paſewalckiſchen kriege etwas anders vñ weiß nichts davon das die pommeriſche fuͤrſten in paſewalck zur zeit der belagerung ſolten geweſen ſeyn ſondern ſaget vielmehr das da der churfuͤrſt fuͤr paſewalck gelegen die fuͤrſten von pommern mit dem marggrafen in gutem verſtande geweſen vnd auff begehren der thumbherren fuͤr colberg gezogen ſeyn,die sundische chronicke erzehlet dieser pasewalckischen kriege etwas anders und weiss nichts dauon das die pommerische fursten in pasewalck zur zeit der belagerung solten gewesen seyn sondern saget uielmehr das da der churfurst fur pasewalck gelegen die fursten uon pommern mit dem marggrafen in gutem uerstande gewesen und auff begehren der thumbherren fur colberg gezogen seyn
micraelius_pommernland03_1639,body,148,1,False,422,Das auch die andere Staͤdte der Stadt Collberg Huͤlff wieder die Fuͤrſten zugeſand/ vnd Buͤrgermeiſter Schleiff die Thumbherren vnd auffruͤhriſche Cleriſey aus Collberg gejaget habe.,das auch die andere staͤdte der stadt collberg huͤlff wieder die fuͤrſten zugeſand vnd buͤrgermeiſter schleiff die thumbherren vnd auffruͤhriſche cleriſey aus collberg gejaget habe,das auch die andere stadte der stadt collberg hulff wieder die fursten zugesand und burgermeister schleiff die thumbherren und auffruhrische clerisey aus collberg geiaget habe
micraelius_pommernland03_1639,body,148,2,False,422,Wo dieſes mit dem vorigen zuſammen ſtehen ſol/ wird vielleicht Hertzog Joachim von Stettin dieſen Zug gethan haben.,wo dieſes mit dem vorigen zuſammen ſtehen ſol wird vielleicht hertzog joachim von stettin dieſen zug gethan haben,wo dieses mit dem uorigen zusammen stehen sol wird uielleicht hertzog ioachim uon stettin diesen zug gethan haben
micraelius_pommernland03_1639,body,148,3,True,422,Aber ſolches iſt auch zweiffelhafftig/ inſonderheit weil derſelbe ſonſt ein friedliebender Herre geweſen iſt.,aber ſolches iſt auch zweiffelhafftig inſonderheit weil derſelbe ſonſt ein friedliebender herre geweſen iſt,aber solches ist auch zweiffelhafftig insonderheit weil derselbe sonst ein friedliebender herre gewesen ist
micraelius_pommernland03_1639,body,149,0,False,422,Vmbs Jahr mcdl. ſpann ſich allerley Vnruhe zwiſchen Pommern vnd Mechelnburg an/ Wartislaus IX. hette ein Fraͤwlein von der Werle Catharinam bey ſich/ welcher Barnimus VIII. als ſeiner Schweſter Tochter/ viele von ſeinen Schaͤtzen in ſeinem Teſtament fuͤr ſeinem Todte zum Strallſund vermachet hette.,vmbs jahr mcdl ſpann ſich allerley vnruhe zwiſchen pommern vnd mechelnburg an wartislaus ix hette ein fraͤwlein von der werle catharinam bey ſich welcher barnimus viii als ſeiner schweſter tochter viele von ſeinen schaͤtzen in ſeinem teſtament fuͤr ſeinem todte zum strallſund vermachet hette,umbs iahr mcdl spann sich allerley unruhe zwischen pommern und mechelnburg an wartislaus ix hette ein frawlein uon der werle catharinam bey sich welcher barnimus uiii als seiner schwester tochter uiele uon seinen schatzen in seinem testament fur seinem todte zum strallsund uermachet hette
micraelius_pommernland03_1639,body,149,1,False,422,Davon aber war durch die Pfaffen vnd andere Geſinde viele entwendet/ ehe Wartislaus die Guͤter verzeichnen/ vnd an einen gewiſſen Orth hat bringen koͤnnen.,davon aber war durch die pfaffen vnd andere geſinde viele entwendet ehe wartislaus die guͤter verzeichnen vnd an einen gewiſſen orth hat bringen koͤnnen,dauon aber war durch die pfaffen und andere gesinde uiele entwendet ehe wartislaus die guter uerzeichnen und an einen gewissen orth hat bringen konnen
micraelius_pommernland03_1639,body,149,2,False,423,Da nun gemeltes Fraͤwlein Hertzog Vlrichen von Stargard beygeleget ward/ wolte derſelbe alles/ nach laut des Teſtaments/ haben/ vnd entſtand ein groſſer Mißverſtand wegen der Außſtewre.,da nun gemeltes fraͤwlein hertzog vlrichen von stargard beygeleget ward wolte derſelbe alles nach laut des teſtaments haben vnd entſtand ein groſſer mißverſtand wegen der außſtewre,da nun gemeltes frawlein hertzog ulrichen uon stargard beygeleget ward wolte derselbe alles nach laut des testaments haben und entstand ein grosser missuerstand wegen der aussstewre
micraelius_pommernland03_1639,body,149,3,False,423,Es ließ ſich auch Hertzog Heinrich von Mechelnburg belieben/ denen von Schwerin zu Spantkow/ vnd jhren Vettern/ offtermahlen einzufallen/ vnd jhnen groſſen Schaden zuzufuͤgen.,es ließ ſich auch hertzog heinrich von mechelnburg belieben denen von schwerin zu spantkow vnd jhren vettern offtermahlen einzufallen vnd jhnen groſſen schaden zuzufuͤgen,es liess sich auch hertzog heinrich uon mechelnburg belieben denen uon schwerin zu spantkow und ihren uettern offtermahlen einzufallen und ihnen grossen schaden zuzufugen
micraelius_pommernland03_1639,body,149,4,False,423,Wartislaus IX. namb ſich in Abweſenheit vnd minderjaͤhrigkeit des Hertzogen von Stettin Ottonis III. vnter welchen ſonſt die von Schwerin gehoͤreten/ der Sache an/ vnd fiel Hertzog Heinrichen offt ins Land/ vnd machete gute Beute/ vberfiel auch die Roſtocker Kauffleute/ vnd bekam alſo auch ſolche Stadt vnd Wißmar zu Feinden.,wartislaus ix namb ſich in abweſenheit vnd minderjaͤhrigkeit des hertzogen von stettin ottonis iii vnter welchen ſonſt die von schwerin gehoͤreten der sache an vnd fiel hertzog heinrichen offt ins land vnd machete gute beute vberfiel auch die roſtocker kauffleute vnd bekam alſo auch ſolche stadt vnd wißmar zu feinden,wartislaus ix namb sich in abwesenheit und minderiahrigkeit des hertzogen uon stettin ottonis iii unter welchen sonst die uon schwerin gehoreten der sache an und fiel hertzog heinrichen offt ins land und machete gute beute uberfiel auch die rostocker kauffleute und bekam also auch solche stadt und wissmar zu feinden
micraelius_pommernland03_1639,body,149,5,True,423,Soll aber druͤber/ laut der Sundiſchen Chronicke/ einmahl viele Volcks verlohren haben/ vnd hat es viele Tageleiſtungen gekoſtet/ ehe dieſe Streitigkeiten gehoben ſeyn.,soll aber druͤber laut der sundiſchen chronicke einmahl viele volcks verlohren haben vnd hat es viele tageleiſtungen gekoſtet ehe dieſe streitigkeiten gehoben ſeyn,soll aber druber laut der sundischen chronicke einmahl uiele uolcks uerlohren haben und hat es uiele tageleistungen gekostet ehe diese streitigkeiten gehoben seyn
micraelius_pommernland03_1639,body,150,0,False,423,Mitler Weile erhub ſich zum Strallſunde ein ſolch Tumult/ daruͤber das gantze Land erſchuttert ward.,mitler weile erhub ſich zum strallſunde ein ſolch tumult daruͤber das gantze land erſchuttert ward,mitler weile erhub sich zum strallsunde ein solch tumult daruber das gantze land erschuttert ward
micraelius_pommernland03_1639,body,150,1,False,423,Denn da Wartislaus IX. vom Rhate vnd der Gemeine ſelbiger Stadt gebuͤhrliche Huldigunge forderte/ weigerte ſich deſſen Burgermeiſter Otto Fuege ein vermoͤgener vom Adel/ der woll ſechs Doͤrffer vnter ſich hette/ vnd deßwegen ein gar zu groß Segel fuͤhrete.,denn da wartislaus ix vom rhate vnd der gemeine ſelbiger stadt gebuͤhrliche huldigunge forderte weigerte ſich deſſen burgermeiſter otto fuege ein vermoͤgener vom adel der woll ſechs doͤrffer vnter ſich hette vnd deßwegen ein gar zu groß segel fuͤhrete,denn da wartislaus ix uom rhate und der gemeine selbiger stadt gebuhrliche huldigunge forderte weigerte sich dessen burgermeister otto fuege ein uermogener uom adel der woll sechs dorffer unter sich hette und desswegen ein gar zu gross segel fuhrete
micraelius_pommernland03_1639,body,150,2,False,423,Er wendete die Vrſache fuͤr/ daß der Herzog mit Herzog Vlrichen zu Stargard wegen des Fraͤwlein von der Werle Außſtewre in Jrrung gerathen waͤre/ vnd keine Huldigung bey der Stadt zu gewarten hette/ ehe ſolche Sache richtig/ vnd der Hertzog von Stargardt abgefunden were.,er wendete die vrſache fuͤr daß der herzog mit herzog vlrichen zu stargard wegen des fraͤwlein von der werle außſtewre in jrrung gerathen waͤre vnd keine huldigung bey der stadt zu gewarten hette ehe ſolche sache richtig vnd der hertzog von stargardt abgefunden were,er wendete die ursache fur dass der herzog mit herzog ulrichen zu stargard wegen des frawlein uon der werle aussstewre in irrung gerathen ware und keine huldigung bey der stadt zu gewarten hette ehe solche sache richtig und der hertzog uon stargardt abgefunden were
micraelius_pommernland03_1639,body,150,3,False,424,Solches Vorbringen deuchte Hertzog Wartislaffen gar vneben/ vnnd brachte es mit vernuͤnfftigen Vrſachen bey dem Rhate vnd der Gemeine dahin/ daß jhm der Huldigungs Eyd geleiſtet ward.,solches vorbringen deuchte hertzog wartislaffen gar vneben vnnd brachte es mit vernuͤnfftigen vrſachen bey dem rhate vnd der gemeine dahin daß jhm der huldigungs eyd geleiſtet ward,solches uorbringen deuchte hertzog wartislaffen gar uneben unnd brachte es mit uernunfftigen ursachen bey dem rhate und der gemeine dahin dass ihm der huldigungs eyd geleistet ward
micraelius_pommernland03_1639,body,150,4,False,424,Fuege aber flohe vor/ vnd hieng ſich an die Hertzogen von Mechelnburg/ vnd hetzete dieſelbe noch mehr an wieder den Hertzog von Pommern.,fuege aber flohe vor vnd hieng ſich an die hertzogen von mechelnburg vnd hetzete dieſelbe noch mehr an wieder den hertzog von pommern,fuege aber flohe uor und hieng sich an die hertzogen uon mechelnburg und hetzete dieselbe noch mehr an wieder den hertzog uon pommern
micraelius_pommernland03_1639,body,150,5,False,424,Begab ſich auch nach deſſen Abzuge wieder in die Stadt/ machete ſich einen ſtarcken Anhang/ vnd brachte es dahin/ daß ein Einfall nach dem andern auß Mechelnburg ins Land zu Barth geſchach.,begab ſich auch nach deſſen abzuge wieder in die stadt machete ſich einen ſtarcken anhang vnd brachte es dahin daß ein einfall nach dem andern auß mechelnburg ins land zu barth geſchach,begab sich auch nach dessen abzuge wieder in die stadt machete sich einen starcken anhang und brachte es dahin dass ein einfall nach dem andern auss mechelnburg ins land zu barth geschach
micraelius_pommernland03_1639,body,150,6,False,424,Hertzog Wartislaff forderte in Eyl ſeine Landſchafft auff/ ſein Land beſſer zuverwaren/ ſetzete auch in die ſtreiffende Rotten/ vnd bekam vber xxx. vom Adel/ vnd lxxx. andere Mechelnbuͤrger gefangen/ die er doch auff ritterlichen Glauben daß ſie ſich auff eine gewiſſe Zeit wieder ſtellen ſolten/ loß gelaſſen/ aber nie wieder geſehen hat/ weil der Hertzog von Mechelnburg ſie/ als ſie heimzogen/ im Land zu Gnojen betraff/ vnd ſie/ als wenn er ſie Herzog Wartislaffen abgefangen hette/ nicht wieder wegk geſtatten wolte.,hertzog wartislaff forderte in eyl ſeine landſchafft auff ſein land beſſer zuverwaren ſetzete auch in die ſtreiffende rotten vnd bekam vber xxx vom adel vnd lxxx andere mechelnbuͤrger gefangen die er doch auff ritterlichen glauben daß ſie ſich auff eine gewiſſe zeit wieder ſtellen ſolten loß gelaſſen aber nie wieder geſehen hat weil der hertzog von mechelnburg ſie als ſie heimzogen im land zu gnojen betraff vnd ſie als wenn er ſie herzog wartislaffen abgefangen hette nicht wieder wegk geſtatten wolte,hertzog wartislaff forderte in eyl seine landschafft auff sein land besser zuuerwaren setzete auch in die streiffende rotten und bekam uber xxx uom adel und lxxx andere mechelnburger gefangen die er doch auff ritterlichen glauben dass sie sich auff eine gewisse zeit wieder stellen solten loss gelassen aber nie wieder gesehen hat weil der hertzog uon mechelnburg sie als sie heimzogen im land zu gnoien betraff und sie als wenn er sie herzog wartislaffen abgefangen hette nicht wieder wegk gestatten wolte
micraelius_pommernland03_1639,body,150,7,False,424,Zu dieſer Expedition blieben die vom Strallſund aus Fuegen Getrieb auſſen/ waren gleichwol nebenſt Roſtock/ Wißmar/ Greiffswald vnd Demmin zwiſchen beyden Hertzo gen Wartislao vnd Vlrico vnter haͤndler/ das Pommern vnd Mechelnburg in gutes Vertrawen wiederumb geſetzet ward.,zu dieſer expedition blieben die vom strallſund aus fuegen getrieb auſſen waren gleichwol nebenſt roſtock wißmar greiffswald vnd demmin zwiſchen beyden hertzo gen wartislao vnd vlrico vnter haͤndler das pommern vnd mechelnburg in gutes vertrawen wiederumb geſetzet ward,zu dieser expedition blieben die uom strallsund aus fuegen getrieb aussen waren gleichwol nebenst rostock wissmar greiffswald und demmin zwischen beyden hertzo gen wartislao und ulrico unter handler das pommern und mechelnburg in gutes uertrawen wiederumb gesetzet ward
micraelius_pommernland03_1639,body,150,8,False,424,Fuege aber konte nicht ruhen/ vnd wolte ſich nirgends fugen.,fuege aber konte nicht ruhen vnd wolte ſich nirgends fugen,fuege aber konte nicht ruhen und wolte sich nirgends fugen
micraelius_pommernland03_1639,body,150,9,False,424,Setzete wieder des Rhats wiſſen vnd willen einen Tag/ zur Berathſchlagung des Landes Nutz vnd Beſten/ gen Strallſunde an/ auffwelchem viele der herumb geſeſſenen vom Adel/ vnd die Staͤdte ſich einſtelleten.,setzete wieder des rhats wiſſen vnd willen einen tag zur berathſchlagung des landes nutz vnd beſten gen strallſunde an auffwelchem viele der herumb geſeſſenen vom adel vnd die staͤdte ſich einſtelleten,setzete wieder des rhats wissen und willen einen tag zur berathschlagung des landes nutz und besten gen strallsunde an auffwelchem uiele der herumb gesessenen uom adel und die stadte sich einstelleten
micraelius_pommernland03_1639,body,150,10,False,425,Hertzog Wartislaff war willens auch in Perſon ſolchen Tag zu beſuchen/ vnd zuvernehmen/ was denn endlich Fuege backen wurde.,hertzog wartislaff war willens auch in perſon ſolchen tag zu beſuchen vnd zuvernehmen was denn endlich fuege backen wurde,hertzog wartislaff war willens auch in person solchen tag zu besuchen und zuuernehmen was denn endlich fuege backen wurde
micraelius_pommernland03_1639,body,150,11,False,425,Vnnd ſchickte ſeinen Landvoigt auff Ruͤgen/ Raven Barnekowen/ voran.,vnnd ſchickte ſeinen landvoigt auff ruͤgen raven barnekowen voran,unnd schickte seinen landuoigt auff rugen rauen barnekowen uoran
micraelius_pommernland03_1639,body,150,12,False,425,Derſelbe gieng alsforth mit in die Audientz/ vnd als Fuege viele vnbilliges Dinges wieder den Landesfuͤrſten fuͤrbrachte/ vnnd jhn fuͤr einen Verraͤther angab/ als der bey Nacht-Zeiten hette wollen durch ein Loch/ ſo etliche auffruͤhriſche Buͤrger jhme zu machen verſprochen/ in die Stadt kommen/ vnd mit derſelben nach ſeinem Willen verfahren/ vnd doch dieſes falſche Anbringen nirgends mehr mit belegete/ als mit der Auſſage eines Huthmachers/ der vor deme zweymahl vom Galgen erbeten war/ wie Valentinus von Eichſtaͤdten meldet/ ſtraffete gemelter Barnekow ſolches offentlich/ vnd ſchieb den Nahmen des Verraͤthers Fuegen in den Bueſem.,derſelbe gieng alsforth mit in die audientz vnd als fuege viele vnbilliges dinges wieder den landesfuͤrſten fuͤrbrachte vnnd jhn fuͤr einen verraͤther angab als der bey nachtzeiten hette wollen durch ein loch ſo etliche auffruͤhriſche buͤrger jhme zu machen verſprochen in die stadt kommen vnd mit derſelben nach ſeinem willen verfahren vnd doch dieſes falſche anbringen nirgends mehr mit belegete als mit der auſſage eines huthmachers der vor deme zweymahl vom galgen erbeten war wie valentinus von eichſtaͤdten meldet ſtraffete gemelter barnekow ſolches offentlich vnd ſchieb den nahmen des verraͤthers fuegen in den bueſem,derselbe gieng alsforth mit in die audientz und als fuege uiele unbilliges dinges wieder den landesfursten furbrachte unnd ihn fur einen uerrather angab als der bey nachtzeiten hette wollen durch ein loch so etliche auffruhrische burger ihme zu machen uersprochen in die stadt kommen und mit derselben nach seinem willen uerfahren und doch dieses falsche anbringen nirgends mehr mit belegete als mit der aussage eines huthmachers der uor deme zweymahl uom galgen erbeten war wie ualentinus uon eichstadten meldet straffete gemelter barnekow solches offentlich und schieb den nahmen des uerrathers fuegen in den buesem
micraelius_pommernland03_1639,body,150,13,False,425,Derſelbe aber ward hieruͤber gar tobend/ erregete die gantze Stadtzum Auffruhr/ klagete Barnekowen/ als einen Kundſchaffter/ vnd ſeinen Herren neben jhm/ als einen Verraͤther an/ brachte es auch wider alles Einreden der andern vom Adel vnd abgeordneten der Staͤdte ſo weit/ das Barnekow der Landvoygt nebenſt ſeinem Schreiber Heinrico/ vnnd einem Notario Wennemar auffs Rad geleget iſt.,derſelbe aber ward hieruͤber gar tobend erregete die gantze stadtzum auffruhr klagete barnekowen als einen kundſchaffter vnd ſeinen herren neben jhm als einen verraͤther an brachte es auch wider alles einreden der andern vom adel vnd abgeordneten der staͤdte ſo weit das barnekow der landvoygt nebenſt ſeinem schreiber heinrico vnnd einem notario wennemar auffs rad geleget iſt,derselbe aber ward hieruber gar tobend erregete die gantze stadtzum auffruhr klagete barnekowen als einen kundschaffter und seinen herren neben ihm als einen uerrather an brachte es auch wider alles einreden der andern uom adel und abgeordneten der stadte so weit das barnekow der landuoygt nebenst seinem schreiber heinrico unnd einem notario wennemar auffs rad geleget ist
micraelius_pommernland03_1639,body,150,14,False,425,Den Landvoygt hette Fuege vnd ſein Anhang mit den Fuͤeſſen an ein Pferd geſpannet vnd alſo durch die gantze Stadt geſchleiffet/ vnd/ ſo offt ſie an ein Ecke gekommen/ dabey außruffen laſſen: Dieſer were ein Verraͤther der gantzen Stadt/ vnd ſein Herre mit jhm.,den landvoygt hette fuege vnd ſein anhang mit den fuͤeſſen an ein pferd geſpannet vnd alſo durch die gantze stadt geſchleiffet vnd ſo offt ſie an ein ecke gekommen dabey außruffen laſſen dieſer were ein verraͤther der gantzen stadt vnd ſein herre mit jhm,den landuoygt hette fuege und sein anhang mit den fuessen an ein pferd gespannet und also durch die gantze stadt geschleiffet und so offt sie an ein ecke gekommen dabey aussruffen lassen dieser were ein uerrather der gantzen stadt und sein herre mit ihm
micraelius_pommernland03_1639,body,150,15,False,426,Er aber hat dagegen/ ſo viele er vermoͤcht/ jedesmahl den Kopff auffgerichtet vnd dawieder geſaget: Sie loͤgens jhm vnd ſeinem frommen Herren vber.,er aber hat dagegen ſo viele er vermoͤcht jedesmahl den kopff auffgerichtet vnd dawieder geſaget sie loͤgens jhm vnd ſeinem frommen herren vber,er aber hat dagegen so uiele er uermocht iedesmahl den kopff auffgerichtet und dawieder gesaget sie logens ihm und seinem frommen herren uber
micraelius_pommernland03_1639,body,150,16,False,426,Wie dieſes dem Hertzogen muß zu Hertzen gegangen ſeyn/ iſt leichtlich zuerachten/ inſonderheit da er ſahe/ wie die von Adel vnd von Staͤdten beſtuͤrtzet zur Stadt herauß kamen/ vnd die grawſame That jhme verkuͤndigeten.,wie dieſes dem hertzogen muß zu hertzen gegangen ſeyn iſt leichtlich zuerachten inſonderheit da er ſahe wie die von adel vnd von staͤdten beſtuͤrtzet zur stadt herauß kamen vnd die grawſame that jhme verkuͤndigeten,wie dieses dem hertzogen muss zu hertzen gegangen seyn ist leichtlich zuerachten insonderheit da er sahe wie die uon adel und uon stadten besturtzet zur stadt herauss kamen und die grawsame that ihme uerkundigeten
micraelius_pommernland03_1639,body,150,17,False,426,Anfaͤnglich begehrete er mit Fuͤrſtlichen Schreiben an die vom Strallſunde/ Fuegen vnd die andere Haͤupter der boßhafften That herauß zu geben/ vnd als ſolches nicht erfolgete/ ſetzete er den Strallſundiſchen Buͤrgern im Lande hefftig zu/ vnd ließ ſie in harte Gefaͤngnuß werffen.,anfaͤnglich begehrete er mit fuͤrſtlichen schreiben an die vom strallſunde fuegen vnd die andere haͤupter der boßhafften that herauß zu geben vnd als ſolches nicht erfolgete ſetzete er den strallſundiſchen buͤrgern im lande hefftig zu vnd ließ ſie in harte gefaͤngnuß werffen,anfanglich begehrete er mit furstlichen schreiben an die uom strallsunde fuegen und die andere haupter der bosshafften that herauss zu geben und als solches nicht erfolgete setzete er den strallsundischen burgern im lande hefftig zu und liess sie in harte gefangnuss werffen
micraelius_pommernland03_1639,body,150,18,False,426,Aber Fuege kehrete ſich nicht daran/ ſondern tyranniſierete wieder dieſelbe Buͤrger in der Stadt/ die ſich weigerten/ alles zu belieben/ was er vornahm.,aber fuege kehrete ſich nicht daran ſondern tyranniſierete wieder dieſelbe buͤrger in der stadt die ſich weigerten alles zu belieben was er vornahm,aber fuege kehrete sich nicht daran sondern tyrannisierete wieder dieselbe burger in der stadt die sich weigerten alles zu belieben was er uornahm
micraelius_pommernland03_1639,body,150,19,False,426,Wie er denn auch zweene Buͤrger/ als Hans Bundmacher vnd Wichman/ hat durch den Hencker rechtfertigen/ vnd drey Rahtsherren in die Haͤnckerey gefaͤnglich einziehen laſſen/ weil ſie ſich hetten verlauten laſſen/ das Fuege vnd ſein Anhang die Stadt in euſſer ſie Vngelegenheit ſetzete.,wie er denn auch zweene buͤrger als hans bundmacher vnd wichman hat durch den hencker rechtfertigen vnd drey rahtsherren in die haͤnckerey gefaͤnglich einziehen laſſen weil ſie ſich hetten verlauten laſſen das fuege vnd ſein anhang die stadt in euſſer ſie vngelegenheit ſetzete,wie er denn auch zweene burger als hans bundmacher und wichman hat durch den hencker rechtfertigen und drey rahtsherren in die hanckerey gefanglich einziehen lassen weil sie sich hetten uerlauten lassen das fuege und sein anhang die stadt in eusser sie ungelegenheit setzete
micraelius_pommernland03_1639,body,150,20,False,426,Aber ſolches wolte endlich der gantzen Ehrſamen Buͤrgerſchafft nicht gefallen/ vnd hat ſich die gantze Gemeine zuſammen gethan/ vnd Fuegen mit noch drey andern Rhatsherren/ die mit jhme vnter einer Decke lagen/ zur Stadt hinauß gejaget.,aber ſolches wolte endlich der gantzen ehrſamen buͤrgerſchafft nicht gefallen vnd hat ſich die gantze gemeine zuſammen gethan vnd fuegen mit noch drey andern rhatsherren die mit jhme vnter einer decke lagen zur stadt hinauß gejaget,aber solches wolte endlich der gantzen ehrsamen burgerschafft nicht gefallen und hat sich die gantze gemeine zusammen gethan und fuegen mit noch drey andern rhatsherren die mit ihme unter einer decke lagen zur stadt hinauss geiaget
micraelius_pommernland03_1639,body,150,21,False,426,Der Hertzog hat zwar die drey Rathsperſonen/ die mit Fuegen es gehalten hetten/ in ſeine Gewalt bekommen/ vnd ſie raͤdern vnd viertheilen laſſen; Aber Fuegen hat er nicht ertappen koͤnnen.,der hertzog hat zwar die drey rathsperſonen die mit fuegen es gehalten hetten in ſeine gewalt bekommen vnd ſie raͤdern vnd viertheilen laſſen aber fuegen hat er nicht ertappen koͤnnen,der hertzog hat zwar die drey rathspersonen die mit fuegen es gehalten hetten in seine gewalt bekommen und sie radern und uiertheilen lassen aber fuegen hat er nicht ertappen konnen
micraelius_pommernland03_1639,body,150,22,False,426,Doch hat er wieder jhn des Keyſers Vrtheil erhalten/ jhn des Landes/ ſo weit ſich der Greiff erſtrecket/ verwieſen/ vnd jhme/ da er Schutz beym Koͤnig aus Dennemarck vñ den Hanſee Staͤdten ſuchete/ ſo zugeſetzet/ daß er nirgends einen feſten Fueß hat ſetzen koͤnnen: Vnnd man kan nicht wiſſen/ wo er endlich hinkommen vnd geblieben iſt.,doch hat er wieder jhn des keyſers vrtheil erhalten jhn des landes ſo weit ſich der greiff erſtrecket verwieſen vnd jhme da er schutz beym koͤnig aus dennemarck vñ den hanſee staͤdten ſuchete ſo zugeſetzet daß er nirgends einen feſten fueß hat ſetzen koͤnnen vnnd man kan nicht wiſſen wo er endlich hinkommen vnd geblieben iſt,doch hat er wieder ihn des keysers urtheil erhalten ihn des landes so weit sich der greiff erstrecket uerwiesen und ihme da er schutz beym konig aus dennemarck und den hansee stadten suchete so zugesetzet dass er nirgends einen festen fuess hat setzen konnen unnd man kan nicht wissen wo er endlich hinkommen und geblieben ist
micraelius_pommernland03_1639,body,150,23,False,427,Sein Geſchlecht/ welches eine alte Adeliche Familij geweſen/ iſt mit jhme zu Grunde gegangen/ vnd ſeine ſechs Doͤrffer eingezogen worden.,sein geſchlecht welches eine alte adeliche familij geweſen iſt mit jhme zu grunde gegangen vnd ſeine ſechs doͤrffer eingezogen worden,sein geschlecht welches eine alte adeliche familii gewesen ist mit ihme zu grunde gegangen und seine sechs dorffer eingezogen worden
micraelius_pommernland03_1639,body,150,24,False,427,Die Strallſundiſchen haben ſich endlich bey dem Hertzogen mit einer anſehenlichen Summa Geldes auſſoͤhnen muͤſſen/ weil er jhrer einen groſſen Hauffen/ da ſie von dem Barthiſchen Jahrmarck wiederkamen/ zwiſchen Zanzebur vnd Cordeshagen/ an dem Orthe/ den ſie noch lange Zeit hernach/ wegen dieſes jhres Schadens/ den ſchnellen Marckt genennet haben/ gefangen nahm/ vnd nicht ehe loß geben wolte/ biß ſie jhme ein Genuͤgen thaͤten.,die strallſundiſchen haben ſich endlich bey dem hertzogen mit einer anſehenlichen summa geldes auſſoͤhnen muͤſſen weil er jhrer einen groſſen hauffen da ſie von dem barthiſchen jahrmarck wiederkamen zwiſchen zanzebur vnd cordeshagen an dem orthe den ſie noch lange zeit hernach wegen dieſes jhres schadens den ſchnellen marckt genennet haben gefangen nahm vnd nicht ehe loß geben wolte biß ſie jhme ein genuͤgen thaͤten,die strallsundischen haben sich endlich bey dem hertzogen mit einer ansehenlichen summa geldes aussohnen mussen weil er ihrer einen grossen hauffen da sie uon dem barthischen iahrmarck wiederkamen zwischen zanzebur und cordeshagen an dem orthe den sie noch lange zeit hernach wegen dieses ihres schadens den schnellen marckt genennet haben gefangen nahm und nicht ehe loss geben wolte biss sie ihme ein genugen thaten
micraelius_pommernland03_1639,body,150,25,False,427,Jmgleichen hat Jerſchlaff Barnekow/ des entleibeten Landvoygts Sohn/ ſie in die Reichs-Acht gebracht/ vnd die Hertzogen von Mechelnburg wieder ſie rege gemachet/ wieder welche gleichwol einmahl die Sundiſchen einen gluͤcklichen Zug gethan haben.,jmgleichen hat jerſchlaff barnekow des entleibeten landvoygts sohn ſie in die reichsacht gebracht vnd die hertzogen von mechelnburg wieder ſie rege gemachet wieder welche gleichwol einmahl die sundiſchen einen gluͤcklichen zug gethan haben,imgleichen hat ierschlaff barnekow des entleibeten landuoygts sohn sie in die reichsacht gebracht und die hertzogen uon mechelnburg wieder sie rege gemachet wieder welche gleichwol einmahl die sundischen einen glucklichen zug gethan haben
micraelius_pommernland03_1639,body,150,26,False,427,Aber gemelter Bernekow hat es endlich erhalten/ daß ſie jhme einen Abtrag an jx. tauſent Guͤlden thaten/ vnd ſeines Vatern getoͤdteten Coͤrper vom Gerichte ab/ biß gen Greiffswald auff einer Bahre in einer Proceſſion/ durch dc. Perſonen begleiteten/ vber die cc. Guͤlden Muͤntze auff die Bahre den Armen außzutheilen legeten/ vnd an der Gerichts-Staͤdte ein ſteinern Creutz dem Todten nachſetzeten.,aber gemelter bernekow hat es endlich erhalten daß ſie jhme einen abtrag an jx tauſent guͤlden thaten vnd ſeines vatern getoͤdteten coͤrper vom gerichte ab biß gen greiffswald auff einer bahre in einer proceſſion durch dc perſonen begleiteten vber die cc guͤlden muͤntze auff die bahre den armen außzutheilen legeten vnd an der gerichtsstaͤdte ein ſteinern creutz dem todten nachſetzeten,aber gemelter bernekow hat es endlich erhalten dass sie ihme einen abtrag an ix tausent gulden thaten und seines uatern getodteten corper uom gerichte ab biss gen greiffswald auff einer bahre in einer procession durch dc personen begleiteten uber die cc gulden muntze auff die bahre den armen ausszutheilen legeten und an der gerichtsstadte ein steinern creutz dem todten nachsetzeten
micraelius_pommernland03_1639,body,150,27,True,427,Vnd/ wie mans gerechnet hat/ iſt jhres Burgermeiſters Vppigkeit vnd Rachgier weit vber eine Tonne Goldes der Stadt zu ſtehen gekommen.,vnd wie mans gerechnet hat iſt jhres burgermeiſters vppigkeit vnd rachgier weit vber eine tonne goldes der stadt zu ſtehen gekommen,und wie mans gerechnet hat ist ihres burgermeisters uppigkeit und rachgier weit uber eine tonne goldes der stadt zu stehen gekommen
micraelius_pommernland03_1639,body,151,0,True,428,Mitten in dieſer Vnruhe hat Wartislaus IX. die Vniverſitaͤtzum Greiffswald im Jahr mcdlvj. angeleget/ vnd D. Henricum Rubenowen/ den Greyffswaldiſchen Burgermeiſter/ der zuvor Koͤnig Erichen Cantzler geweſen war/ vnd groſſe Befoͤrderung zu ſolchem loͤblichen Werck gethan/ zum erſten Rectoren erwehlet.,mitten in dieſer vnruhe hat wartislaus ix die vniverſitaͤtzum greiffswald im jahr mcdlvj angeleget vnd d henricum rubenowen den greyffswaldiſchen burgermeiſter der zuvor koͤnig erichen cantzler geweſen war vnd groſſe befoͤrderung zu ſolchem loͤblichen werck gethan zum erſten rectoren erwehlet,mitten in dieser unruhe hat wartislaus ix die uniuersitatzum greiffswald im iahr mcdlui angeleget und d henricum rubenowen den greyffswaldischen burgermeister der zuuor konig erichen cantzler gewesen war und grosse beforderung zu solchem loblichen werck gethan zum ersten rectoren erwehlet
micraelius_pommernland03_1639,body,152,0,False,428,Aber alsforth das ander Jahr darauff ſtirbet offtgemelter Wartislaus IX. vnnd ſeine beyde Soͤhne Ericus II. vnd Wartislaus X. bekommen allenthalben zu thuen/ vnnd beyde Haͤnde voll.,aber alsforth das ander jahr darauff ſtirbet offtgemelter wartislaus ix vnnd ſeine beyde soͤhne ericus ii vnd wartislaus x bekommen allenthalben zu thuen vnnd beyde haͤnde voll,aber alsforth das ander iahr darauff stirbet offtgemelter wartislaus ix unnd seine beyde sohne ericus ii und wartislaus x bekommen allenthalben zu thuen unnd beyde hande uoll
micraelius_pommernland03_1639,body,152,1,False,428,Erſtlich/ da die Preuſſiſche Staͤdte/ die des Ordens Vbermuͤhtigkeit muͤde waren/ ſich Koͤnig Caſimiro vntergaben/ vnnd der Koͤnig drauff groſſe Kriege mit dem Orden fuͤhren muſte/ hat er die Schloͤſſer vnd Staͤdte Lawenburg vnnd Buͤtow zu Schloßglauben Hertzog Erichen des Nahmens dem Andern eingeantwortet/ welcher ſie auch mit Kriegesvolck wol beſetzet hielt.,erſtlich da die preuſſiſche staͤdte die des ordens vbermuͤhtigkeit muͤde waren ſich koͤnig caſimiro vntergaben vnnd der koͤnig drauff groſſe kriege mit dem orden fuͤhren muſte hat er die schloͤſſer vnd staͤdte lawenburg vnnd buͤtow zu schloßglauben hertzog erichen des nahmens dem andern eingeantwortet welcher ſie auch mit kriegesvolck wol beſetzet hielt,erstlich da die preussische stadte die des ordens ubermuhtigkeit mude waren sich konig casimiro untergaben unnd der konig drauff grosse kriege mit dem orden fuhren muste hat er die schlosser und stadte lawenburg unnd butow zu schlossglauben hertzog erichen des nahmens dem andern eingeantwortet welcher sie auch mit kriegesuolck wol besetzet hielt
micraelius_pommernland03_1639,body,152,2,False,428,Aber es waren bey dem Orden mm. Boͤhmen/ die ſie die Gaͤſte nenneten.,aber es waren bey dem orden mm boͤhmen die ſie die gaͤſte nenneten,aber es waren bey dem orden mm bohmen die sie die gaste nenneten
micraelius_pommernland03_1639,body,152,3,False,428,Dieſelbige/ als ſie vom Heer-Meiſter keine Bezahlung bekommen koͤnten/ macheten ſich an bemelte Schloͤſſer vnd Staͤdte/ vnnd eroberten ſie/ alle Wiederwehr vngeachtet/ mit Gewalt.,dieſelbige als ſie vom heermeiſter keine bezahlung bekommen koͤnten macheten ſich an bemelte schloͤſſer vnd staͤdte vnnd eroberten ſie alle wiederwehr vngeachtet mit gewalt,dieselbige als sie uom heermeister keine bezahlung bekommen konten macheten sich an bemelte schlosser und stadte unnd eroberten sie alle wiederwehr ungeachtet mit gewalt
micraelius_pommernland03_1639,body,152,4,False,428,Ruͤcketen auch ferner in Pommern/ biß an die Stolpe/ vnd thaten denen vom Adel/ vnd den Buͤrgern groſſen Schaden.,ruͤcketen auch ferner in pommern biß an die stolpe vnd thaten denen vom adel vnd den buͤrgern groſſen schaden,rucketen auch ferner in pommern biss an die stolpe und thaten denen uom adel und den burgern grossen schaden
micraelius_pommernland03_1639,body,152,5,True,428,Derowegen brachte Hertzog Erich eylfertig ein Kriegesvolck auff die Beine/ vnd gienggerade auff die Gaͤſte zu/ riß jhnen mit Gewalt Lawenburg vnd Buͤtow auß den Haͤnden/ vnd brachte ſolche Landſchafft wiederumb an ſich.,derowegen brachte hertzog erich eylfertig ein kriegesvolck auff die beine vnd gienggerade auff die gaͤſte zu riß jhnen mit gewalt lawenburg vnd buͤtow auß den haͤnden vnd brachte ſolche landſchafft wiederumb an ſich,derowegen brachte hertzog erich eylfertig ein kriegesuolck auff die beine und gienggerade auff die gaste zu riss ihnen mit gewalt lawenburg und butow auss den handen und brachte solche landschafft wiederumb an sich
micraelius_pommernland03_1639,body,153,0,False,429,Bald darauff bekamb er mit den Greyffswaldiſchen zu thuen/ vnd das zwar auß liederlicher Vrſache.,bald darauff bekamb er mit den greyffswaldiſchen zu thuen vnd das zwar auß liederlicher vrſache,bald darauff bekamb er mit den greyffswaldischen zu thuen und das zwar auss liederlicher ursache
micraelius_pommernland03_1639,body,153,1,False,429,Denn da er bey dem Dorffe Horſt ſo dem Doctor Rubenowen/ vnd etlichen Strallſundichen verpfaͤndet war/ jagete/ vnd Außrichtung von den Bawren daſelbſt forderte/ ſind jhme auß D. Rubenowen Anſtifftung etliche ſeiner Diener angehalten/ vnd Jhme die Huldigung verſaget worden.,denn da er bey dem dorffe horſt ſo dem doctor rubenowen vnd etlichen strallſundichen verpfaͤndet war jagete vnd außrichtung von den bawren daſelbſt forderte ſind jhme auß d rubenowen anſtifftung etliche ſeiner diener angehalten vnd jhme die huldigung verſaget worden,denn da er bey dem dorffe horst so dem doctor rubenowen und etlichen strallsundichen uerpfandet war iagete und aussrichtung uon den bawren daselbst forderte sind ihme auss d rubenowen anstifftung etliche seiner diener angehalten und ihme die huldigung uersaget worden
micraelius_pommernland03_1639,body,153,2,False,429,Hieruͤber wuchs der newen Vniverſitaͤt allerley Vngemach zu/ vnd etliche Profeſſores thaten ſich mit Dietrich von Doͤrpten dem andern Burgermeiſter zuſammen/ vnd brachten es dahin/ daß Doctor Rubenow eine Zeitlang auß der Stadt nach dem Sunde nebenſt noch einem Rhatsherren Melcher Rubenowen/ weichen muͤſte.,hieruͤber wuchs der newen vniverſitaͤt allerley vngemach zu vnd etliche profeſſores thaten ſich mit dietrich von doͤrpten dem andern burgermeiſter zuſammen vnd brachten es dahin daß doctor rubenow eine zeitlang auß der stadt nach dem sunde nebenſt noch einem rhatsherren melcher rubenowen weichen muͤſte,hieruber wuchs der newen uniuersitat allerley ungemach zu und etliche professores thaten sich mit dietrich uon dorpten dem andern burgermeister zusammen und brachten es dahin dass doctor rubenow eine zeitlang auss der stadt nach dem sunde nebenst noch einem rhatsherren melcher rubenowen weichen muste
micraelius_pommernland03_1639,body,153,3,False,429,Aber er kam/ nach Verlauff eines Viertel Jahres/ wiederumb in die Stadt/ vnd wie er ein beredter anſehenlicher Mann war/ weltzete er alle Schuld dermaſſen von ſich ab/ daß die Gemeine zufuhr/ vnd alles vnheil deme von Doͤrpten zurechnete/ vnd jhme den Grind abſchmeiſſen ließ.,aber er kam nach verlauff eines viertel jahres wiederumb in die stadt vnd wie er ein beredter anſehenlicher mann war weltzete er alle schuld dermaſſen von ſich ab daß die gemeine zufuhr vnd alles vnheil deme von doͤrpten zurechnete vnd jhme den grind abſchmeiſſen ließ,aber er kam nach uerlauff eines uiertel iahres wiederumb in die stadt und wie er ein beredter ansehenlicher mann war weltzete er alle schuld dermassen uon sich ab dass die gemeine zufuhr und alles unheil deme uon dorpten zurechnete und ihme den grind abschmeissen liess
micraelius_pommernland03_1639,body,153,4,False,429,Vier Jahr hernach/ vnd eben am letzten Decembris des mcdlxij. Jahres ward offtgemelter D. Rubenow durch einen Leinweber Claws Huermann/ vnd einen andern/ mit Nahmen Damerow/ auff der Rahtſtuben erſchlagen/ vnd das zwar/ wie etliche muthmaſſen/ aus Anſtifftung des andern Burgermeiſters Dieterichs Langen.,vier jahr hernach vnd eben am letzten decembris des mcdlxij jahres ward offtgemelter d rubenow durch einen leinweber claws huermann vnd einen andern mit nahmen damerow auff der rahtſtuben erſchlagen vnd das zwar wie etliche muthmaſſen aus anſtifftung des andern burgermeiſters dieterichs langen,uier iahr hernach und eben am letzten decembris des mcdlxii iahres ward offtgemelter d rubenow durch einen leinweber claws huermann und einen andern mit nahmen damerow auff der rahtstuben erschlagen und das zwar wie etliche muthmassen aus anstifftung des andern burgermeisters dieterichs langen
micraelius_pommernland03_1639,body,153,5,False,429,Die Thaͤter kommen in Eyl davon/ vnd ward an des erſchlagenen Burgermeiſters Stelle einer von ſeinen Wiederwertigen Claus von der Oſten erwehlet.,die thaͤter kommen in eyl davon vnd ward an des erſchlagenen burgermeiſters stelle einer von ſeinen wiederwertigen claus von der oſten erwehlet,die thater kommen in eyl dauon und ward an des erschlagenen burgermeisters stelle einer uon seinen wiederwertigen claus uon der osten erwehlet
micraelius_pommernland03_1639,body,153,6,False,430,Da es ſich nun zu einem wuͤſten Allerm anließ/ war es nicht rathſamb/ das Printz Suantiborns V. Wartislai X. Sohne/ der eben ſtudierens halben ſich zu Greiffswald auffhielt/ daſelbſt laͤnger verharrete/ ſondern er begab ſich mit etlichen Sundiſchen Kauffleuten zu ſeinem Vater nach Grimmen.,da es ſich nun zu einem wuͤſten allerm anließ war es nicht rathſamb das printz suantiborns v wartislai x sohne der eben ſtudierens halben ſich zu greiffswald auffhielt daſelbſt laͤnger verharrete ſondern er begab ſich mit etlichen sundiſchen kauffleuten zu ſeinem vater nach grimmen,da es sich nun zu einem wusten allerm anliess war es nicht rathsamb das printz suantiborns u wartislai x sohne der eben studierens halben sich zu greiffswald auffhielt daselbst langer uerharrete sondern er begab sich mit etlichen sundischen kauffleuten zu seinem uater nach grimmen
micraelius_pommernland03_1639,body,153,7,False,430,Vnd die Burgermeiſter/ als ſie ſahen/ wo der Handel hinauß wolte/ ſandten eylfertig zu jhrem Herren Erico II. vnd erboten ſich zu allem Gehorſamb/ vnd zum willigen Huldigungs Eyd/ wenn er nur in der Stille mit etlichen hundert Pferden ſich ſtellete.,vnd die burgermeiſter als ſie ſahen wo der handel hinauß wolte ſandten eylfertig zu jhrem herren erico ii vnd erboten ſich zu allem gehorſamb vnd zum willigen huldigungs eyd wenn er nur in der stille mit etlichen hundert pferden ſich ſtellete,und die burgermeister als sie sahen wo der handel hinauss wolte sandten eylfertig zu ihrem herren erico ii und erboten sich zu allem gehorsamb und zum willigen huldigungs eyd wenn er nur in der stille mit etlichen hundert pferden sich stellete
micraelius_pommernland03_1639,body,153,8,False,430,Solches geſchach/ vnd ward daßmahl aller weiteren Vnruhe abgeholffen.,solches geſchach vnd ward daßmahl aller weiteren vnruhe abgeholffen,solches geschach und ward dassmahl aller weiteren unruhe abgeholffen
micraelius_pommernland03_1639,body,153,9,False,430,Nichts deſtoweniger/ als die beyde Maͤnner/ ſo D. Rubenowen erſchlagen hettẽ/ von den newen Burgermeiſtern Claus von der Oſten/ vnd Dietrich Langen wieder Geleit erlangeten/ gedachten ſolches des entleibeten Freunde/ vnnd inſonderheit Henning Henninges/ der ſeine Schweſter zur Ehe haͤtte/ durchauß nicht zu leyden.,nichts deſtoweniger als die beyde maͤnner ſo d rubenowen erſchlagen hettẽ von den newen burgermeiſtern claus von der oſten vnd dietrich langen wieder geleit erlangeten gedachten ſolches des entleibeten freunde vnnd inſonderheit henning henninges der ſeine schweſter zur ehe haͤtte durchauß nicht zu leyden,nichts destoweniger als die beyde manner so d rubenowen erschlagen hetten uon den newen burgermeistern claus uon der osten und dietrich langen wieder geleit erlangeten gedachten solches des entleibeten freunde unnd insonderheit henning henninges der seine schwester zur ehe hatte durchauss nicht zu leyden
micraelius_pommernland03_1639,body,153,10,False,430,Lieffen mit einem groſſen Anhang aus der Gemeine in obgedachter beyder Buͤrgermeiſter Haͤuſer/ ſchlugen ſie nicht alleine todt/ ſondern lieſſen ſie fuͤr Gericht bringen/ vnd als vervrtheilete Mißthaͤter auffs Rad legen/ vnd erwehleten an des von der Oſten Statt/ Henning Henninges zum Burgermeiſter.,lieffen mit einem groſſen anhang aus der gemeine in obgedachter beyder buͤrgermeiſter haͤuſer ſchlugen ſie nicht alleine todt ſondern lieſſen ſie fuͤr gericht bringen vnd als vervrtheilete mißthaͤter auffs rad legen vnd erwehleten an des von der oſten statt henning henninges zum burgermeiſter,lieffen mit einem grossen anhang aus der gemeine in obgedachter beyder burgermeister hauser schlugen sie nicht alleine todt sondern liessen sie fur gericht bringen und als uerurtheilete missthater auffs rad legen und erwehleten an des uon der osten statt henning henninges zum burgermeister
micraelius_pommernland03_1639,body,153,11,True,430,Ob nun wol ſolcher Frevel billig were hart zu ſtraffen geweſen/ ſo hat dennoch/ auff Vorbitte der Cleriſey vnd anderer Staͤdte/ der Fuͤrſt die Straͤnge bleiben laſſen/ inſonderheit weil die Auffwiegeler der andern vorgewichen weren.,ob nun wol ſolcher frevel billig were hart zu ſtraffen geweſen ſo hat dennoch auff vorbitte der cleriſey vnd anderer staͤdte der fuͤrſt die straͤnge bleiben laſſen inſonderheit weil die auffwiegeler der andern vorgewichen weren,ob nun wol solcher freuel billig were hart zu straffen gewesen so hat dennoch auff uorbitte der clerisey und anderer stadte der furst die strange bleiben lassen insonderheit weil die auffwiegeler der andern uorgewichen weren
micraelius_pommernland03_1639,body,154,0,False,431,Faſt eben vmb die Zeit/ geriethen auch die Ancklamiſchen mit denen von Schwerin zu Spantkow vnd die Collbergiſchen mit den Camminſchen in die Haare.,faſt eben vmb die zeit geriethen auch die ancklamiſchen mit denen von schwerin zu spantkow vnd die collbergiſchen mit den camminſchen in die haare,fast eben umb die zeit geriethen auch die ancklamischen mit denen uon schwerin zu spantkow und die collbergischen mit den camminschen in die haare
micraelius_pommernland03_1639,body,154,1,False,431,Denen von Schwerin war ein Bawr nach Ancklam entlauffen/ vnd ein Buͤrgermeiſter daſelbſt hette eine ſpoͤttiſche Antwort ſeinenthalben von ſich gegeben.,denen von schwerin war ein bawr nach ancklam entlauffen vnd ein buͤrgermeiſter daſelbſt hette eine ſpoͤttiſche antwort ſeinenthalben von ſich gegeben,denen uon schwerin war ein bawr nach ancklam entlauffen und ein burgermeister daselbst hette eine spottische antwort seinenthalben uon sich gegeben
micraelius_pommernland03_1639,body,154,2,False,431,Derowegen bekamen die von Schwerin jhre Vettern/ vnd daneben Jaſper Gans/ Herren zu Putlitz/ wie auch Caſper Rohr/ Eggert Kahnen/ vnd die Voͤſſe zum Lindenberg/ auff jhre Seyte/ vnd ſtelleten der Stadt feindſelig nach.,derowegen bekamen die von schwerin jhre vettern vnd daneben jaſper gans herren zu putlitz wie auch caſper rohr eggert kahnen vnd die voͤſſe zum lindenberg auff jhre seyte vnd ſtelleten der stadt feindſelig nach,derowegen bekamen die uon schwerin ihre uettern und daneben iasper gans herren zu putlitz wie auch casper rohr eggert kahnen und die uosse zum lindenberg auff ihre seyte und stelleten der stadt feindselig nach
micraelius_pommernland03_1639,body,154,3,False,431,Die Buͤrger zogen jhnen zu Roſſe vnd Fueſſe vnter Augen/ troffen mit jhnen beym Dorffe Drevelow/ verlohren aber das Feld/ vnd wurden viele Leute erſchlagen/ vnd viele gefangen.,die buͤrger zogen jhnen zu roſſe vnd fueſſe vnter augen troffen mit jhnen beym dorffe drevelow verlohren aber das feld vnd wurden viele leute erſchlagen vnd viele gefangen,die burger zogen ihnen zu rosse und fuesse unter augen troffen mit ihnen beym dorffe dreuelow uerlohren aber das feld und wurden uiele leute erschlagen und uiele gefangen
micraelius_pommernland03_1639,body,154,4,False,431,Das folgende Jahr/ da man ſchrieb mcdlxj. macheten die von Schwerin mit xxiv. Pferden vnd etlichen Bawren ſich abermahl an die Ancklamiſche Graͤntze.,das folgende jahr da man ſchrieb mcdlxj macheten die von schwerin mit xxiv pferden vnd etlichen bawren ſich abermahl an die ancklamiſche graͤntze,das folgende iahr da man schrieb mcdlxi macheten die uon schwerin mit xxiu pferden und etlichen bawren sich abermahl an die ancklamische grantze
micraelius_pommernland03_1639,body,154,5,False,431,Weil aber die Buͤrgerſchafft druͤber rege ward/ vnd mit c. Pferden jhnen entgegen gieng/ als ſind ſie in die Flucht gebracht/ vnd haben muͤſſen hinter ſich xvj. Pferde/ vñ vij. vom Adel/ vnd drunter Arent Schwerin/ genandt Kalepatz/ Hans Lepel/ Damme Voſſeke vnd Andreas Schwerin/ genandt Dieſtel/ gefangen laſſen.,weil aber die buͤrgerſchafft druͤber rege ward vnd mit c pferden jhnen entgegen gieng als ſind ſie in die flucht gebracht vnd haben muͤſſen hinter ſich xvj pferde vñ vij vom adel vnd drunter arent schwerin genandt kalepatz hans lepel damme voſſeke vnd andreas schwerin genandt dieſtel gefangen laſſen,weil aber die burgerschafft druber rege ward und mit c pferden ihnen entgegen gieng als sind sie in die flucht gebracht und haben mussen hinter sich xui pferde und uii uom adel und drunter arent schwerin genandt kalepatz hans lepel damme uosseke und andreas schwerin genandt diestel gefangen lassen
micraelius_pommernland03_1639,body,154,6,False,431,Henning Voß/ Wedige Koͤppe/ vnd etliche Bawren ſind erſchlagen.,henning voß wedige koͤppe vnd etliche bawren ſind erſchlagen,henning uoss wedige koppe und etliche bawren sind erschlagen
micraelius_pommernland03_1639,body,154,7,False,431,Dieſem jhrem Gluͤcke ſetzeten die Ancklamiſchen nach fielen auff die Schweriniſche Guͤter/ brachen viele adeliche Haͤuſer vnd Faͤſten in den Grundt/ beraubeten auch die Kirchen zu Tettrin/ Newenkirchen vnd Voltzkow/ da die von Schwerin das Jhrige hingeflehnet haͤtten.,dieſem jhrem gluͤcke ſetzeten die ancklamiſchen nach fielen auff die schweriniſche guͤter brachen viele adeliche haͤuſer vnd faͤſten in den grundt beraubeten auch die kirchen zu tettrin newenkirchen vnd voltzkow da die von schwerin das jhrige hingeflehnet haͤtten,diesem ihrem glucke setzeten die ancklamischen nach fielen auff die schwerinische guter brachen uiele adeliche hauser und fasten in den grundt beraubeten auch die kirchen zu tettrin newenkirchen und uoltzkow da die uon schwerin das ihrige hingeflehnet hatten
micraelius_pommernland03_1639,body,154,8,False,431,Muͤſten aber ein ebenmaͤſſiges von jhren Feinden erwarten.,muͤſten aber ein ebenmaͤſſiges von jhren feinden erwarten,musten aber ein ebenmassiges uon ihren feinden erwarten
micraelius_pommernland03_1639,body,154,9,True,432,Endlich ſchlug ſich Hertzog Ericus II. drein/ verglich einen Schaden gegen den andern/ vnd geboth beyden Parthen bey vj. tauſent Reiniſcher Gulden/ Friede zu halten.,endlich ſchlug ſich hertzog ericus ii drein verglich einen schaden gegen den andern vnd geboth beyden parthen bey vj tauſent reiniſcher gulden friede zu halten,endlich schlug sich hertzog ericus ii drein uerglich einen schaden gegen den andern und geboth beyden parthen bey ui tausent reinischer gulden friede zu halten
micraelius_pommernland03_1639,body,155,0,False,432,Kaum war dieſer Zwiſt zum Ende/ ſo kombt Dinnies von der Oſten Ritter/ zu Waldburg Erbgeſeſſen/ mit dc. Pferden fuͤr Collberg/ willens/ dieſelbe Stadt zu vberfallen vnnd zuerſteigen.,kaum war dieſer zwiſt zum ende ſo kombt dinnies von der oſten ritter zu waldburg erbgeſeſſen mit dc pferden fuͤr collberg willens dieſelbe stadt zu vberfallen vnnd zuerſteigen,kaum war dieser zwist zum ende so kombt dinnies uon der osten ritter zu waldburg erbgesessen mit dc pferden fur collberg willens dieselbe stadt zu uberfallen unnd zuersteigen
micraelius_pommernland03_1639,body,155,1,False,432,Hiezu war er von den Thumbherren/ darunter er viele Freunde haͤtte/ bewogen/ daß er jhnen/ weil ſie mit der Stadt in groſſe Zweyhelligkeit gerahten waren/ zu Huͤlffe keme.,hiezu war er von den thumbherren darunter er viele freunde haͤtte bewogen daß er jhnen weil ſie mit der stadt in groſſe zweyhelligkeit gerahten waren zu huͤlffe keme,hiezu war er uon den thumbherren darunter er uiele freunde hatte bewogen dass er ihnen weil sie mit der stadt in grosse zweyhelligkeit gerahten waren zu hulffe keme
micraelius_pommernland03_1639,body,155,2,False,432,Aber der Anſchlag gieng nicht an/ vnd die Collbergiſchen wehreten ſich tapffer/ vnd ſetzeten alſo jhrem Feind nach/ daß ſie jhn auff dem Schloß Waldburg belagerten.,aber der anſchlag gieng nicht an vnd die collbergiſchen wehreten ſich tapffer vnd ſetzeten alſo jhrem feind nach daß ſie jhn auff dem schloß waldburg belagerten,aber der anschlag gieng nicht an und die collbergischen wehreten sich tapffer und setzeten also ihrem feind nach dass sie ihn auff dem schloss waldburg belagerten
micraelius_pommernland03_1639,body,155,3,True,432,Doch iſt auch dieſer Streit durch vnterhandlung derer von Stargard vnd Stolpa auffgegriffen vnd beygeleget worden.,doch iſt auch dieſer streit durch vnterhandlung derer von stargard vnd stolpa auffgegriffen vnd beygeleget worden,doch ist auch dieser streit durch unterhandlung derer uon stargard und stolpa auffgegriffen und beygeleget worden
micraelius_pommernland03_1639,body,156,0,False,432,Noch eine Fehde hat ſich in Pommern zwiſchen Stettin vnd Stargard wegen der Auſſchiffung des Korns zur Seewart/ derer ſich die Stargardiſchen anmaſſeten/ im Jahr mcdliv. eraͤuget: Denn de Stetiniſche fielen mit gewehrter Hand den Orth an/ da die Stargardiſchen jhre Korn bey der Jhner Außfluß haͤtten/ nahmen jhnen daſſelbe hinwegk/ vnd verpfaͤleten die Jhna.,noch eine fehde hat ſich in pommern zwiſchen stettin vnd stargard wegen der auſſchiffung des korns zur seewart derer ſich die stargardiſchen anmaſſeten im jahr mcdliv eraͤuget denn de stetiniſche fielen mit gewehrter hand den orth an da die stargardiſchen jhre korn bey der jhner außfluß haͤtten nahmen jhnen daſſelbe hinwegk vnd verpfaͤleten die jhna,noch eine fehde hat sich in pommern zwischen stettin und stargard wegen der ausschiffung des korns zur seewart derer sich die stargardischen anmasseten im iahr mcdliu erauget denn de stetinische fielen mit gewehrter hand den orth an da die stargardischen ihre korn bey der ihner aussfluss hatten nahmen ihnen dasselbe hinwegk und uerpfaleten die ihna
micraelius_pommernland03_1639,body,156,1,False,432,Die von Stargard reuneten die Außfahrt widerumb/ wie ſie koͤnten/ klageten vber Gewalt beym Wolgaſtiſchen Herren Erico II. vnd erhieltens/ das etliche Stettiniſche Schiffer ;zu; Wolgaſt angehalten wurden/ beſtelleten auch etliche Perſonen/ die auff die Kauff leute von Stettin wateten/ vnd ſie nach der Clempenaw fuͤhreten.,die von stargard reuneten die außfahrt widerumb wie ſie koͤnten klageten vber gewalt beym wolgaſtiſchen herren erico ii vnd erhieltens das etliche stettiniſche schiffer zu wolgaſt angehalten wurden beſtelleten auch etliche perſonen die auff die kauff leute von stettin wateten vnd ſie nach der clempenaw fuͤhreten,die uon stargard reuneten die aussfahrt widerumb wie sie konten klageten uber gewalt beym wolgastischen herren erico ii und erhieltens das etliche stettinische schiffer zu wolgast angehalten wurden bestelleten auch etliche personen die auff die kauff leute uon stettin wateten und sie nach der clempenaw fuhreten
micraelius_pommernland03_1639,body,156,2,False,433,Solches klageten die Stettiniſchen jhrem Jungen Herren Ottoni III. vnd deſſelben Vormunde Friederico/ bey dem er ſich daßmahl zu Berlin befandt.,solches klageten die stettiniſchen jhrem jungen herren ottoni iii vnd deſſelben vormunde friederico bey dem er ſich daßmahl zu berlin befandt,solches klageten die stettinischen ihrem iungen herren ottoni iii und desselben uormunde friederico bey dem er sich dassmahl zu berlin befandt
micraelius_pommernland03_1639,body,156,3,False,433,Weil aber von Hofe ab keine wirckliche Mittel zur Auffhebung der erregeten Streitigkeiten ſich mercken lieſſen/ als fielen ſie in einer groſſen Anzahl im Jahr mcdlviij in der Morgenroͤthe vnverſehens in Stargard/ pluͤnderten etliche Haͤuſer/ vnd kamen mit guter Beute zu ruͤcke.,weil aber von hofe ab keine wirckliche mittel zur auffhebung der erregeten streitigkeiten ſich mercken lieſſen als fielen ſie in einer groſſen anzahl im jahr mcdlviij in der morgenroͤthe vnverſehens in stargard pluͤnderten etliche haͤuſer vnd kamen mit guter beute zu ruͤcke,weil aber uon hofe ab keine wirckliche mittel zur auffhebung der erregeten streitigkeiten sich mercken liessen als fielen sie in einer grossen anzahl im iahr mcdluiii in der morgenrothe unuersehens in stargard plunderten etliche hauser und kamen mit guter beute zu rucke
micraelius_pommernland03_1639,body,156,4,False,433,Drauff ſchlug ſich wol der Biſchoff von Cammin/ vnd folgends die Stadt Luͤbeck in den Handel/ Aber der Streit hat ſich nichts deſtoweniger jmmer ernewert.,drauff ſchlug ſich wol der biſchoff von cammin vnd folgends die stadt luͤbeck in den handel aber der streit hat ſich nichts deſtoweniger jmmer ernewert,drauff schlug sich wol der bischoff uon cammin und folgends die stadt lubeck in den handel aber der streit hat sich nichts destoweniger immer ernewert
micraelius_pommernland03_1639,body,156,5,False,433,Die Star gardiſchen nahmen jhren Herren Ericum II. zu ſich in die Stadt/ vnd hulffen jhme Koͤnig Erichen Land/ daruͤber zwiſchen jhme vnd ſeinem Bruder Wartislao vnd Ottone III. Streit vorgefallen war/ einnehmen.,die star gardiſchen nahmen jhren herren ericum ii zu ſich in die stadt vnd hulffen jhme koͤnig erichen land daruͤber zwiſchen jhme vnd ſeinem bruder wartislao vnd ottone iii streit vorgefallen war einnehmen,die star gardischen nahmen ihren herren ericum ii zu sich in die stadt und hulffen ihme konig erichen land daruber zwischen ihme und seinem bruder wartislao und ottone iii streit uorgefallen war einnehmen
micraelius_pommernland03_1639,body,156,6,False,433,Daruͤber entſagete Ericus II. nebenſt etlichen von Adel vnd der Stadt Greiffenberg den Stettiniſchen.,daruͤber entſagete ericus ii nebenſt etlichen von adel vnd der stadt greiffenberg den stettiniſchen,daruber entsagete ericus ii nebenst etlichen uon adel und der stadt greiffenberg den stettinischen
micraelius_pommernland03_1639,body,156,7,False,433,Dieſelbe aber nehmen Rheinhold von Scheningen zum Krieges Oberſten an/ vnd thun jhren Feinden/ wor ſie koͤnnen/ Schaden.,dieſelbe aber nehmen rheinhold von scheningen zum krieges oberſten an vnd thun jhren feinden wor ſie koͤnnen schaden,dieselbe aber nehmen rheinhold uon scheningen zum krieges obersten an und thun ihren feinden wor sie konnen schaden
micraelius_pommernland03_1639,body,156,8,False,433,Dagegen brennen die Stargardiſchen jhnen den Dammiſchen Zoll nebenſt der halben Zollbruͤcken hinweg/ vnd fuͤhren nach einem Scharmuͤtzel/ der daruͤber vorlieff/ etliche Buͤrger mit ſich davon: Verbrennen auch das Dorff Berglang/ nebenſt der Stadt Stettin Ackerhoͤfe/ vnnd bekommen allda etliche Stuͤcke Geſchuͤtze mit Pulver/ vnd aller Zubehoͤrunge.,dagegen brennen die stargardiſchen jhnen den dammiſchen zoll nebenſt der halben zollbruͤcken hinweg vnd fuͤhren nach einem scharmuͤtzel der daruͤber vorlieff etliche buͤrger mit ſich davon verbrennen auch das dorff berglang nebenſt der stadt stettin ackerhoͤfe vnnd bekommen allda etliche stuͤcke geſchuͤtze mit pulver vnd aller zubehoͤrunge,dagegen brennen die stargardischen ihnen den dammischen zoll nebenst der halben zollbrucken hinweg und fuhren nach einem scharmutzel der daruber uorlieff etliche burger mit sich dauon uerbrennen auch das dorff berglang nebenst der stadt stettin ackerhofe unnd bekommen allda etliche stucke geschutze mit puluer und aller zubehorunge
micraelius_pommernland03_1639,body,156,9,False,433,Dieſes zu raͤchen/ kommen die Stettiniſchen mit Mechelburgiſcher vnd jhres Herren Huͤlffe vor Stargard/ vnd treiben jhnen jhre Viehe hinweg/ bawen auch ferner auff den Zoll einen ſtarcken newen Thurn/ vnd halten allenthalben fleiſſige Wacht.,dieſes zu raͤchen kommen die stettiniſchen mit mechelburgiſcher vnd jhres herren huͤlffe vor stargard vnd treiben jhnen jhre viehe hinweg bawen auch ferner auff den zoll einen ſtarcken newen thurn vnd halten allenthalben fleiſſige wacht,dieses zu rachen kommen die stettinischen mit mechelburgischer und ihres herren hulffe uor stargard und treiben ihnen ihre uiehe hinweg bawen auch ferner auff den zoll einen starcken newen thurn und halten allenthalben fleissige wacht
micraelius_pommernland03_1639,body,156,10,True,434,Aber dieſer Streit iſt endlich im Jahr mcdlx. abgeholffen/ als die ſaͤmptliche Fuͤrſten wegen Koͤnig Erichs Land ſich in der Guͤte vertruͤgen/ vnd auch zugleich zwiſchen beyden Staͤdten einen Frieden-Standt anrichteten/ mit dem Bedinge/ daß jedes Theil ſich auff einen oͤrdentlichen Proces vnd Außfuͤhrung ſeiner habenden Gerechtigkeit/ verweiſen ließ.,aber dieſer streit iſt endlich im jahr mcdlx abgeholffen als die ſaͤmptliche fuͤrſten wegen koͤnig erichs land ſich in der guͤte vertruͤgen vnd auch zugleich zwiſchen beyden staͤdten einen friedenstandt anrichteten mit dem bedinge daß jedes theil ſich auff einen oͤrdentlichen proces vnd außfuͤhrung ſeiner habenden gerechtigkeit verweiſen ließ,aber dieser streit ist endlich im iahr mcdlx abgeholffen als die samptliche fursten wegen konig erichs land sich in der gute uertrugen und auch zugleich zwischen beyden stadten einen friedenstandt anrichteten mit dem bedinge dass iedes theil sich auff einen ordentlichen proces und aussfuhrung seiner habenden gerechtigkeit uerweisen liess
micraelius_pommernland03_1639,body,157,0,False,434,Ehe ich mich von dieſen Geſchichten/ ſo hin vnd her in Pommern vorgelauffen ſind/ zu der Fuͤrſten Hiſtorie wider umb begebe/ muß ich noch diß erwegen/ daß ſich zu vnterſchiedlicher Zeit etliche Walfahrten in dieſer Jegend erhoben haben/ davon die jetzigen Chriſten beſſer/ als die in der dicken Finſternuß des Bapſtes ſaſſen/ richten vnd vrtheilen koͤnnen.,ehe ich mich von dieſen geſchichten ſo hin vnd her in pommern vorgelauffen ſind zu der fuͤrſten hiſtorie wider umb begebe muß ich noch diß erwegen daß ſich zu vnterſchiedlicher zeit etliche walfahrten in dieſer jegend erhoben haben davon die jetzigen chriſten beſſer als die in der dicken finſternuß des bapſtes ſaſſen richten vnd vrtheilen koͤnnen,ehe ich mich uon diesen geschichten so hin und her in pommern uorgelauffen sind zu der fursten historie wider umb begebe muss ich noch diss erwegen dass sich zu unterschiedlicher zeit etliche walfahrten in dieser iegend erhoben haben dauon die ietzigen christen besser als die in der dicken finsternuss des bapstes sassen richten und urtheilen konnen
micraelius_pommernland03_1639,body,157,1,False,434,Alſo da ein Bawr zu Dobran im Cloſter im Jahr mclxxix. die geſegnete Hoſtien am heiligen Oſtertage/ ſo jhme im hochwuͤrdigen Sacrament gereichet ward/ auß dem Munde namb/ vnd in ſeinen Hirtenſtab verſpaltete/ der Meynung/ ſeine Heerde ſolte durch ſolch Heiligthumb/ deme Jederman ſo groſſe Ehre anthate/ mercklich vermehret werden/ hat man jmmer bey jhm im Hauſe des Nachtes Liechter brennend geſehen.,alſo da ein bawr zu dobran im cloſter im jahr mclxxix die geſegnete hoſtien am heiligen oſtertage ſo jhme im hochwuͤrdigen sacrament gereichet ward auß dem munde namb vnd in ſeinen hirtenſtab verſpaltete der meynung ſeine heerde ſolte durch ſolch heiligthumb deme jederman ſo groſſe ehre anthate mercklich vermehret werden hat man jmmer bey jhm im hauſe des nachtes liechter brennend geſehen,also da ein bawr zu dobran im closter im iahr mclxxix die gesegnete hostien am heiligen ostertage so ihme im hochwurdigen sacrament gereichet ward auss dem munde namb und in seinen hirtenstab uerspaltete der meynung seine heerde solte durch solch heiligthumb deme iederman so grosse ehre anthate mercklich uermehret werden hat man immer bey ihm im hause des nachtes liechter brennend gesehen
micraelius_pommernland03_1639,body,157,2,True,434,Als ſolches die Cleriſey erfuhr/ holeten ſie das Sacrament mit ſonderlichen Ceremonien ins Cloſter/ vnd gab man daſelbſt viele von Mirackeln fuͤr/ daß dahin ein groſſer Zulauff eine Zeitlang entſtand/ vnd viele ſich an ſolchen Orth auß vermeineter Andacht/ gelobeten.,als ſolches die cleriſey erfuhr holeten ſie das sacrament mit ſonderlichen ceremonien ins cloſter vnd gab man daſelbſt viele von mirackeln fuͤr daß dahin ein groſſer zulauff eine zeitlang entſtand vnd viele ſich an ſolchen orth auß vermeineter andacht gelobeten,als solches die clerisey erfuhr holeten sie das sacrament mit sonderlichen ceremonien ins closter und gab man daselbst uiele uon mirackeln fur dass dahin ein grosser zulauff eine zeitlang entstand und uiele sich an solchen orth auss uermeineter andacht gelobeten
micraelius_pommernland03_1639,body,158,0,False,435,Acht vnd ſechtzig Jahr hernach iſt das Wunderblut zu Belitz auff ſolche Weyſe außkommen vnd beſtaͤtiget.,acht vnd ſechtzig jahr hernach iſt das wunderblut zu belitz auff ſolche weyſe außkommen vnd beſtaͤtiget,acht und sechtzig iahr hernach ist das wunderblut zu belitz auff solche weyse ausskommen und bestatiget
micraelius_pommernland03_1639,body,158,1,False,435,Etliche Juden beredeten eine Magd/ daß ſie eine geweihete Hoſtien jhnen zubrachte/ vnd als ſie dieſelbe empfiengen/ zerſtachen ſie dieſelbe/ dem HErrn Chriſto zun Vnehren/ vnd ſpieleten als eine newe Paſſion mit jhr.,etliche juden beredeten eine magd daß ſie eine geweihete hoſtien jhnen zubrachte vnd als ſie dieſelbe empfiengen zerſtachen ſie dieſelbe dem herrn chriſto zun vnehren vnd ſpieleten als eine newe paſſion mit jhr,etliche iuden beredeten eine magd dass sie eine geweihete hostien ihnen zubrachte und als sie dieselbe empfiengen zerstachen sie dieselbe dem herrn christo zun unehren und spieleten als eine newe passion mit ihr
micraelius_pommernland03_1639,body,158,2,False,435,Aber es floß alsforth ein Blut in groſſer Menge herfuͤre.,aber es floß alsforth ein blut in groſſer menge herfuͤre,aber es floss alsforth ein blut in grosser menge herfure
micraelius_pommernland03_1639,body,158,3,True,435,Sie erſchracken druͤber/ ſtelleten der Magd die Hoſtien wieder zu: Aber da ſie dieſelbe verhelen wolte/ lieſſen ſich viel Liechter vnd Kertzlein ſehen/ biß endlich die That außgekundtſchaffet/ die Juden nebeſt der Magd zur Straffe gezogen/ vnnd die Hoſtien zum Abgott gemachet ward.,sie erſchracken druͤber ſtelleten der magd die hoſtien wieder zu aber da ſie dieſelbe verhelen wolte lieſſen ſich viel liechter vnd kertzlein ſehen biß endlich die that außgekundtſchaffet die juden nebeſt der magd zur straffe gezogen vnnd die hoſtien zum abgott gemachet ward,sie erschracken druber stelleten der magd die hostien wieder zu aber da sie dieselbe uerhelen wolte liessen sich uiel liechter und kertzlein sehen biss endlich die that aussgekundtschaffet die iuden nebest der magd zur straffe gezogen unnd die hostien zum abgott gemachet ward
micraelius_pommernland03_1639,body,159,0,False,435,Zwey Jahr hernach ſol auch das Wunderblut zu Zedenick in der Marck entſtanden ſeyn/ da ein Weib/ jhr Bier deſto beſſer zu verkauffen/ eine Oblat in Wachß gedruckt/ ſoll im Keller vergraben haben.,zwey jahr hernach ſol auch das wunderblut zu zedenick in der marck entſtanden ſeyn da ein weib jhr bier deſto beſſer zu verkauffen eine oblat in wachß gedruckt ſoll im keller vergraben haben,zwey iahr hernach sol auch das wunderblut zu zedenick in der marck entstanden seyn da ein weib ihr bier desto besser zu uerkauffen eine oblat in wachss gedruckt soll im keller uergraben haben
micraelius_pommernland03_1639,body,159,1,True,435,Da dann hernach ein Blut ſoll herfuͤr gequollen ſeyn/ vnd zu einem groſſen Zulauff/ vnd Stifftung eines Frawen Cloſters nach Zedenick Vrſach gegeben haben.,da dann hernach ein blut ſoll herfuͤr gequollen ſeyn vnd zu einem groſſen zulauff vnd stifftung eines frawen cloſters nach zedenick vrſach gegeben haben,da dann hernach ein blut soll herfur gequollen seyn und zu einem grossen zulauff und stifftung eines frawen closters nach zedenick ursach gegeben haben
micraelius_pommernland03_1639,body,160,0,True,435,Alſo iſt auch im mccclxxxiij. Jahr ein groſſer Zulauff zum heiligen Blut nach Wilſenach in der Priegnitz geworden/ weil nach Abbrennung der Kirchen daſelbſt drey blutige Hoſtien vnverſehens in einer Buͤchſen daſelbſt ſind gefunden worden/ welche dann auch als ein groß Heiligthumb biß auffs mdlij. Jahr ſind beybehalten/ mit Ablaſſen geheiliget/ vnd mit dem Baͤpſtlichen Aberglauben mit groſſem Zulauff verehret worden.,alſo iſt auch im mccclxxxiij jahr ein groſſer zulauff zum heiligen blut nach wilſenach in der priegnitz geworden weil nach abbrennung der kirchen daſelbſt drey blutige hoſtien vnverſehens in einer buͤchſen daſelbſt ſind gefunden worden welche dann auch als ein groß heiligthumb biß auffs mdlij jahr ſind beybehalten mit ablaſſen geheiliget vnd mit dem baͤpſtlichen aberglauben mit groſſem zulauff verehret worden,also ist auch im mccclxxxiii iahr ein grosser zulauff zum heiligen blut nach wilsenach in der priegnitz geworden weil nach abbrennung der kirchen daselbst drey blutige hostien unuersehens in einer buchsen daselbst sind gefunden worden welche dann auch als ein gross heiligthumb biss auffs mdlii iahr sind beybehalten mit ablassen geheiliget und mit dem bapstlichen aberglauben mit grossem zulauff uerehret worden
micraelius_pommernland03_1639,body,161,0,False,436,Sonſten iſt bekand/ wie auch die Juden auß der gantzen Marck vnd Pommern wegen ſchaͤndlichen Vbermuths/ ſo ſie an einer Hoſtien/ die auch wunderbahrer Weyſe Blut van ſich gegeben/ vnd an etlichen Kindern/ die von jhnen vmbgebracht ſind/ veruͤbet haben/ ſind verwieſen worden.,sonſten iſt bekand wie auch die juden auß der gantzen marck vnd pommern wegen ſchaͤndlichen vbermuths ſo ſie an einer hoſtien die auch wunderbahrer weyſe blut van ſich gegeben vnd an etlichen kindern die von jhnen vmbgebracht ſind veruͤbet haben ſind verwieſen worden,sonsten ist bekand wie auch die iuden auss der gantzen marck und pommern wegen schandlichen ubermuths so sie an einer hostien die auch wunderbahrer weyse blut uan sich gegeben und an etlichen kindern die uon ihnen umbgebracht sind uerubet haben sind uerwiesen worden
micraelius_pommernland03_1639,body,161,1,False,436,Welche Geſchicht hieher zu ziehen vns nicht verdrieſſen ſoll.,welche geſchicht hieher zu ziehen vns nicht verdrieſſen ſoll,welche geschicht hieher zu ziehen uns nicht uerdriessen soll
micraelius_pommernland03_1639,body,161,2,False,436,Es hat Paul Frahm/ ein Keſſelbuͤſſer zu Bernaw/ die Kirche zu Knoblauch im Havellande im Jahr mdx. erbrochen/ darauß eine Monſtrantz mit zwo geſegneten Hoſtien geſtolen/ vnd davon die eine im Felde eine halbe Meile Weges bey Spandaw vernuͤtzet.,es hat paul frahm ein keſſelbuͤſſer zu bernaw die kirche zu knoblauch im havellande im jahr mdx erbrochen darauß eine monſtrantz mit zwo geſegneten hoſtien geſtolen vnd davon die eine im felde eine halbe meile weges bey spandaw vernuͤtzet,es hat paul frahm ein kesselbusser zu bernaw die kirche zu knoblauch im hauellande im iahr mdx erbrochen darauss eine monstrantz mit zwo gesegneten hostien gestolen und dauon die eine im felde eine halbe meile weges bey spandaw uernutzet
micraelius_pommernland03_1639,body,161,3,False,436,Drauff aber iſt es nach ſeiner ſo peinlichen/ ſo guthwilligen Auſſage vmb jhn her gantz finſter geworden/ alſo daß er bey einer Stunden von der Staͤtte nicht hat kommen moͤgen: Die andere hat er Salomon einem Juden zu Spandow vmb neun Maͤrckiſche Groſchen verkaufft/ vnd als deßhalben ein Verdacht auff jhn geworffen ward/ iſt er zwar eine Zeitlang vorgewichen/ aber ſein Gewiſſen hat jhn wider nach Bernaw getrieben/ da er gefaͤnglich iſt angenommen/ vnd nach Berlin gefuͤhret worden.,drauff aber iſt es nach ſeiner ſo peinlichen ſo guthwilligen auſſage vmb jhn her gantz finſter geworden alſo daß er bey einer stunden von der staͤtte nicht hat kommen moͤgen die andere hat er salomon einem juden zu spandow vmb neun maͤrckiſche groſchen verkaufft vnd als deßhalben ein verdacht auff jhn geworffen ward iſt er zwar eine zeitlang vorgewichen aber ſein gewiſſen hat jhn wider nach bernaw getrieben da er gefaͤnglich iſt angenommen vnd nach berlin gefuͤhret worden,drauff aber ist es nach seiner so peinlichen so guthwilligen aussage umb ihn her gantz finster geworden also dass er bey einer stunden uon der statte nicht hat kommen mogen die andere hat er salomon einem iuden zu spandow umb neun marckische groschen uerkaufft und als desshalben ein uerdacht auff ihn geworffen ward ist er zwar eine zeitlang uorgewichen aber sein gewissen hat ihn wider nach bernaw getrieben da er gefanglich ist angenommen und nach berlin gefuhret worden
micraelius_pommernland03_1639,body,161,4,False,436,Salomon der Jude ward auch dahin gebracht/ der dann dieſe Auſſage thate/ daß er in die Hoſtien mit Meſſern gehawen vnd geſtochen habe/ vnd wiewol er ſie durch viele Arbeit ſeines Gefallens nach nicht habe zerbrechen koͤnnen/ ſo ſey ſie doch in dem letzten ſtiche in drey ſtuͤcklein von ein ander geſprungen.,salomon der jude ward auch dahin gebracht der dann dieſe auſſage thate daß er in die hoſtien mit meſſern gehawen vnd geſtochen habe vnd wiewol er ſie durch viele arbeit ſeines gefallens nach nicht habe zerbrechen koͤnnen ſo ſey ſie doch in dem letzten ſtiche in drey ſtuͤcklein von ein ander geſprungen,salomon der iude ward auch dahin gebracht der dann diese aussage thate dass er in die hostien mit messern gehawen und gestochen habe und wiewol er sie durch uiele arbeit seines gefallens nach nicht habe zerbrechen konnen so sey sie doch in dem letzten stiche in drey stucklein uon ein ander gesprungen
micraelius_pommernland03_1639,body,161,5,False,436,Davon habe er ein ſtuͤcklein verſchlingen wollen/ aber da jhme ſolches vnmuͤglich geweſen/ habe ers in einen Weitzenteig gedrucket/ vnd einen Kuchen drauß gemachet/ denſelben in den Ofen geſchoben/ vnd endlich in die Synagog gehangen.,davon habe er ein ſtuͤcklein verſchlingen wollen aber da jhme ſolches vnmuͤglich geweſen habe ers in einen weitzenteig gedrucket vnd einen kuchen drauß gemachet denſelben in den ofen geſchoben vnd endlich in die synagog gehangen,dauon habe er ein stucklein uerschlingen wollen aber da ihme solches unmuglich gewesen habe ers in einen weitzenteig gedrucket und einen kuchen drauss gemachet denselben in den ofen geschoben und endlich in die synagog gehangen
micraelius_pommernland03_1639,body,161,6,False,436,Dabey aber dieſes vorgegangen ſey/ daß der Teig nicht alleine ſey roth geworden/ ſondern ſich auch im Ofen ein ſchoͤner heller Glantz/ vnd zu zweyen mahlen ein ſeuberliches kleines Kindlein habe ſehen laſſen.,dabey aber dieſes vorgegangen ſey daß der teig nicht alleine ſey roth geworden ſondern ſich auch im ofen ein ſchoͤner heller glantz vnd zu zweyen mahlen ein ſeuberliches kleines kindlein habe ſehen laſſen,dabey aber dieses uorgegangen sey dass der teig nicht alleine sey roth geworden sondern sich auch im ofen ein schoner heller glantz und zu zweyen mahlen ein seuberliches kleines kindlein habe sehen lassen
micraelius_pommernland03_1639,body,161,7,False,437,Die andere Partickel habe er nach Brandenburg/ die dritte nach Stendel zu den Juden verſchicket.,die andere partickel habe er nach brandenburg die dritte nach stendel zu den juden verſchicket,die andere partickel habe er nach brandenburg die dritte nach stendel zu den iuden uerschicket
micraelius_pommernland03_1639,body,161,8,False,437,An beydẽ Ortern habẽ dieſelbe mit groſſen Gotteslaͤſterungen vnd Fluchẽ vnſers Erloͤſers drin gehawë/ vnd ſie doch nicht verſehren koͤnnen: An beyden Ortern iſt Blut darauß geronnen.,an beydẽ ortern habẽ dieſelbe mit groſſen gotteslaͤſterungen vnd fluchẽ vnſers erloͤſers drin gehawë vnd ſie doch nicht verſehren koͤnnen an beyden ortern iſt blut darauß geronnen,an beyden ortern haben dieselbe mit grossen gotteslasterungen und fluchen unsers erlosers drin gehawe und sie doch nicht uersehren konnen an beyden ortern ist blut darauss geronnen
micraelius_pommernland03_1639,body,161,9,False,437,Die Juden von Brandenburg haben jhre Stuͤck weiters nach O ſterburg geſchicket/ da es abermahl von den Juͤden/ die davon/ jrer Auſſage nach/ auch habẽ Wunderwerck ſehẽ wollen/ zur Schmahe Chriſti iſt gemartert wordẽ/ dz Blut wunder baꝛlich davon gefloſſen iſt.,die juden von brandenburg haben jhre stuͤck weiters nach o ſterburg geſchicket da es abermahl von den juͤden die davon jrer auſſage nach auch habẽ wunderwerck ſehẽ wollen zur schmahe chriſti iſt gemartert wordẽ dz blut wunder baꝛlich davon gefloſſen iſt,die iuden uon brandenburg haben ihre stuck weiters nach o sterburg geschicket da es abermahl uon den iuden die dauon irer aussage nach auch haben wunderwerck sehen wollen zur schmahe christi ist gemartert worden dz blut wunder balich dauon geflossen ist
micraelius_pommernland03_1639,body,161,10,False,437,Von Oſterburg iſt dieſes ſtuͤcke endlich nach Braunſchweig den Juden zugeſchicket.,von oſterburg iſt dieſes ſtuͤcke endlich nach braunſchweig den juden zugeſchicket,uon osterburg ist dieses stucke endlich nach braunschweig den iuden zugeschicket
micraelius_pommernland03_1639,body,161,11,False,437,Da nun die Thaͤter eingezogẽ vnd geſtraffet wurden/ haben ſie nicht allein ſolches alles bekand/ ſondern auch außgeſaget/ daß ſie jnnerhalb x. Jahren funff Chriſten Kinder zu Berlin/ Werben/ Brandenburg vnd Oſterburg an ſich gekaͤuffet/ ſie getoͤdtet/ vnd jre Blut von jnen auffgehoben/ theils daß ſie in jhrem Gemuͤthe wider die Chriſten grim̃iger vnd hitziger wuͤrden/ theils dz ſie daſſelbige in jren Kranckheiten verbraucheten.,da nun die thaͤter eingezogẽ vnd geſtraffet wurden haben ſie nicht allein ſolches alles bekand ſondern auch außgeſaget daß ſie jnnerhalb x jahren funff chriſten kinder zu berlin werben brandenburg vnd oſterburg an ſich gekaͤuffet ſie getoͤdtet vnd jre blut von jnen auffgehoben theils daß ſie in jhrem gemuͤthe wider die chriſten grim̃iger vnd hitziger wuͤrden theils dz ſie daſſelbige in jren kranckheiten verbraucheten,da nun die thater eingezogen und gestraffet wurden haben sie nicht allein solches alles bekand sondern auch aussgesaget dass sie innerhalb x iahren funff christen kinder zu berlin werben brandenburg und osterburg an sich gekauffet sie getodtet und ire blut uon inen auffgehoben theils dass sie in ihrem gemuthe wider die christen grimmiger und hitziger wurden theils dz sie dasselbige in iren kranckheiten uerbraucheten
micraelius_pommernland03_1639,body,161,12,False,437,Als nun Churfuͤrſt Joachim hieruͤber Vrtheil vnd Recht er gehen/ vnd der Gotteslaͤſterlichen Juden xxxviij. nebenſt dẽ Keſſelbuͤſſer zum Fewr verdam̃en lies/ haben dieſelbe jm̃erfort jhre gottloſe Reden wider der Chriſten Gott gepflogen/ vñ ſind alſo des Teuffels Martyrer geworden.,als nun churfuͤrſt joachim hieruͤber vrtheil vnd recht er gehen vnd der gotteslaͤſterlichen juden xxxviij nebenſt dẽ keſſelbuͤſſer zum fewr verdam̃en lies haben dieſelbe jm̃erfort jhre gottloſe reden wider der chriſten gott gepflogen vñ ſind alſo des teuffels martyrer geworden,als nun churfurst ioachim hieruber urtheil und recht er gehen und der gotteslasterlichen iuden xxxuiii nebenst den kesselbusser zum fewr uerdammen lies haben dieselbe immerfort ihre gottlose reden wider der christen gott gepflogen und sind also des teuffels martyrer geworden
micraelius_pommernland03_1639,body,161,13,False,437,Nur zween vnter jhnen/ als Jacob von Brandenburg/ deme ſich die Jungfraw Maria im Geſichte ſoll zu vnterſchiedlichen mahlen haben ſehẽlaſſen/ vnd Joſeph von Seehauſen haben ſich zum Chriſtlichen Glauben bekand/ vnd ſind mit dem Schwerdt gerichtet worden.,nur zween vnter jhnen als jacob von brandenburg deme ſich die jungfraw maria im geſichte ſoll zu vnterſchiedlichen mahlen haben ſehẽlaſſen vnd joſeph von seehauſen haben ſich zum chriſtlichen glauben bekand vnd ſind mit dem schwerdt gerichtet worden,nur zween unter ihnen als iacob uon brandenburg deme sich die iungfraw maria im gesichte soll zu unterschiedlichen mahlen haben sehenlassen und ioseph uon seehausen haben sich zum christlichen glauben bekand und sind mit dem schwerdt gerichtet worden
micraelius_pommernland03_1639,body,161,14,False,438,Die andern Juden alle wurden ewiglich des Landes verfeſtet.,die andern juden alle wurden ewiglich des landes verfeſtet,die andern iuden alle wurden ewiglich des landes uerfestet
micraelius_pommernland03_1639,body,161,15,True,438,Ob aber wol ſo viele Wunder bey dieſer Hoſtien fuͤrgelauffen/ ſo hat gleichwol der loͤbliche Churfuͤrſt kein Wunderbluth darauß machen/ noch es an zu beten/ vnd Walfahrten dahin an zuſtellen/ verordnen wollen/ ſondern zur Gedaͤchtnuß hat er zu Brandenburg im Thumb den Tiſch/ darauß das Blut aus der einen Partickel gefloſſen/ nebenſt den Juͤdiſchen Pfriemen vnd Meſſern/ vnd dem Kuchen/ darein das eine Stuͤcke iſt gebacken worden/ auff heben laſſen.,ob aber wol ſo viele wunder bey dieſer hoſtien fuͤrgelauffen ſo hat gleichwol der loͤbliche churfuͤrſt kein wunderbluth darauß machen noch es an zu beten vnd walfahrten dahin an zuſtellen verordnen wollen ſondern zur gedaͤchtnuß hat er zu brandenburg im thumb den tiſch darauß das blut aus der einen partickel gefloſſen nebenſt den juͤdiſchen pfriemen vnd meſſern vnd dem kuchen darein das eine stuͤcke iſt gebacken worden auff heben laſſen,ob aber wol so uiele wunder bey dieser hostien furgelauffen so hat gleichwol der lobliche churfurst kein wunderbluth darauss machen noch es an zu beten und walfahrten dahin an zustellen uerordnen wollen sondern zur gedachtnuss hat er zu brandenburg im thumb den tisch darauss das blut aus der einen partickel geflossen nebenst den iudischen pfriemen und messern und dem kuchen darein das eine stucke ist gebacken worden auff heben lassen
micraelius_pommernland03_1639,body,162,0,True,438,Wir muͤſſen aber nunmehr nach vnſerm Zwegk wiederumb die Augen wenden/ vnd beſehen/ waß ſich in Pommern nach dem toͤdtlichen Hintritt des letzten Hertzogen von Stettin Ottonis III. zugetragen habe.,wir muͤſſen aber nunmehr nach vnſerm zwegk wiederumb die augen wenden vnd beſehen waß ſich in pommern nach dem toͤdtlichen hintritt des letzten hertzogen von stettin ottonis iii zugetragen habe,wir mussen aber nunmehr nach unserm zwegk wiederumb die augen wenden und besehen wass sich in pommern nach dem todtlichen hintritt des letzten hertzogen uon stettin ottonis iii zugetragen habe
micraelius_pommernland03_1639,body,163,0,False,438,Daß der Churfuͤrſt vnd Marggraff von Brandenburg die Anwartung ans Land zu Stettin in vorigen Zeiten habe erhalten/ vnd ſich beſtaͤtigen laſſen/ iſt droben vmbſtaͤndlich außgefuͤhret worden.,daß der churfuͤrſt vnd marggraff von brandenburg die anwartung ans land zu stettin in vorigen zeiten habe erhalten vnd ſich beſtaͤtigen laſſen iſt droben vmbſtaͤndlich außgefuͤhret worden,dass der churfurst und marggraff uon brandenburg die anwartung ans land zu stettin in uorigen zeiten habe erhalten und sich bestatigen lassen ist droben umbstandlich aussgefuhret worden
micraelius_pommernland03_1639,body,163,1,False,438,Alldieweil nun Hertzog Otto ohne Gemahl vnd Leibes Erben im Jahr mdcdlxiv. an der Peſt verſtorben/ vnd mit jhme Ottonis I. Stamm vnd die Stettiniſche Linij verloſchen war/ gab Friedericus IV. der Churfuͤrſt fuͤr/ das Hertzogthumb zu Stettin Pommern were an jhn/ laut deſſen/ was zwiſchen Marggraff Ludewig dem Roͤmer/ vnd Barnimo III. hiebevor abgehandelt war/ vnd nicht an die Wolgaſtiſche Fuͤrſten/ verfallen/ theils weil dieſelbe aus einem andern Geſchlecht waren/ vnd ſich nicht Hertzogen von Stettin/ ſondern von Barth vnd Grimmen nenneten/ theils weil ſie mit den Stetiniſchen Fuͤrſten nicht einerley Wapen fuͤhreten/ vnd einen ſchwartzen Greiff hetten/ da doch der Stetiniſche Greiff roth were/ dann auch/ das Koͤnig Erich geſaget hette/ Hertzog Erich der Ander were ſein Erbe nicht.,alldieweil nun hertzog otto ohne gemahl vnd leibes erben im jahr mdcdlxiv an der peſt verſtorben vnd mit jhme ottonis i stamm vnd die stettiniſche linij verloſchen war gab friedericus iv der churfuͤrſt fuͤr das hertzogthumb zu stettin pommern were an jhn laut deſſen was zwiſchen marggraff ludewig dem roͤmer vnd barnimo iii hiebevor abgehandelt war vnd nicht an die wolgaſtiſche fuͤrſten verfallen theils weil dieſelbe aus einem andern geſchlecht waren vnd ſich nicht hertzogen von stettin ſondern von barth vnd grimmen nenneten theils weil ſie mit den stetiniſchen fuͤrſten nicht einerley wapen fuͤhreten vnd einen ſchwartzen greiff hetten da doch der stetiniſche greiff roth were dann auch das koͤnig erich geſaget hette hertzog erich der ander were ſein erbe nicht,alldieweil nun hertzog otto ohne gemahl und leibes erben im iahr mdcdlxiu an der pest uerstorben und mit ihme ottonis i stamm und die stettinische linii uerloschen war gab friedericus iu der churfurst fur das hertzogthumb zu stettin pommern were an ihn laut dessen was zwischen marggraff ludewig dem romer und barnimo iii hiebeuor abgehandelt war und nicht an die wolgastische fursten uerfallen theils weil dieselbe aus einem andern geschlecht waren und sich nicht hertzogen uon stettin sondern uon barth und grimmen nenneten theils weil sie mit den stetinischen fursten nicht einerley wapen fuhreten und einen schwartzen greiff hetten da doch der stetinische greiff roth were dann auch das konig erich gesaget hette hertzog erich der ander were sein erbe nicht
micraelius_pommernland03_1639,body,163,2,False,439,Es waren auch etliche von der Landſchafft/ vnd aus den Staͤdten/ die es mehr mit dem Churfuͤrſten/ als den Wolgaſtiſchen Fuͤrſten hielten: Derowegen warff auch Albrecht Glinde ein Buͤrgermeiſter von Stettin/ ſonſt aus der Marck von Rupin buͤrtig/ als die Fuͤrſtliche Leiche zu St. Otten in Stettin/ in beyſein der vornembſten Stetiniſchen Landſchafft beygeſetzet ward/ Schild vnd Helm mit ins Grab/ gerade als wenn der loͤbliche Stam̃ des Stetiniſchen Hertzogthumbs erloſchen were.,es waren auch etliche von der landſchafft vnd aus den staͤdten die es mehr mit dem churfuͤrſten als den wolgaſtiſchen fuͤrſten hielten derowegen warff auch albrecht glinde ein buͤrgermeiſter von stettin ſonſt aus der marck von rupin buͤrtig als die fuͤrſtliche leiche zu st otten in stettin in beyſein der vornembſten stetiniſchen landſchafft beygeſetzet ward schild vnd helm mit ins grab gerade als wenn der loͤbliche stam̃ des stetiniſchen hertzogthumbs erloſchen were,es waren auch etliche uon der landschafft und aus den stadten die es mehr mit dem churfursten als den wolgastischen fursten hielten derowegen warff auch albrecht glinde ein burgermeister uon stettin sonst aus der marck uon rupin burtig als die furstliche leiche zu st otten in stettin in beysein der uornembsten stetinischen landschafft beygesetzet ward schild und helm mit ins grab gerade als wenn der lobliche stamm des stetinischen hertzogthumbs erloschen were
micraelius_pommernland03_1639,body,163,3,False,439,Aber viele Anweſende aus der Geiſtligkeit/ vom Adel vnd Staͤdten/ lieſſen ſich ſolches nicht gefallen/ ſageten/ Hertzog Erich der Ander vnd Wartislaff der Zehende lebeten noch/ vnd weren jhres Landes Fuͤrſten rechte Vettern/ vnd ware Erben.,aber viele anweſende aus der geiſtligkeit vom adel vnd staͤdten lieſſen ſich ſolches nicht gefallen ſageten hertzog erich der ander vnd wartislaff der zehende lebeten noch vnd weren jhres landes fuͤrſten rechte vettern vnd ware erben,aber uiele anwesende aus der geistligkeit uom adel und stadten liessen sich solches nicht gefallen sageten hertzog erich der ander und wartislaff der zehende lebeten noch und weren ihres landes fursten rechte uettern und ware erben
micraelius_pommernland03_1639,body,163,4,True,439,Auch Franz von Eichſtet ſprang alsfort ins Grab/ holete Helm vnd Schild wieder heraus/ vnd ſchloß mit den andern/ vngeachtet/ was etliche einwendeten/ man ſolte Helm vnd Schild den beyden Herren Gebruͤderen mit anbietung gebuͤhrlicher Pflicht durch eine anſehenliche Legation vberſchicken.,auch franz von eichſtet ſprang alsfort ins grab holete helm vnd schild wieder heraus vnd ſchloß mit den andern vngeachtet was etliche einwendeten man ſolte helm vnd schild den beyden herren gebruͤderen mit anbietung gebuͤhrlicher pflicht durch eine anſehenliche legation vberſchicken,auch franz uon eichstet sprang alsfort ins grab holete helm und schild wieder heraus und schloss mit den andern ungeachtet was etliche einwendeten man solte helm und schild den beyden herren gebruderen mit anbietung gebuhrlicher pflicht durch eine ansehenliche legation uberschicken
micraelius_pommernland03_1639,body,164,0,False,439,Gleichwol werden dieſelbe mit der Huldigung eine Zeitlang auffgehalten/ da der Churfuͤrſt erſtlich an die Stetiniſche Landſchafft obgeſagete Vrſachen/ die er zu behauptung ſeiner an dem Lande Stettin habender Gerechtigkeit/ vorwandte/ gelangen ließ/ auch bey Kaͤyſer Friederichen dem Dritten beſtetigung der Lehen im Hertzogthumb Stettin/ ehe der Kegenbericht der Pommeriſchen einkamb/ erhielt vnd erlangete.,gleichwol werden dieſelbe mit der huldigung eine zeitlang auffgehalten da der churfuͤrſt erſtlich an die stetiniſche landſchafft obgeſagete vrſachen die er zu behauptung ſeiner an dem lande stettin habender gerechtigkeit vorwandte gelangen ließ auch bey kaͤyſer friederichen dem dritten beſtetigung der lehen im hertzogthumb stettin ehe der kegenbericht der pommeriſchen einkamb erhielt vnd erlangete,gleichwol werden dieselbe mit der huldigung eine zeitlang auffgehalten da der churfurst erstlich an die stetinische landschafft obgesagete ursachen die er zu behauptung seiner an dem lande stettin habender gerechtigkeit uorwandte gelangen liess auch bey kayser friederichen dem dritten bestetigung der lehen im hertzogthumb stettin ehe der kegenbericht der pommerischen einkamb erhielt und erlangete
micraelius_pommernland03_1639,body,164,1,True,440,Dennoch da Doctor Matthias von Wedel nebenſt Jarislaff Barnekowen am Kaͤyſerlichen Hofe im Nahmen der Pommeriſchen Hertzogen dar hat vnd bewies/ das/ ob woll das Land zu Stettin vber anderthalb hundert Jahren ſeine beſondere Herren gehabt hette/ die man die Stettiniſche Fuͤrſten nennete/ dennoch die andere Hertzogen von Pommern/ ſo ſich wegen vielfaͤltigen vnterſcheidlichen Erbtheilungen vnd Reſidenzen/ bald Hertzogen von Barth/ bald von Wolgaſt/ vnd ſonſten/ nennen pflegen/ die naͤhiſten Vettern vnd Erben weren/ als die ſich alle von Barnimo I. als dem gemeinen Erbſtammen herrechneten/ vnd dannenher zur anzeige/ das ſie mit der Stetiniſchen Herꝛſchafft eines Gebluͤtes weren/ vnd ſich von jhr nicht wolten trennen laſſen/ etliche Stuͤcken des Landes zu Stettin ſich vorbehalten hetten/ vnd derer Jaͤhrlich zu erhaltung jhres Rechtes bißher ohne weitern Einſpruch theilhafftig geworden weren: Das auch Koͤnig Erich nicht ſchlechter dinge Hertzog Erichen/ als ſeinen Erben/ verworffen/ ſondern nur darumb im Eyfer etliche Wort außgeſtoſſen hette/ weil Hertzog Erich wegen ſeiner Gemaͤhlin mit ausſchlieſſung ſeines Bruders Wartislai IX. vnd dann des Stetiniſchen Hertzogen Ottonis III. ſich allein der Erbſchafft des Landes anmaſſen wolte; Als hat Kaͤyſerl. Mayt. vngeachtet des Beſcheides/ der dem Churfuͤrſten auff ſein Vorbringen gegeben war/ den Hertzogen von Pommern die Verlehnung verſprochen/ vnd zugeſaget/ ſo ſie ſich perſoͤnlich ſtellen wuͤrden.,dennoch da doctor matthias von wedel nebenſt jarislaff barnekowen am kaͤyſerlichen hofe im nahmen der pommeriſchen hertzogen dar hat vnd bewies das ob woll das land zu stettin vber anderthalb hundert jahren ſeine beſondere herren gehabt hette die man die stettiniſche fuͤrſten nennete dennoch die andere hertzogen von pommern ſo ſich wegen vielfaͤltigen vnterſcheidlichen erbtheilungen vnd reſidenzen bald hertzogen von barth bald von wolgaſt vnd ſonſten nennen pflegen die naͤhiſten vettern vnd erben weren als die ſich alle von barnimo i als dem gemeinen erbſtammen herrechneten vnd dannenher zur anzeige das ſie mit der stetiniſchen herꝛſchafft eines gebluͤtes weren vnd ſich von jhr nicht wolten trennen laſſen etliche stuͤcken des landes zu stettin ſich vorbehalten hetten vnd derer jaͤhrlich zu erhaltung jhres rechtes bißher ohne weitern einſpruch theilhafftig geworden weren das auch koͤnig erich nicht ſchlechter dinge hertzog erichen als ſeinen erben verworffen ſondern nur darumb im eyfer etliche wort außgeſtoſſen hette weil hertzog erich wegen ſeiner gemaͤhlin mit ausſchlieſſung ſeines bruders wartislai ix vnd dann des stetiniſchen hertzogen ottonis iii ſich allein der erbſchafft des landes anmaſſen wolte als hat kaͤyſerl mayt vngeachtet des beſcheides der dem churfuͤrſten auff ſein vorbringen gegeben war den hertzogen von pommern die verlehnung verſprochen vnd zugeſaget ſo ſie ſich perſoͤnlich ſtellen wuͤrden,dennoch da doctor matthias uon wedel nebenst iarislaff barnekowen am kayserlichen hofe im nahmen der pommerischen hertzogen dar hat und bewies das ob woll das land zu stettin uber anderthalb hundert iahren seine besondere herren gehabt hette die man die stettinische fursten nennete dennoch die andere hertzogen uon pommern so sich wegen uielfaltigen unterscheidlichen erbtheilungen und residenzen bald hertzogen uon barth bald uon wolgast und sonsten nennen pflegen die nahisten uettern und erben weren als die sich alle uon barnimo i als dem gemeinen erbstammen herrechneten und dannenher zur anzeige das sie mit der stetinischen herschafft eines geblutes weren und sich uon ihr nicht wolten trennen lassen etliche stucken des landes zu stettin sich uorbehalten hetten und derer iahrlich zu erhaltung ihres rechtes bissher ohne weitern einspruch theilhafftig geworden weren das auch konig erich nicht schlechter dinge hertzog erichen als seinen erben uerworffen sondern nur darumb im eyfer etliche wort aussgestossen hette weil hertzog erich wegen seiner gemahlin mit ausschliessung seines bruders wartislai ix und dann des stetinischen hertzogen ottonis iii sich allein der erbschafft des landes anmassen wolte als hat kayserl mayt ungeachtet des bescheides der dem churfursten auff sein uorbringen gegeben war den hertzogen uon pommern die uerlehnung uersprochen und zugesaget so sie sich personlich stellen wurden
micraelius_pommernland03_1639,body,165,0,False,441,Gleichwol hat es allenthalben ſchwere Knoten geſetzet.,gleichwol hat es allenthalben ſchwere knoten geſetzet,gleichwol hat es allenthalben schwere knoten gesetzet
micraelius_pommernland03_1639,body,165,1,False,441,Die Fuͤrſten wolten zu vermeidunge innerlicher Auffruhr von der Stetiniſchen Landſchafft gebuͤhrliche Erbhuldigung auffnehmen/ ehe ſie die Belehnung vom Kaͤyſer empfiengen/ vnd baten wegen jhrer Reyſe zur Kaͤyſerlichen Mayt. vmb friſt vnd dilation.,die fuͤrſten wolten zu vermeidunge innerlicher auffruhr von der stetiniſchen landſchafft gebuͤhrliche erbhuldigung auffnehmen ehe ſie die belehnung vom kaͤyſer empfiengen vnd baten wegen jhrer reyſe zur kaͤyſerlichen mayt vmb friſt vnd dilation,die fursten wolten zu uermeidunge innerlicher auffruhr uon der stetinischen landschafft gebuhrliche erbhuldigung auffnehmen ehe sie die belehnung uom kayser empfiengen und baten wegen ihrer reyse zur kayserlichen mayt umb frist und dilation
micraelius_pommernland03_1639,body,165,2,False,441,Die Landſchafft ſahe/ was fuͤr ein Gewuͤlck aus der Marck ſich zuſammen trug: Wolte deßwegen den eingefallenen Streit erſtlich entſcheiden/ vnd entrichtet wiſſen: Dannenher ward die Huldigung bis ins mcdlxvj. Jahr auffgeſchoben/ inſonderheit weil etliche bedraͤwliche Schreiben vnd Reden/ im falle dieſelbe geleiſtet wuͤrde/ an ſie abgiengen.,die landſchafft ſahe was fuͤr ein gewuͤlck aus der marck ſich zuſammen trug wolte deßwegen den eingefallenen streit erſtlich entſcheiden vnd entrichtet wiſſen dannenher ward die huldigung bis ins mcdlxvj jahr auffgeſchoben inſonderheit weil etliche bedraͤwliche schreiben vnd reden im falle dieſelbe geleiſtet wuͤrde an ſie abgiengen,die landschafft sahe was fur ein gewulck aus der marck sich zusammen trug wolte desswegen den eingefallenen streit erstlich entscheiden und entrichtet wissen dannenher ward die huldigung bis ins mcdlxui iahr auffgeschoben insonderheit weil etliche bedrawliche schreiben und reden im falle dieselbe geleistet wurde an sie abgiengen
micraelius_pommernland03_1639,body,165,3,False,441,Doch ward endlich das Recht/ ſo die Pommeriſche Fuͤrſten am Pommeriſchen Lande hetten/ allen Beſchwerligkeiten vorgezogen.,doch ward endlich das recht ſo die pommeriſche fuͤrſten am pommeriſchen lande hetten allen beſchwerligkeiten vorgezogen,doch ward endlich das recht so die pommerische fursten am pommerischen lande hetten allen beschwerligkeiten uorgezogen
micraelius_pommernland03_1639,body,165,4,False,441,Vnd erſtlich wurden allerley Handelungen zwiſchen Marck vnd Pommern gepflogen/ darin es endlich da hinaus lieff/ das weder der Churfuͤrſt ſeine Anforderung wolte laſſen fallen/ noch die Hertzogen jhre Recht gemindert wiſſen.,vnd erſtlich wurden allerley handelungen zwiſchen marck vnd pommern gepflogen darin es endlich da hinaus lieff das weder der churfuͤrſt ſeine anforderung wolte laſſen fallen noch die hertzogen jhre recht gemindert wiſſen,und erstlich wurden allerley handelungen zwischen marck und pommern gepflogen darin es endlich da hinaus lieff das weder der churfurst seine anforderung wolte lassen fallen noch die hertzogen ihre recht gemindert wissen
micraelius_pommernland03_1639,body,165,5,False,441,Dann dieſelbe hetten nunmehr durch die new angerichtete Vniverſitaͤt zu Greiffswalde feine gelarte Leute ins Land bekommen/ durch dero einrathen vnd Rathſchlaͤge/ die Beſchaffenheit der Sache mehr erwogen ward/ als vorhin.,dann dieſelbe hetten nunmehr durch die new angerichtete vniverſitaͤt zu greiffswalde feine gelarte leute ins land bekommen durch dero einrathen vnd rathſchlaͤge die beſchaffenheit der sache mehr erwogen ward als vorhin,dann dieselbe hetten nunmehr durch die new angerichtete uniuersitat zu greiffswalde feine gelarte leute ins land bekommen durch dero einrathen und rathschlage die beschaffenheit der sache mehr erwogen ward als uorhin
micraelius_pommernland03_1639,body,165,6,False,441,Die vorige Pommern hetten/ wie Wartislaus hat pflegen zu ſagen/ allewege mehr in guͤthlichen Handlungen/ als im Kriege verlohren.,die vorige pommern hetten wie wartislaus hat pflegen zu ſagen allewege mehr in guͤthlichen handlungen als im kriege verlohren,die uorige pommern hetten wie wartislaus hat pflegen zu sagen allewege mehr in guthlichen handlungen als im kriege uerlohren
micraelius_pommernland03_1639,body,165,7,True,441,Aber da nunmehr Rechtsgelarte in der Vniverſitaͤt/ vnd in Staͤdten gefunden wurden/ die des Vaterlandes Wolfahrt auch mit der Fieder vnd der Zunge in angeſtelleten Tagleiſtungen handhaben koͤnten/ muͤſte es heiſſen/ welcher Teuffel hat die Pommern alſo klug gemachet?,aber da nunmehr rechtsgelarte in der vniverſitaͤt vnd in staͤdten gefunden wurden die des vaterlandes wolfahrt auch mit der fieder vnd der zunge in angeſtelleten tagleiſtungen handhaben koͤnten muͤſte es heiſſen welcher teuffel hat die pommern alſo klug gemachet,aber da nunmehr rechtsgelarte in der uniuersitat und in stadten gefunden wurden die des uaterlandes wolfahrt auch mit der fieder und der zunge in angestelleten tagleistungen handhaben konten muste es heissen welcher teuffel hat die pommern also klug gemachet
micraelius_pommernland03_1639,body,166,0,False,442,Nichts deſto weniger iſt es zu verhuͤtung des Krieges auff einer Zuſammenkunfft zu Soldin durch etliche wenig Hoff- vnd Land Raͤthe dahin verabredet/ weil der Churfuͤrſt ſich erbott/ den Hertzogen aus Pommeren das Land zu laſſen/ wenn ſie es wolten von jhme zur Lehen tragen/ das die Stettiniſche Landſchafft ſo woll dem Churfuͤrſten/ als den Herzogen Huldigung leiſten ſolte: Vnd das alſo die Lehen vom Churfuͤrſten vmbſonſt getragen wurde.,nichts deſto weniger iſt es zu verhuͤtung des krieges auff einer zuſammenkunfft zu soldin durch etliche wenig hoff vnd land raͤthe dahin verabredet weil der churfuͤrſt ſich erbott den hertzogen aus pommeren das land zu laſſen wenn ſie es wolten von jhme zur lehen tragen das die stettiniſche landſchafft ſo woll dem churfuͤrſten als den herzogen huldigung leiſten ſolte vnd das alſo die lehen vom churfuͤrſten vmbſonſt getragen wurde,nichts desto weniger ist es zu uerhutung des krieges auff einer zusammenkunfft zu soldin durch etliche wenig hoff und land rathe dahin uerabredet weil der churfurst sich erbott den hertzogen aus pommeren das land zu lassen wenn sie es wolten uon ihme zur lehen tragen das die stettinische landschafft so woll dem churfursten als den herzogen huldigung leisten solte und das also die lehen uom churfursten umbsonst getragen wurde
micraelius_pommernland03_1639,body,166,1,False,442,Dabey gleichwol die außdruͤckliche Clauſul vnd bedingung angehefftet ward/ das dieſer Vertrag zum Soldine nicht ehe ſolte guͤltig ſein/ biß Kaͤyſer I. Bewilligung einkaͤme.,dabey gleichwol die außdruͤckliche clauſul vnd bedingung angehefftet ward das dieſer vertrag zum soldine nicht ehe ſolte guͤltig ſein biß kaͤyſer i bewilligung einkaͤme,dabey gleichwol die aussdruckliche clausul und bedingung angehefftet ward das dieser uertrag zum soldine nicht ehe solte gultig sein biss kayser i bewilligung einkame
micraelius_pommernland03_1639,body,166,2,True,442,Weil aber dieſelbe durchaus nicht hat koͤnnen erhalten vnd eingebracht werden/ ſondern vielmehr der Kaͤyſer durch ein oͤffentlich Mandat vnter dem Dato Graͤz den xiv. Octobris mcdlxviij. Jahres den Hertzogen bey Poen tauſend Pfund Goldes geboten hat/ die Lande vnd Lehen keines Weges zu veraͤndern/ als hat die ſaͤmptliche Landſchafft endlich dahin geſchloſſen/ der Soldiniſche Vertrag/ durch wenige geſchloſſen/ vnd nunmehr durch Kaͤyſerliche caſſation auffgehoben/ koͤnte jhnen nicht nachtheilig ſein/ vnd haben alſo die Geiſtlichen ſo woll/ als die vom Adel vnd Staͤdte jhrem Churfuͤrſten gehuldiget.,weil aber dieſelbe durchaus nicht hat koͤnnen erhalten vnd eingebracht werden ſondern vielmehr der kaͤyſer durch ein oͤffentlich mandat vnter dem dato graͤz den xiv octobris mcdlxviij jahres den hertzogen bey poen tauſend pfund goldes geboten hat die lande vnd lehen keines weges zu veraͤndern als hat die ſaͤmptliche landſchafft endlich dahin geſchloſſen der soldiniſche vertrag durch wenige geſchloſſen vnd nunmehr durch kaͤyſerliche caſſation auffgehoben koͤnte jhnen nicht nachtheilig ſein vnd haben alſo die geiſtlichen ſo woll als die vom adel vnd staͤdte jhrem churfuͤrſten gehuldiget,weil aber dieselbe durchaus nicht hat konnen erhalten und eingebracht werden sondern uielmehr der kayser durch ein offentlich mandat unter dem dato graz den xiu octobris mcdlxuiii iahres den hertzogen bey poen tausend pfund goldes geboten hat die lande und lehen keines weges zu uerandern als hat die samptliche landschafft endlich dahin geschlossen der soldinische uertrag durch wenige geschlossen und nunmehr durch kayserliche cassation auffgehoben konte ihnen nicht nachtheilig sein und haben also die geistlichen so woll als die uom adel und stadte ihrem churfursten gehuldiget
micraelius_pommernland03_1639,body,167,0,False,442,Die Stadt Stettin folgete erſtlich des andern Jahres den andern Staͤnden/ vnd bewieſe alſo mit der That/ daß ſie nicht belieben truͤgen an deme/ damit jhre Buͤrgermeiſter beſchuͤldiget ward/ als wenn er zu Schildersdorff vnter der Linde auffm Kirchhofe mit den Marggraͤflichen Rhaͤten vnd den Garziſchen ſolte ein Verbundnus von vbergebung der Stadt Stettin gemachet/ vnd druͤber Zuſage bekommen haben/ das der Churfuͤrſt der Stadt Stettin/ im falle ſie jhn fuͤr einen Herren annehmen wuͤrde/ Damm/ Golnaw/ vnd Greifenhagen ſchencken/ jhme auch ſelbſt/ dem Buͤrgermeiſter/ etliche Doͤrfer/ vnd Eigenthuͤmbe verehren wolle.,die stadt stettin folgete erſtlich des andern jahres den andern staͤnden vnd bewieſe alſo mit der that daß ſie nicht belieben truͤgen an deme damit jhre buͤrgermeiſter beſchuͤldiget ward als wenn er zu schildersdorff vnter der linde auffm kirchhofe mit den marggraͤflichen rhaͤten vnd den garziſchen ſolte ein verbundnus von vbergebung der stadt stettin gemachet vnd druͤber zuſage bekommen haben das der churfuͤrſt der stadt stettin im falle ſie jhn fuͤr einen herren annehmen wuͤrde damm golnaw vnd greifenhagen ſchencken jhme auch ſelbſt dem buͤrgermeiſter etliche doͤrfer vnd eigenthuͤmbe verehren wolle,die stadt stettin folgete erstlich des andern iahres den andern standen und bewiese also mit der that dass sie nicht belieben trugen an deme damit ihre burgermeister beschuldiget ward als wenn er zu schildersdorff unter der linde auffm kirchhofe mit den marggraflichen rhaten und den garzischen solte ein uerbundnus uon ubergebung der stadt stettin gemachet und druber zusage bekommen haben das der churfurst der stadt stettin im falle sie ihn fur einen herren annehmen wurde damm golnaw und greifenhagen schencken ihme auch selbst dem burgermeister etliche dorfer und eigenthumbe uerehren wolle
micraelius_pommernland03_1639,body,167,1,True,443,Dann ſolches Geſchrey war allenthalben außgebrochen/ vnd hielt Jederman dafuͤr/ dz die Linde/ vnter welcher die Handlung ſolte gepflogen ſein/ alsfort zuverdorren angefangen habe; Welches alles doch Paulus Friedeborn/ vnſer newlich verſtorbener Buͤrgermeiſter zu Stettin/ weil er deßwegen keine gewiſſe Nachrichtung hat finden koͤnnen/ in zweifel ziehen will/ inſonderheit/ weil beſagter Buͤrgermeiſter Glinde den Pommeriſchen Fuͤrſten zu huͤlff wieder den Churfuͤrſten/ als er Paſewalck vnd Vkermuͤnde belagert hielt/ eine anzahl Soldaten zugefuͤhret/ vnd endlich/ ſeinem Gottesdienſt beſſer abzuwarten/ allen Emptern/ ſo er bißher in Verwaltung gehabt/ guthwillig abgedancket hat.,dann ſolches geſchrey war allenthalben außgebrochen vnd hielt jederman dafuͤr dz die linde vnter welcher die handlung ſolte gepflogen ſein alsfort zuverdorren angefangen habe welches alles doch paulus friedeborn vnſer newlich verſtorbener buͤrgermeiſter zu stettin weil er deßwegen keine gewiſſe nachrichtung hat finden koͤnnen in zweifel ziehen will inſonderheit weil beſagter buͤrgermeiſter glinde den pommeriſchen fuͤrſten zu huͤlff wieder den churfuͤrſten als er paſewalck vnd vkermuͤnde belagert hielt eine anzahl soldaten zugefuͤhret vnd endlich ſeinem gottesdienſt beſſer abzuwarten allen emptern ſo er bißher in verwaltung gehabt guthwillig abgedancket hat,dann solches geschrey war allenthalben aussgebrochen und hielt iederman dafur dz die linde unter welcher die handlung solte gepflogen sein alsfort zuuerdorren angefangen habe welches alles doch paulus friedeborn unser newlich uerstorbener burgermeister zu stettin weil er desswegen keine gewisse nachrichtung hat finden konnen in zweifel ziehen will insonderheit weil besagter burgermeister glinde den pommerischen fursten zu hulff wieder den churfursten als er pasewalck und ukermunde belagert hielt eine anzahl soldaten zugefuhret und endlich seinem gottesdienst besser abzuwarten allen emptern so er bissher in uerwaltung gehabt guthwillig abgedancket hat
micraelius_pommernland03_1639,body,168,0,False,443,Weil aber beſagter maſſen alle guthliche Handlungen zergiengen/ als fieng man nunmehr an die Trummel zu regen/ vnd kamen wieder Pommeren von Neunzehen Chur- vnd Fuͤrſten des Reichs Verwarnungs vnd Abſagungs Briefe ein/ welche annoch regiſtriret verhanden ſein/ vnd darin ſind befindlich/ Georg Koͤnig zu Boͤhmen/ Adolff zu Maynz/ Rubertus zu Coͤlln/ Johã zu Trier/ Ertzbiſchoͤfe Chur Fuͤrſten; Friederich Pfaltzgraff Churfuͤrſt am Rhein/ Ernſt Churfuͤrſt zu Sachſen/ Wilhelm Hertzog zu Sachſen/ Wilhelm der Elter/ Heinrich Wilhelm der Juͤnger/ Friederich/ Otto/ Hertzogen zu Braunſchweig vnd Luͤnenburg/ Heinrich Albrecht der Elter vnd Juͤnger/ Johan/ Magnus/ Vlrich Hertzogen zu Mechelnburg/ vnd Johannes Hertzogen zu Nieder Sachſen.,weil aber beſagter maſſen alle guthliche handlungen zergiengen als fieng man nunmehr an die trummel zu regen vnd kamen wieder pommeren von neunzehen chur vnd fuͤrſten des reichs verwarnungs vnd abſagungs briefe ein welche annoch regiſtriret verhanden ſein vnd darin ſind befindlich georg koͤnig zu boͤhmen adolff zu maynz rubertus zu coͤlln johã zu trier ertzbiſchoͤfe chur fuͤrſten friederich pfaltzgraff churfuͤrſt am rhein ernſt churfuͤrſt zu sachſen wilhelm hertzog zu sachſen wilhelm der elter heinrich wilhelm der juͤnger friederich otto hertzogen zu braunſchweig vnd luͤnenburg heinrich albrecht der elter vnd juͤnger johan magnus vlrich hertzogen zu mechelnburg vnd johannes hertzogen zu nieder sachſen,weil aber besagter massen alle guthliche handlungen zergiengen als fieng man nunmehr an die trummel zu regen und kamen wieder pommeren uon neunzehen chur und fursten des reichs uerwarnungs und absagungs briefe ein welche annoch registriret uerhanden sein und darin sind befindlich georg konig zu bohmen adolff zu maynz rubertus zu colln iohan zu trier ertzbischofe chur fursten friederich pfaltzgraff churfurst am rhein ernst churfurst zu sachsen wilhelm hertzog zu sachsen wilhelm der elter heinrich wilhelm der iunger friederich otto hertzogen zu braunschweig und lunenburg heinrich albrecht der elter und iunger iohan magnus ulrich hertzogen zu mechelnburg und iohannes hertzogen zu nieder sachsen
micraelius_pommernland03_1639,body,168,1,False,444,Dagegen hetten die Fuͤrſten aus Pom̃ern keine Hulffe von Außwertigen zu erwarten.,dagegen hetten die fuͤrſten aus pom̃ern keine hulffe von außwertigen zu erwarten,dagegen hetten die fursten aus pommern keine hulffe uon ausswertigen zu erwarten
micraelius_pommernland03_1639,body,168,2,False,444,Denn ſie waren zu der Zeit mit Niemand ſonders befreundet.,denn ſie waren zu der zeit mit niemand ſonders befreundet,denn sie waren zu der zeit mit niemand sonders befreundet
micraelius_pommernland03_1639,body,168,3,False,444,Hertzog Erich hette ein Pom̃eriſch Fraͤwlein: Hertzog Wartislafen Gemaͤhlin/ geborne aus Marggraͤflichem Stam̃e/ war todt.,hertzog erich hette ein pom̃eriſch fraͤwlein hertzog wartislafen gemaͤhlin geborne aus marggraͤflichem stam̃e war todt,hertzog erich hette ein pommerisch frawlein hertzog wartislafen gemahlin geborne aus marggraflichem stamme war todt
micraelius_pommernland03_1639,body,168,4,False,444,Vorige Sippvnd Schwaͤgerſchafften warden als alt vnd vergeſſen nicht gerechnet.,vorige sippvnd schwaͤgerſchafften warden als alt vnd vergeſſen nicht gerechnet,uorige sippund schwagerschafften warden als alt und uergessen nicht gerechnet
micraelius_pommernland03_1639,body,168,5,False,444,Vnd denen von Pommern vor deme war Gutes wiederfahren/ die hetten es ſchon vergeſſen/ vnd lencketen ſich auff die andere ſeyte.,vnd denen von pommern vor deme war gutes wiederfahren die hetten es ſchon vergeſſen vnd lencketen ſich auff die andere ſeyte,und denen uon pommern uor deme war gutes wiederfahren die hetten es schon uergessen und lencketen sich auff die andere seyte
micraelius_pommernland03_1639,body,168,6,False,444,Dennemarck hette mit ſeinen eigenen Kriegen zuthun.,dennemarck hette mit ſeinen eigenen kriegen zuthun,dennemarck hette mit seinen eigenen kriegen zuthun
micraelius_pommernland03_1639,body,168,7,True,444,Polen vnd der Orden waren vnpartheyſch vnd Neutral: Allein der Kaͤyſer lies abermahl im Jahr mcdlxix. zu Graͤz den xiv. Julii ein Befehlig an die Chur- vnd Fuͤrſten abgehen/ das niemand dem Churfuͤrſten zu Brandenburg wieder Pommern huͤlffe leiſten ſolte/ vnd citierete zugleich beyde Hertzogen/ jhre vnd des Reiches Recht fuͤrzuwenden/ vnd die Lehen zu empfahen.,polen vnd der orden waren vnpartheyſch vnd neutral allein der kaͤyſer lies abermahl im jahr mcdlxix zu graͤz den xiv julii ein befehlig an die chur vnd fuͤrſten abgehen das niemand dem churfuͤrſten zu brandenburg wieder pommern huͤlffe leiſten ſolte vnd citierete zugleich beyde hertzogen jhre vnd des reiches recht fuͤrzuwenden vnd die lehen zu empfahen,polen und der orden waren unpartheysch und neutral allein der kayser lies abermahl im iahr mcdlxix zu graz den xiu iulii ein befehlig an die chur und fursten abgehen das niemand dem churfursten zu brandenburg wieder pommern hulffe leisten solte und citierete zugleich beyde hertzogen ihre und des reiches recht furzuwenden und die lehen zu empfahen
micraelius_pommernland03_1639,body,169,0,False,444,Ehe aber dieſes Mandat auskamb/ eroͤberte der Churfuͤrſt Vieraden mit Liſt/ durch angeben eines Muͤllers/ zog ferner auff Gartz/ darin viele waren/ die es mit jhme hielten/ vnd ward daſelbſt bald eingelaſſen/ vnd weil dieſer Paß jhme wolgelegen/ bawete er in der Stadt ein Schloß/ vnd lies Warner von der Schulenburg/ einen ruͤſtigen Mann/ darin zur Beſatzunge.,ehe aber dieſes mandat auskamb eroͤberte der churfuͤrſt vieraden mit liſt durch angeben eines muͤllers zog ferner auff gartz darin viele waren die es mit jhme hielten vnd ward daſelbſt bald eingelaſſen vnd weil dieſer paß jhme wolgelegen bawete er in der stadt ein schloß vnd lies warner von der schulenburg einen ruͤſtigen mann darin zur beſatzunge,ehe aber dieses mandat auskamb eroberte der churfurst uieraden mit list durch angeben eines mullers zog ferner auff gartz darin uiele waren die es mit ihme hielten und ward daselbst bald eingelassen und weil dieser pass ihme wolgelegen bawete er in der stadt ein schloss und lies warner uon der schulenburg einen rustigen mann darin zur besatzunge
micraelius_pommernland03_1639,body,169,1,False,445,Folgendes ruͤckete er fuͤr Loͤckeniz/ vnd gewan auch denſelben Ort.,folgendes ruͤckete er fuͤr loͤckeniz vnd gewan auch denſelben ort,folgendes ruckete er fur lockeniz und gewan auch denselben ort
micraelius_pommernland03_1639,body,169,2,False,445,Penckun wolte jhme aber die Thoͤre nicht auffſchlieſſen.,penckun wolte jhme aber die thoͤre nicht auffſchlieſſen,penckun wolte ihme aber die thore nicht auffschliessen
micraelius_pommernland03_1639,body,169,3,False,445,Drumb gedachte er Stettin des Nachtes zu vberrumpeln/ vnd erhaſchete auch nahe beym Paſſawiſchen Thor zweene Stadtknechte/ die in der Nacht herauß geritten waren/ vnd nach ſich die Thoͤre auffgelaſſen hetten/ das er faſt mit hinein gekommen were.,drumb gedachte er stettin des nachtes zu vberrumpeln vnd erhaſchete auch nahe beym paſſawiſchen thor zweene stadtknechte die in der nacht herauß geritten waren vnd nach ſich die thoͤre auffgelaſſen hetten das er faſt mit hinein gekommen were,drumb gedachte er stettin des nachtes zu uberrumpeln und erhaschete auch nahe beym passawischen thor zweene stadtknechte die in der nacht herauss geritten waren und nach sich die thore auffgelassen hetten das er fast mit hinein gekommen were
micraelius_pommernland03_1639,body,169,4,False,445,Es ſol ſonſt Buͤrgermeiſter Glinde vmb den Handel gewuſt haben/ nach Auſſage/ die einer von den Stadtknechten lange zeit nach des Buͤrgermeiſters Tode gethan hat.,es ſol ſonſt buͤrgermeiſter glinde vmb den handel gewuſt haben nach auſſage die einer von den stadtknechten lange zeit nach des buͤrgermeiſters tode gethan hat,es sol sonst burgermeister glinde umb den handel gewust haben nach aussage die einer uon den stadtknechten lange zeit nach des burgermeisters tode gethan hat
micraelius_pommernland03_1639,body,169,5,False,445,Dann derſelbe hat in ſeinem Letzten bekand/ das B. Glinde mit ſeiner Faction Bottſchafft an den Chur Fuͤrſten/ da er ſich des Paſſes Loͤkenitz bemaͤchtiget/ geſchicket/ mit dem Verſprechen/ wurde er die naͤheſte Nacht an das Thor kommen/ ſo ſolte er eingelaſſen werden/ alldieweil daſſelbe ſolte offen gelaſſen/ vnd keine andere Wacht dahin geſtellet werden/ als die es mit jhme hielten.,dann derſelbe hat in ſeinem letzten bekand das b glinde mit ſeiner faction bottſchafft an den chur fuͤrſten da er ſich des paſſes loͤkenitz bemaͤchtiget geſchicket mit dem verſprechen wurde er die naͤheſte nacht an das thor kommen ſo ſolte er eingelaſſen werden alldieweil daſſelbe ſolte offen gelaſſen vnd keine andere wacht dahin geſtellet werden als die es mit jhme hielten,dann derselbe hat in seinem letzten bekand das b glinde mit seiner faction bottschafft an den chur fursten da er sich des passes lokenitz bemachtiget geschicket mit dem uersprechen wurde er die naheste nacht an das thor kommen so solte er eingelassen werden alldieweil dasselbe solte offen gelassen und keine andere wacht dahin gestellet werden als die es mit ihme hielten
micraelius_pommernland03_1639,body,169,6,False,445,Der Churfuͤrſt were bereit dazu geweſen: Hette ſich auch bis ans Gerichte hinan gemachet/ vnd/ damit er fuͤr eine beſorgliche Verraͤhterey verſichert were/ etliche Kundſchaffer voraus geſchicket/ die nach beſchehener Abrede die Thoͤre offen gefunden.,der churfuͤrſt were bereit dazu geweſen hette ſich auch bis ans gerichte hinan gemachet vnd damit er fuͤr eine beſorgliche verraͤhterey verſichert were etliche kundſchaffer voraus geſchicket die nach beſchehener abrede die thoͤre offen gefunden,der churfurst were bereit dazu gewesen hette sich auch bis ans gerichte hinan gemachet und damit er fur eine besorgliche uerrahterey uersichert were etliche kundschaffer uoraus geschicket die nach beschehener abrede die thore offen gefunden
micraelius_pommernland03_1639,body,169,7,False,445,Denen aber im Thore were die Zeit/ weil der Churfuͤrſt verzoge/ lang geworden/ vnd der Burgermeiſter hette zweene Stadtdiener/ die auch vmb den Handel wuͤſten/ hinaus geſand/ zuerfahren/ ob der Churfuͤrſt verhanden.,denen aber im thore were die zeit weil der churfuͤrſt verzoge lang geworden vnd der burgermeiſter hette zweene stadtdiener die auch vmb den handel wuͤſten hinaus geſand zuerfahren ob der churfuͤrſt verhanden,denen aber im thore were die zeit weil der churfurst uerzoge lang geworden und der burgermeister hette zweene stadtdiener die auch umb den handel wusten hinaus gesand zuerfahren ob der churfurst uerhanden
micraelius_pommernland03_1639,body,169,8,False,445,Es were aber vngefehr ein Knochenhawer auff die Gaſſen/ ſein Waſſer/ mit Zuͤchten zu reden/ zulaſſen gekommen: Der hette das Raſſeln der Pferde vernommen/ vnd als er nach dem Thore lieff/ daſſelbe offen befunden/ ſeine andere Geſellen/ die am andern Orte Wacht hielten/ beruffen/ vnd die Thore verſchloſſen/ vorgebende/ wenn man wolte Kundſchaffter außſchicken/ konte man gleichwol die Thore verwahren.,es were aber vngefehr ein knochenhawer auff die gaſſen ſein waſſer mit zuͤchten zu reden zulaſſen gekommen der hette das raſſeln der pferde vernommen vnd als er nach dem thore lieff daſſelbe offen befunden ſeine andere geſellen die am andern orte wacht hielten beruffen vnd die thore verſchloſſen vorgebende wenn man wolte kundſchaffter außſchicken konte man gleichwol die thore verwahren,es were aber ungefehr ein knochenhawer auff die gassen sein wasser mit zuchten zu reden zulassen gekommen der hette das rasseln der pferde uernommen und als er nach dem thore lieff dasselbe offen befunden seine andere gesellen die am andern orte wacht hielten beruffen und die thore uerschlossen uorgebende wenn man wolte kundschaffter aussschicken konte man gleichwol die thore uerwahren
micraelius_pommernland03_1639,body,169,9,False,446,Bald drauff weren die Diener widergekommen/ vnd da ſie wieder vermuthen die Thoͤre offen gefunden/ Feinde Feinde geſchrien/ die ſie doch ſelbſt geholet hetten/ Weren aber nicht eingelaſſen worden.,bald drauff weren die diener widergekommen vnd da ſie wieder vermuthen die thoͤre offen gefunden feinde feinde geſchrien die ſie doch ſelbſt geholet hetten weren aber nicht eingelaſſen worden,bald drauff weren die diener widergekommen und da sie wieder uermuthen die thore offen gefunden feinde feinde geschrien die sie doch selbst geholet hetten weren aber nicht eingelassen worden
micraelius_pommernland03_1639,body,169,10,True,446,Dieſes aber alles/ eben wie das vorige/ ſo von B. Glinden außgeſprenget iſt/ wil etlichen vngewis ſcheinen.,dieſes aber alles eben wie das vorige ſo von b glinden außgeſprenget iſt wil etlichen vngewis ſcheinen,dieses aber alles eben wie das uorige so uon b glinden aussgesprenget ist wil etlichen ungewis scheinen
micraelius_pommernland03_1639,body,170,0,False,446,Weiters kam der Churfuͤrſt fuͤr Greiffenhagen/ vnd ſchlug dafuͤr ſein Lager auff.,weiters kam der churfuͤrſt fuͤr greiffenhagen vnd ſchlug dafuͤr ſein lager auff,weiters kam der churfurst fur greiffenhagen und schlug dafur sein lager auff
micraelius_pommernland03_1639,body,170,1,False,446,Solche Stadt aber/ weil ſie woll beſetzet war/ koͤnte nicht ſo leicht gewonnen werden.,solche stadt aber weil ſie woll beſetzet war koͤnte nicht ſo leicht gewonnen werden,solche stadt aber weil sie woll besetzet war konte nicht so leicht gewonnen werden
micraelius_pommernland03_1639,body,170,2,True,446,Vnd Hertzog Erich lag zu Pyritz mit ſeinem Volck/ vnd thate offtermahlen mit außfallen dem Feinde zimlichen Abbruch/ biß endlich ein Anſtand der Waffen/ durch die Strallſundiſchen abgehandelt ward/ vnd der Churfuͤrſt die Belagerung quitierete.,vnd hertzog erich lag zu pyritz mit ſeinem volck vnd thate offtermahlen mit außfallen dem feinde zimlichen abbruch biß endlich ein anſtand der waffen durch die strallſundiſchen abgehandelt ward vnd der churfuͤrſt die belagerung quitierete,und hertzog erich lag zu pyritz mit seinem uolck und thate offtermahlen mit aussfallen dem feinde zimlichen abbruch biss endlich ein anstand der waffen durch die strallsundischen abgehandelt ward und der churfurst die belagerung quitierete
micraelius_pommernland03_1639,body,171,0,False,446,Vnter des/ das der Churfuͤrſt alſo vmb den Stettinſchen Ort ſich es lies ſawr werden/ vberfielen die Hertzogen von Mechelnburg Treptow an der Tollenſe/ zwangen ſie mit Fewr/ brandten ſie halb aus/ vnd beſetzten ſie mit cc. Mann.,vnter des das der churfuͤrſt alſo vmb den stettinſchen ort ſich es lies ſawr werden vberfielen die hertzogen von mechelnburg treptow an der tollenſe zwangen ſie mit fewr brandten ſie halb aus vnd beſetzten ſie mit cc mann,unter des das der churfurst also umb den stettinschen ort sich es lies sawr werden uberfielen die hertzogen uon mechelnburg treptow an der tollense zwangen sie mit fewr brandten sie halb aus und besetzten sie mit cc mann
micraelius_pommernland03_1639,body,171,1,False,446,Aber Hertzog Wartislaff/ der den Vor Pom̃eriſchen Ort zubeſchirmen auff ſich nam/ begab ſich mit ſeinem Volck von Greiffswald vnd Demmin auff einen Anſchlag wieder hinan/ bekam das Thor mit behaͤndigkeit ein/ weil er einen Wagen voraußgeſchicket/ vnd denſelben alſo zugerichtet hette/ das er mitten im Thor zubrechen muſte.,aber hertzog wartislaff der den vor pom̃eriſchen ort zubeſchirmen auff ſich nam begab ſich mit ſeinem volck von greiffswald vnd demmin auff einen anſchlag wieder hinan bekam das thor mit behaͤndigkeit ein weil er einen wagen voraußgeſchicket vnd denſelben alſo zugerichtet hette das er mitten im thor zubrechen muſte,aber hertzog wartislaff der den uor pommerischen ort zubeschirmen auff sich nam begab sich mit seinem uolck uon greiffswald und demmin auff einen anschlag wieder hinan bekam das thor mit behandigkeit ein weil er einen wagen uoraussgeschicket und denselben also zugerichtet hette das er mitten im thor zubrechen muste
micraelius_pommernland03_1639,body,171,2,True,447,Drauff drangen die Pommern/ die er verſtecket hatte/ mit gewalt in die Stadt/ warden der Mechelburgiſchen Beſatzung Meiſter/ vnd fielen ferner Hertzog Vlrich ins Land zu Stargard vnd Wenden ein/ vnd machten gute Beute.,drauff drangen die pommern die er verſtecket hatte mit gewalt in die stadt warden der mechelburgiſchen beſatzung meiſter vnd fielen ferner hertzog vlrich ins land zu stargard vnd wenden ein vnd machten gute beute,drauff drangen die pommern die er uerstecket hatte mit gewalt in die stadt warden der mechelburgischen besatzung meister und fielen ferner hertzog ulrich ins land zu stargard und wenden ein und machten gute beute
micraelius_pommernland03_1639,body,172,0,False,447,Vnd diß alles geſchahe im m. d. lxviij. Jahre.,vnd diß alles geſchahe im m d lxviij jahre,und diss alles geschahe im m d lxuiii iahre
micraelius_pommernland03_1639,body,172,1,False,447,Nach verflieſſung deſſen/ ruckete der Churfuͤrſt im angehenden Fruͤling fuͤr Paſewalck/ vnd da er dieſelbe nicht gewinnen koͤnte/ wolte er es an Vkermuͤnde verſuchen/ der meinung/ wenn er die Stadt ein hette/ es koͤnte jhme Paſewalck nicht entſtehen.,nach verflieſſung deſſen ruckete der churfuͤrſt im angehenden fruͤling fuͤr paſewalck vnd da er dieſelbe nicht gewinnen koͤnte wolte er es an vkermuͤnde verſuchen der meinung wenn er die stadt ein hette es koͤnte jhme paſewalck nicht entſtehen,nach uerfliessung dessen ruckete der churfurst im angehenden fruling fur pasewalck und da er dieselbe nicht gewinnen konte wolte er es an ukermunde uersuchen der meinung wenn er die stadt ein hette es konte ihme pasewalck nicht entstehen
micraelius_pommernland03_1639,body,172,2,False,447,Fuͤr Vkermuͤnde ſtieſſen die Herzogen von Mechelnburg mit jhrem Volcke zu jhme/ vnd ſetzeten neben jhme die Belagerung hefftig fort.,fuͤr vkermuͤnde ſtieſſen die herzogen von mechelnburg mit jhrem volcke zu jhme vnd ſetzeten neben jhme die belagerung hefftig fort,fur ukermunde stiessen die herzogen uon mechelnburg mit ihrem uolcke zu ihme und setzeten neben ihme die belagerung hefftig fort
micraelius_pommernland03_1639,body,172,3,False,447,Hertzog Wartislaff der forderte alles Volck auff/ vnd ſtrickete des Feindes Lager allen Proviant ab. Die Ancklamiſchen inſonderheit hielten ſich wol mit den vmbliegenden von Adel/ vnd nahmen auff einmahl Hertzog Vlrichen von Mechelburg lx. Wagen mit Brod vnd Speiſen beladen/ vnd ſchlugen die Convoy/ ſo auff cc. Knechte vnd c. Pferde beſtandt/ in die flucht.,hertzog wartislaff der forderte alles volck auff vnd ſtrickete des feindes lager allen proviant ab die ancklamiſchen inſonderheit hielten ſich wol mit den vmbliegenden von adel vnd nahmen auff einmahl hertzog vlrichen von mechelburg lx wagen mit brod vnd speiſen beladen vnd ſchlugen die convoy ſo auff cc knechte vnd c pferde beſtandt in die flucht,hertzog wartislaff der forderte alles uolck auff und strickete des feindes lager allen prouiant ab die ancklamischen insonderheit hielten sich wol mit den umbliegenden uon adel und nahmen auff einmahl hertzog ulrichen uon mechelburg lx wagen mit brod und speisen beladen und schlugen die conuoy so auff cc knechte und c pferde bestandt in die flucht
micraelius_pommernland03_1639,body,172,4,False,447,Endlich kamen auch die Rugianer/ Barthierer vnd Strallſundiſchen angezogen/ theten ſich mit Hertzog Wartislaffen zuſammen/ gedachten den Churfuͤrſten im Lager/ darinnen nunmehr groſſer Mangel ſich befand/ vnd da jhme einsmahl aus dem Schloſſe von einem Auguſtiner Muͤnch der Tiſch mit dem Eſſen vor dem Maul war weggeſchoſſen/ zu vmbringen/ vnd lieſſen deßwegen die Wege vmbher verhawen/ das er nirgends hinauß moͤchte.,endlich kamen auch die rugianer barthierer vnd strallſundiſchen angezogen theten ſich mit hertzog wartislaffen zuſammen gedachten den churfuͤrſten im lager darinnen nunmehr groſſer mangel ſich befand vnd da jhme einsmahl aus dem schloſſe von einem auguſtiner muͤnch der tiſch mit dem eſſen vor dem maul war weggeſchoſſen zu vmbringen vnd lieſſen deßwegen die wege vmbher verhawen das er nirgends hinauß moͤchte,endlich kamen auch die rugianer barthierer und strallsundischen angezogen theten sich mit hertzog wartislaffen zusammen gedachten den churfursten im lager darinnen nunmehr grosser mangel sich befand und da ihme einsmahl aus dem schlosse uon einem augustiner munch der tisch mit dem essen uor dem maul war weggeschossen zu umbringen und liessen desswegen die wege umbher uerhawen das er nirgends hinauss mochte
micraelius_pommernland03_1639,body,172,5,False,448,Aber er ward ſolches Anſchlages bey zeiten innen/ hub die Belagerung auff/ vnd begab ſich in ſein Land.,aber er ward ſolches anſchlages bey zeiten innen hub die belagerung auff vnd begab ſich in ſein land,aber er ward solches anschlages bey zeiten innen hub die belagerung auff und begab sich in sein land
micraelius_pommernland03_1639,body,172,6,True,448,Die Pom̃ern aber ſetzeten hinter jhn her/ nahmen jhme etliche Geſchuͤtz/ gewannen auch vnter Hertzog Wartislaff in der Vkermarck Granzow vnd andere Flecken/ vnd verheereten was ſie antraffen: Erich aber gieng in die Newmarek/ vnd fngete daſelbſt den Maͤrckern nicht geringen Schaden zu.,die pom̃ern aber ſetzeten hinter jhn her nahmen jhme etliche geſchuͤtz gewannen auch vnter hertzog wartislaff in der vkermarck granzow vnd andere flecken vnd verheereten was ſie antraffen erich aber gieng in die newmarek vnd fngete daſelbſt den maͤrckern nicht geringen schaden zu,die pommern aber setzeten hinter ihn her nahmen ihme etliche geschutz gewannen auch unter hertzog wartislaff in der ukermarck granzow und andere flecken und uerheereten was sie antraffen erich aber gieng in die newmarek und fngete daselbst den marckern nicht geringen schaden zu
micraelius_pommernland03_1639,body,173,0,True,448,Eben aber zu ſolcher Zeit kam eine ſtatliche Bottſchafft von Koͤnig Caſimiro aus Polen an/ die ſchlug ſich im Nahmen jhres Koͤniges in den Handel/ vnd beſtim̃ete beyden Theilen zu Peterkow einen Tag zu Friedenstractaten/ hat aber nichtes Hauptſachliches abhandeln koͤnnen/ ſondern nur die Sache zum Stillſtande gebracht.,eben aber zu ſolcher zeit kam eine ſtatliche bottſchafft von koͤnig caſimiro aus polen an die ſchlug ſich im nahmen jhres koͤniges in den handel vnd beſtim̃ete beyden theilen zu peterkow einen tag zu friedenstractaten hat aber nichtes hauptſachliches abhandeln koͤnnen ſondern nur die sache zum stillſtande gebracht,eben aber zu solcher zeit kam eine statliche bottschafft uon konig casimiro aus polen an die schlug sich im nahmen ihres koniges in den handel und bestimmete beyden theilen zu peterkow einen tag zu friedenstractaten hat aber nichtes hauptsachliches abhandeln konnen sondern nur die sache zum stillstande gebracht
micraelius_pommernland03_1639,body,174,0,False,448,Nicht lange hernach verfiel Churfuͤrſt Friederich.,nicht lange hernach verfiel churfuͤrſt friederich,nicht lange hernach uerfiel churfurst friederich
micraelius_pommernland03_1639,body,174,1,False,448,So bald aber ſein Bruder Albertus/ den man ſonſt den Teutſchen Achillem nennet/ vnd der bey Kaͤyſer Friederichen wegen getrewer Dienſte woll dran war/ zu der Chur kam/ ernewerte er bey Kaͤyſerl. May.,so bald aber ſein bruder albertus den man ſonſt den teutſchen achillem nennet vnd der bey kaͤyſer friederichen wegen getrewer dienſte woll dran war zu der chur kam ernewerte er bey kaͤyſerl may,so bald aber sein bruder albertus den man sonst den teutschen achillem nennet und der bey kayser friederichen wegen getrewer dienste woll dran war zu der chur kam ernewerte er bey kayserl may
micraelius_pommernland03_1639,body,174,2,False,448,Klage wieder die Hertzogen aus Pommern/ als wenn ſie jhme das Hertzogthumb Stettin/ ſo an jhn vnd ſeinen Bruder verfallen were/ eingenommen/ vnd gewaltſahmlicher weyſe vorenthalten hetten.,klage wieder die hertzogen aus pommern als wenn ſie jhme das hertzogthumb stettin ſo an jhn vnd ſeinen bruder verfallen were eingenommen vnd gewaltſahmlicher weyſe vorenthalten hetten,klage wieder die hertzogen aus pommern als wenn sie ihme das hertzogthumb stettin so an ihn und seinen bruder uerfallen were eingenommen und gewaltsahmlicher weyse uorenthalten hetten
micraelius_pommernland03_1639,body,174,3,False,448,Drauff beſcheidet Kayſerl. Mayt. nochmahlen die Hertzogen perſoͤhnlich fuͤr ſich.,drauff beſcheidet kayſerl mayt nochmahlen die hertzogen perſoͤhnlich fuͤr ſich,drauff bescheidet kayserl mayt nochmahlen die hertzogen persohnlich fur sich
micraelius_pommernland03_1639,body,174,4,False,448,Sie wenden Vrſache fuͤr/ warumb ſie perſoͤhnlich nicht erſcheinen koͤnnen/ vnd ſchicken jhren Legaten Doctor Mattheum von Wedel abermahlen ab/ das der nicht alleine jhre Gerechtigkeiten hand habete/ ſondern auch in jhrem Nahmen die Lehen empfienge/ der Kaͤyſer aber beſtand darauff/ es ſolte/ wo nicht beyde/ doch einer von den Pommeriſchen Fuͤrſten ſich perſoͤnlich ſtellen/ vnd ſetzete darzu auffs newe einen gewiſſen Termin.,sie wenden vrſache fuͤr warumb ſie perſoͤhnlich nicht erſcheinen koͤnnen vnd ſchicken jhren legaten doctor mattheum von wedel abermahlen ab das der nicht alleine jhre gerechtigkeiten hand habete ſondern auch in jhrem nahmen die lehen empfienge der kaͤyſer aber beſtand darauff es ſolte wo nicht beyde doch einer von den pommeriſchen fuͤrſten ſich perſoͤnlich ſtellen vnd ſetzete darzu auffs newe einen gewiſſen termin,sie wenden ursache fur warumb sie persohnlich nicht erscheinen konnen und schicken ihren legaten doctor mattheum uon wedel abermahlen ab das der nicht alleine ihre gerechtigkeiten hand habete sondern auch in ihrem nahmen die lehen empfienge der kayser aber bestand darauff es solte wo nicht beyde doch einer uon den pommerischen fursten sich personlich stellen und setzete darzu auffs newe einen gewissen termin
micraelius_pommernland03_1639,body,174,5,False,449,Solches thut gemelter D. Mattheus von Wedel den Hertzogen vngeſeumet zuwiſſen/ vñ ſtirbet darauff ploͤtzlich.,solches thut gemelter d mattheus von wedel den hertzogen vngeſeumet zuwiſſen vñ ſtirbet darauff ploͤtzlich,solches thut gemelter d mattheus uon wedel den hertzogen ungeseumet zuwissen und stirbet darauff plotzlich
micraelius_pommernland03_1639,body,174,6,False,449,Aber weil die Wege vnſicher waren/ verfleuſſet der Termin/ ehe die Hertzogen zuwiſſen bekamen/ was vorgelauffen war.,aber weil die wege vnſicher waren verfleuſſet der termin ehe die hertzogen zuwiſſen bekamen was vorgelauffen war,aber weil die wege unsicher waren uerfleusset der termin ehe die hertzogen zuwissen bekamen was uorgelauffen war
micraelius_pommernland03_1639,body,174,7,False,449,Vnd weil alſo weder ſie ſelbſt erſchienen/ noch Jemand mehr ſchicketen/ vnd alſo die Nothurfft der Pom̃ern am Kaͤyſerlichen Hofe nicht ſattſamb beygebracht ward/ als vbergab der Kaͤyſer Marggraff Albrechten das Hertzogthumb Stettin auffs newe/ ſchrieb auch an beyde Hertzogen/ die er nur die Hertzogen zu Barth vnd Wollgaſt nennete/ das er vmb jhres vngehorſamlichen Auſſenbleibens das Land Stettin dem Marggraffen gegeben hette/ vnd were ſein Wille/ das ſie es jhm abtreten ſolten.,vnd weil alſo weder ſie ſelbſt erſchienen noch jemand mehr ſchicketen vnd alſo die nothurfft der pom̃ern am kaͤyſerlichen hofe nicht ſattſamb beygebracht ward als vbergab der kaͤyſer marggraff albrechten das hertzogthumb stettin auffs newe ſchrieb auch an beyde hertzogen die er nur die hertzogen zu barth vnd wollgaſt nennete das er vmb jhres vngehorſamlichen auſſenbleibens das land stettin dem marggraffen gegeben hette vnd were ſein wille das ſie es jhm abtreten ſolten,und weil also weder sie selbst erschienen noch iemand mehr schicketen und also die nothurfft der pommern am kayserlichen hofe nicht sattsamb beygebracht ward als ubergab der kayser marggraff albrechten das hertzogthumb stettin auffs newe schrieb auch an beyde hertzogen die er nur die hertzogen zu barth und wollgast nennete das er umb ihres ungehorsamlichen aussenbleibens das land stettin dem marggraffen gegeben hette und were sein wille das sie es ihm abtreten solten
micraelius_pommernland03_1639,body,174,8,False,449,Lies auch ein ernſtes Mandat von Regensburg an die Landſtaͤnde des Hertzogthumbs Stettin Pom̃ern/ ſo viel derer vnter Hertzog Otten des dritten Regierung geweſen waren/ abgehen/ vnd befahl jhnen Churfuͤrſt Friederichen zu hnldigen vnnd zu ſchweren.,lies auch ein ernſtes mandat von regensburg an die landſtaͤnde des hertzogthumbs stettin pom̃ern ſo viel derer vnter hertzog otten des dritten regierung geweſen waren abgehen vnd befahl jhnen churfuͤrſt friederichen zu hnldigen vnnd zu ſchweren,lies auch ein ernstes mandat uon regensburg an die landstande des hertzogthumbs stettin pommern so uiel derer unter hertzog otten des dritten regierung gewesen waren abgehen und befahl ihnen churfurst friederichen zu hnldigen unnd zu schweren
micraelius_pommernland03_1639,body,174,9,True,449,Vnd alſo fieng nun erſtlich der Churfuͤrſt an des Pommeriſchen Wapens vnd Tituls ſich zugebrauchen.,vnd alſo fieng nun erſtlich der churfuͤrſt an des pommeriſchen wapens vnd tituls ſich zugebrauchen,und also fieng nun erstlich der churfurst an des pommerischen wapens und tituls sich zugebrauchen
micraelius_pommernland03_1639,body,175,0,False,449,Die Hertzogen aber fertigten andere Geſandten/ als D. Georgium Waltern/ vnd Jaroſtaven Bernekawen an den Kayſerlichen Hoff nach Regensburg ab/ die fuͤhreten es beſter maſſen aus/ das die Lehne des Hertzogthumbs Stettin nicht erlehret/ noch ans Reich/ ſondern an des verſtorbenen Hertzogen naͤhiſte Vettern verfallen were/ vnd baten/ ſie jhrer Lehen/ die ſie im Beſitz hetten/ nicht zuberauben/ ſondern vielmehr die Belehnung dem Churfuͤrſten geſchehen zu wiederruffen/ vnd zu caſſiren.,die hertzogen aber fertigten andere geſandten als d georgium waltern vnd jaroſtaven bernekawen an den kayſerlichen hoff nach regensburg ab die fuͤhreten es beſter maſſen aus das die lehne des hertzogthumbs stettin nicht erlehret noch ans reich ſondern an des verſtorbenen hertzogen naͤhiſte vettern verfallen were vnd baten ſie jhrer lehen die ſie im beſitz hetten nicht zuberauben ſondern vielmehr die belehnung dem churfuͤrſten geſchehen zu wiederruffen vnd zu caſſiren,die hertzogen aber fertigten andere gesandten als d georgium waltern und iarostauen bernekawen an den kayserlichen hoff nach regensburg ab die fuhreten es bester massen aus das die lehne des hertzogthumbs stettin nicht erlehret noch ans reich sondern an des uerstorbenen hertzogen nahiste uettern uerfallen were und baten sie ihrer lehen die sie im besitz hetten nicht zuberauben sondern uielmehr die belehnung dem churfursten geschehen zu wiederruffen und zu cassiren
micraelius_pommernland03_1639,body,175,1,True,450,Damit aber iſt nichtes anders außgerichtet/ als nur das Kayſerliche Commiſſarien/ der Biſchoff von Augsburg/ vnd des Reiches Marſchalck/ der von Pappenheim/ verordnet ſein/ die die Sache zum Roͤriken auff der Marckiſchen vnd Pommeriſchen Grentze verhoͤreten/ vnd guͤthliche Handlungen darin pflogen/ aber nichtes gruͤndliches vertragen koͤnten.,damit aber iſt nichtes anders außgerichtet als nur das kayſerliche commiſſarien der biſchoff von augsburg vnd des reiches marſchalck der von pappenheim verordnet ſein die die sache zum roͤriken auff der marckiſchen vnd pommeriſchen grentze verhoͤreten vnd guͤthliche handlungen darin pflogen aber nichtes gruͤndliches vertragen koͤnten,damit aber ist nichtes anders aussgerichtet als nur das kayserliche commissarien der bischoff uon augsburg und des reiches marschalck der uon pappenheim uerordnet sein die die sache zum roriken auff der marckischen und pommerischen grentze uerhoreten und guthliche handlungen darin pflogen aber nichtes grundliches uertragen konten
micraelius_pommernland03_1639,body,176,0,False,450,Die Handlung mit Mechelnburg lieff beſſer hinauß.,die handlung mit mechelnburg lieff beſſer hinauß,die handlung mit mechelnburg lieff besser hinauss
micraelius_pommernland03_1639,body,176,1,False,450,Dann da Hertzog Vlrich von Mechelnburg vnd Stargard im Jahr mcdlxxi. mit todte ohne Erben abgieng/ vnd Hertzog Heinrich/ den man ſonſt den Feiſten nennet/ deſſelbigen Land ererbet/ machete er alsfort mit den Hertzogen von Pommern in der Guͤte einen ſolchen Vertrag/ das er ſich ferners Beyſtandes dem Churfuͤrſten wieder Pommern entſagete/ vnd zu deſſen beſtaͤtigung ward ſeinem Sohn Johanni/ Fraͤwlein Sophia Erici II. Tochter zugeſaget/ die doch hernach/ weil Johannes vor der Ehelichen Vertrawung verſtarb/ ſeinem Bruder Hertzog Magno iſt beygeleget.,dann da hertzog vlrich von mechelnburg vnd stargard im jahr mcdlxxi mit todte ohne erben abgieng vnd hertzog heinrich den man ſonſt den feiſten nennet deſſelbigen land ererbet machete er alsfort mit den hertzogen von pommern in der guͤte einen ſolchen vertrag das er ſich ferners beyſtandes dem churfuͤrſten wieder pommern entſagete vnd zu deſſen beſtaͤtigung ward ſeinem sohn johanni fraͤwlein sophia erici ii tochter zugeſaget die doch hernach weil johannes vor der ehelichen vertrawung verſtarb ſeinem bruder hertzog magno iſt beygeleget,dann da hertzog ulrich uon mechelnburg und stargard im iahr mcdlxxi mit todte ohne erben abgieng und hertzog heinrich den man sonst den feisten nennet desselbigen land ererbet machete er alsfort mit den hertzogen uon pommern in der gute einen solchen uertrag das er sich ferners beystandes dem churfursten wieder pommern entsagete und zu dessen bestatigung ward seinem sohn iohanni frawlein sophia erici ii tochter zugesaget die doch hernach weil iohannes uor der ehelichen uertrawung uerstarb seinem bruder hertzog magno ist beygeleget
micraelius_pommernland03_1639,body,176,2,True,450,Hertzog Wartislaff aber lies ſich Fraͤwlein/ Magdalenam/ Hertzog Vlrichs von Stargard Tochter/ in ſeinem hohen Alter ehelich beyſetzen/ mit welcher er doch nicht iſt beerbet geworden.,hertzog wartislaff aber lies ſich fraͤwlein magdalenam hertzog vlrichs von stargard tochter in ſeinem hohen alter ehelich beyſetzen mit welcher er doch nicht iſt beerbet geworden,hertzog wartislaff aber lies sich frawlein magdalenam hertzog ulrichs uon stargard tochter in seinem hohen alter ehelich beysetzen mit welcher er doch nicht ist beerbet geworden
micraelius_pommernland03_1639,body,177,0,False,450,Gemelter Hertzog Heinrich von Mechelnburg lies von dieſer Zeit an ſichs hoch angelegen ſein/ ob er die Hertzogen von Pommern mit dem Churfuͤrſten in der guͤte vertragen konte/ beforderte auch im Jahr mcdlxxij. einen Tag zu Prentzlow.,gemelter hertzog heinrich von mechelnburg lies von dieſer zeit an ſichs hoch angelegen ſein ob er die hertzogen von pommern mit dem churfuͤrſten in der guͤte vertragen konte beforderte auch im jahr mcdlxxij einen tag zu prentzlow,gemelter hertzog heinrich uon mechelnburg lies uon dieser zeit an sichs hoch angelegen sein ob er die hertzogen uon pommern mit dem churfursten in der gute uertragen konte beforderte auch im iahr mcdlxxii einen tag zu prentzlow
micraelius_pommernland03_1639,body,177,1,False,451,Daſelbſt erſchienen der Churfuͤrſt mit ſeinen beyden Jungen Printzen/ Johan vnd Friederich/ beyde Hertzogen von Pommern/ vnd Hertzog Heinrich von Mechelenburg mit ſeinen dreyen Soͤhnen/ Johanſen/ Magno vnd Albrechten.,daſelbſt erſchienen der churfuͤrſt mit ſeinen beyden jungen printzen johan vnd friederich beyde hertzogen von pommern vnd hertzog heinrich von mechelenburg mit ſeinen dreyen soͤhnen johanſen magno vnd albrechten,daselbst erschienen der churfurst mit seinen beyden iungen printzen iohan und friederich beyde hertzogen uon pommern und hertzog heinrich uon mechelenburg mit seinen dreyen sohnen iohansen magno und albrechten
micraelius_pommernland03_1639,body,177,2,False,451,Der Churfuͤrſt aber wolte nichtes welchen/ wo nicht das Lehen vber das Stetinſche Hertzogthumb von Hertzog Erichen durch einen Handſtreich empfangen/ vnd jhme der Pommerſche Titul gelaſſen/ vnd er des Angefaͤlles halber verſichert wuͤrde.,der churfuͤrſt aber wolte nichtes welchen wo nicht das lehen vber das stetinſche hertzogthumb von hertzog erichen durch einen handſtreich empfangen vnd jhme der pommerſche titul gelaſſen vnd er des angefaͤlles halber verſichert wuͤrde,der churfurst aber wolte nichtes welchen wo nicht das lehen uber das stetinsche hertzogthumb uon hertzog erichen durch einen handstreich empfangen und ihme der pommersche titul gelassen und er des angefalles halber uersichert wurde
micraelius_pommernland03_1639,body,177,3,True,451,Vnd ob hierin zwar Hertzog Erich ſich finden lies/ ſo geſchahe doch ſolches alles wieder Hertzog Wartislai willen/ vnd blieb es nach wie vor in Vnrichtigkeit.,vnd ob hierin zwar hertzog erich ſich finden lies ſo geſchahe doch ſolches alles wieder hertzog wartislai willen vnd blieb es nach wie vor in vnrichtigkeit,und ob hierin zwar hertzog erich sich finden lies so geschahe doch solches alles wieder hertzog wartislai willen und blieb es nach wie uor in unrichtigkeit
micraelius_pommernland03_1639,body,178,0,False,451,Offtbeſagter Hertzog Erich ſtarb etwa zwey Jahr hernach zu Wollgaſt/ vnd verlies zwar nebenſt vier Toͤchtern drey junge Printzen/ als Wartislaff/ Caſimirum vnd Bogiſlaum.,offtbeſagter hertzog erich ſtarb etwa zwey jahr hernach zu wollgaſt vnd verlies zwar nebenſt vier toͤchtern drey junge printzen als wartislaff caſimirum vnd bogiſlaum,offtbesagter hertzog erich starb etwa zwey iahr hernach zu wollgast und uerlies zwar nebenst uier tochtern drey iunge printzen als wartislaff casimirum und bogislaum
micraelius_pommernland03_1639,body,178,1,False,451,Aber Wartislaff vnd Caſimir verfielen bald nach des Vaters Todt; Jener zu Wolgaſt/ da er ſich beym Vater auffhielt/ dieſer zu Ruͤgenwald/ da er nebenſt ſeinem Bruder Bogiſlao bey der Mutter erzogen ward.,aber wartislaff vnd caſimir verfielen bald nach des vaters todt jener zu wolgaſt da er ſich beym vater auffhielt dieſer zu ruͤgenwald da er nebenſt ſeinem bruder bogiſlao bey der mutter erzogen ward,aber wartislaff und casimir uerfielen bald nach des uaters todt iener zu wolgast da er sich beym uater auffhielt dieser zu rugenwald da er nebenst seinem bruder bogislao bey der mutter erzogen ward
micraelius_pommernland03_1639,body,178,2,False,451,Dann es hette ſich zwiſchen dem frommen Fuͤrſten vnd ſeiner Gemaͤhlin/ die ſich wegen der reichen Erbſchafft/ ſo jhr von Koͤnig Erich zugefallen war/ etwas wieder jhren Herren gebruͤſtet/ vnd da er jhr/ das ſie zu jhme kommen ſolte/ geſchrieben/ ſich deſſen geweigert/ eine Vneinigkeit verdacht vnd Zwiſt eraͤuget/ vnd das war die Vrſache/ warumb ſie ſich nicht bey ſeinem Ende finden lies/ vnd warumb etliche Kinder beym Vater/ vnd die andern bey der Mutter waren.,dann es hette ſich zwiſchen dem frommen fuͤrſten vnd ſeiner gemaͤhlin die ſich wegen der reichen erbſchafft ſo jhr von koͤnig erich zugefallen war etwas wieder jhren herren gebruͤſtet vnd da er jhr das ſie zu jhme kommen ſolte geſchrieben ſich deſſen geweigert eine vneinigkeit verdacht vnd zwiſt eraͤuget vnd das war die vrſache warumb ſie ſich nicht bey ſeinem ende finden lies vnd warumb etliche kinder beym vater vnd die andern bey der mutter waren,dann es hette sich zwischen dem frommen fursten und seiner gemahlin die sich wegen der reichen erbschafft so ihr uon konig erich zugefallen war etwas wieder ihren herren gebrustet und da er ihr das sie zu ihme kommen solte geschrieben sich dessen geweigert eine uneinigkeit uerdacht und zwist erauget und das war die ursache warumb sie sich nicht bey seinem ende finden lies und warumb etliche kinder beym uater und die andern bey der mutter waren
micraelius_pommernland03_1639,body,178,3,False,452,Ja man will auch außgeben/ als wann die Mutter am Todte des einen Jungen Printzen/ den ſie bey ſich hette/ ſchuldig ſey; Vnd dem uͤbrigen Bogiſlao auch nachgeſtellet habe/ auch den boͤſen Willen zu Wercke gerichtet hette/ wenn nicht jhre Narre den Printzen erinnert/ Er ſolte das Butterbrodt dem Hunde vorwerffen/ das ſie jhme gegeben/ vnd da der Hund des folgendes Tages ſol von geſtorben ſeyn/ da ſie doch wenn mans wolte mit Gelindigkeit belegen/ davon keinen Nutzen hette zugewarten gehabt/ vnd als eine natuͤrliche Mutter/ ſolches nicht wuͤrde haben in die Gedancken faſſen koͤnnen.,ja man will auch außgeben als wann die mutter am todte des einen jungen printzen den ſie bey ſich hette ſchuldig ſey vnd dem uͤbrigen bogiſlao auch nachgeſtellet habe auch den boͤſen willen zu wercke gerichtet hette wenn nicht jhre narre den printzen erinnert er ſolte das butterbrodt dem hunde vorwerffen das ſie jhme gegeben vnd da der hund des folgendes tages ſol von geſtorben ſeyn da ſie doch wenn mans wolte mit gelindigkeit belegen davon keinen nutzen hette zugewarten gehabt vnd als eine natuͤrliche mutter ſolches nicht wuͤrde haben in die gedancken faſſen koͤnnen,ia man will auch aussgeben als wann die mutter am todte des einen iungen printzen den sie bey sich hette schuldig sey und dem ubrigen bogislao auch nachgestellet habe auch den bosen willen zu wercke gerichtet hette wenn nicht ihre narre den printzen erinnert er solte das butterbrodt dem hunde uorwerffen das sie ihme gegeben und da der hund des folgendes tages sol uon gestorben seyn da sie doch wenn mans wolte mit gelindigkeit belegen dauon keinen nutzen hette zugewarten gehabt und als eine naturliche mutter solches nicht wurde haben in die gedancken fassen konnen
micraelius_pommernland03_1639,body,178,4,True,452,Sonſt iſts vnleugbar/ das Bogiſlaus in ſeiner Jugend bey der Mutter zu Ruͤgenwald gar vnachtſamb in der gemeinen Schule vnter den andern Knaben/ mit denen er ſich offtermahln wol gezancket/ vnd druͤber wenig Fuͤrſtliche Sitten/ inſonderheit in zerriſſenen Kleidern/ darin ſie muͤſten herein gehen/ lerneten/ iſt erzogen worden; Vnd das Hans Lange ein Bawr von Lantzke jhme guthwillig zu Dienſte geſtanden/ vnd jhn mit Kleidern verſorget hat/ wie auch das/ nach deme Bogislaff in die Regierung trat/ die Mutter nach Dantzig mit jhren Schaͤtzen ſich begeben hat/ vnd erſtlich nach etlichen Jahren mit jhrem Sohne außgeſoͤhnet/ vnd mit der Landvoigthey Stolp Fuͤrſtlich verſehen iſt.,sonſt iſts vnleugbar das bogiſlaus in ſeiner jugend bey der mutter zu ruͤgenwald gar vnachtſamb in der gemeinen schule vnter den andern knaben mit denen er ſich offtermahln wol gezancket vnd druͤber wenig fuͤrſtliche sitten inſonderheit in zerriſſenen kleidern darin ſie muͤſten herein gehen lerneten iſt erzogen worden vnd das hans lange ein bawr von lantzke jhme guthwillig zu dienſte geſtanden vnd jhn mit kleidern verſorget hat wie auch das nach deme bogislaff in die regierung trat die mutter nach dantzig mit jhren schaͤtzen ſich begeben hat vnd erſtlich nach etlichen jahren mit jhrem sohne außgeſoͤhnet vnd mit der landvoigthey stolp fuͤrſtlich verſehen iſt,sonst ists unleugbar das bogislaus in seiner iugend bey der mutter zu rugenwald gar unachtsamb in der gemeinen schule unter den andern knaben mit denen er sich offtermahln wol gezancket und druber wenig furstliche sitten insonderheit in zerrissenen kleidern darin sie musten herein gehen lerneten ist erzogen worden und das hans lange ein bawr uon lantzke ihme guthwillig zu dienste gestanden und ihn mit kleidern uersorget hat wie auch das nach deme bogislaff in die regierung trat die mutter nach dantzig mit ihren schatzen sich begeben hat und erstlich nach etlichen iahren mit ihrem sohne aussgesohnet und mit der landuoigthey stolp furstlich uersehen ist
micraelius_pommernland03_1639,body,179,0,False,452,So bald nun Hertzog Erichen Todt zu Ruͤgenwald kundbar ward/ ermannete ſich Bogiſlans/ ſein noch vbriger einiger Sohn/ vnd ſein Bawr gab jhme ein Pferd/ ein Schwerd/ Stiefeln vnd Sporen/ vnd was darzu gehoͤret/ ritt mit jhme zu den nehiſt geſeſſenen vom Adel: Die ſich dann leicht lieſſen auffſprechen/ das ſie jhren jungen Fuͤrſten zu ſeinem Vetter Hertzog Wartislaffen mit ccc. Pferden naher Barth begleiteten: Welcher auch dermaſſen jhme mit Rhat vnd That beyſprang/ das er durchs gantze Land/ das jhme ſeines Vettern wegen zuſtand/ die Huldigung empfieng.,so bald nun hertzog erichen todt zu ruͤgenwald kundbar ward ermannete ſich bogiſlans ſein noch vbriger einiger sohn vnd ſein bawr gab jhme ein pferd ein schwerd stiefeln vnd sporen vnd was darzu gehoͤret ritt mit jhme zu den nehiſt geſeſſenen vom adel die ſich dann leicht lieſſen auffſprechen das ſie jhren jungen fuͤrſten zu ſeinem vetter hertzog wartislaffen mit ccc pferden naher barth begleiteten welcher auch dermaſſen jhme mit rhat vnd that beyſprang das er durchs gantze land das jhme ſeines vettern wegen zuſtand die huldigung empfieng,so bald nun hertzog erichen todt zu rugenwald kundbar ward ermannete sich bogislans sein noch ubriger einiger sohn und sein bawr gab ihme ein pferd ein schwerd stiefeln und sporen und was darzu gehoret ritt mit ihme zu den nehist gesessenen uom adel die sich dann leicht liessen auffsprechen das sie ihren iungen fursten zu seinem uetter hertzog wartislaffen mit ccc pferden naher barth begleiteten welcher auch dermassen ihme mit rhat und that beysprang das er durchs gantze land das ihme seines uettern wegen zustand die huldigung empfieng
micraelius_pommernland03_1639,body,179,1,False,453,Wegen beſagter Gutthat aber/ die er von ſeinem Bawren Hans Langen empfangen/ hat er demſelben offtermahln Gnade angeboten/ vnd jhme/ was er begehrete/ zugeben verſprochen: Aber der hat nichtes anders bitten oder annehmen wollen/ als das er nur die zeit ſeines Lebens von aller Vnpflicht moͤchte frey ſeyn.,wegen beſagter gutthat aber die er von ſeinem bawren hans langen empfangen hat er demſelben offtermahln gnade angeboten vnd jhme was er begehrete zugeben verſprochen aber der hat nichtes anders bitten oder annehmen wollen als das er nur die zeit ſeines lebens von aller vnpflicht moͤchte frey ſeyn,wegen besagter gutthat aber die er uon seinem bawren hans langen empfangen hat er demselben offtermahln gnade angeboten und ihme was er begehrete zugeben uersprochen aber der hat nichtes anders bitten oder annehmen wollen als das er nur die zeit seines lebens uon aller unpflicht mochte frey seyn
micraelius_pommernland03_1639,body,179,2,False,453,Vnd da der Hertzog auch ſolche Gnade auff die Erben hat wollẽ außdehnen/ hat er mit einer ſtattlichen Großmuͤtigkeit/ die ſonſt nicht leichtlich bey ſolchen Leuten gefunden wird/ geantwortet.,vnd da der hertzog auch ſolche gnade auff die erben hat wollẽ außdehnen hat er mit einer ſtattlichen großmuͤtigkeit die ſonſt nicht leichtlich bey ſolchen leuten gefunden wird geantwortet,und da der hertzog auch solche gnade auff die erben hat wollen aussdehnen hat er mit einer stattlichen grossmutigkeit die sonst nicht leichtlich bey solchen leuten gefunden wird geantwortet
micraelius_pommernland03_1639,body,179,3,False,453,Er were ein Bawr: Drumb ſolten ſeine Kinder auch Bawren bleiben.,er were ein bawr drumb ſolten ſeine kinder auch bawren bleiben,er were ein bawr drumb solten seine kinder auch bawren bleiben
micraelius_pommernland03_1639,body,179,4,False,453,Schicketen ſie ſich wol/ ſo koͤnten ſie keinen beſſern Standt haben.,schicketen ſie ſich wol ſo koͤnten ſie keinen beſſern standt haben,schicketen sie sich wol so konten sie keinen bessern standt haben
micraelius_pommernland03_1639,body,179,5,False,453,Deñ einem Bawren dienete nicht frey zu ſein/ weil er der Freyheit nicht wuͤſte zugebrauchen/ vñ nur entweder Faul vnd Traͤg oder Vbermuͤtig vñ Bawrſtoltz wuͤrde/ dz er Niemand gleich vñ Recht thete/ vnd dadurch ſich endlich in alle Muͤhe vñ Noth brechte.,deñ einem bawren dienete nicht frey zu ſein weil er der freyheit nicht wuͤſte zugebrauchen vñ nur entweder faul vnd traͤg oder vbermuͤtig vñ bawrſtoltz wuͤrde dz er niemand gleich vñ recht thete vnd dadurch ſich endlich in alle muͤhe vñ noth brechte,denn einem bawren dienete nicht frey zu sein weil er der freyheit nicht wuste zugebrauchen und nur entweder faul und trag oder ubermutig und bawrstoltz wurde dz er niemand gleich und recht thete und dadurch sich endlich in alle muhe und noth brechte
micraelius_pommernland03_1639,body,179,6,False,453,Vnſere Chroniken melden/ dz beſagter Bawr von Lantzke nach dieſem oͤfftermalhn ſey gen Hofe gekom̃en/ vñ ſich guͤtlich thũ laſſen/ auch H. Bogiſlaffen nicht anders als Du/ wie er zuvor gewohnet/ geheiſſen/ vñ jme/ ſo etwz vnrichtig zugieng/ angezeiget.,vnſere chroniken melden dz beſagter bawr von lantzke nach dieſem oͤfftermalhn ſey gen hofe gekom̃en vñ ſich guͤtlich thũ laſſen auch h bogiſlaffen nicht anders als du wie er zuvor gewohnet geheiſſen vñ jme ſo etwz vnrichtig zugieng angezeiget,unsere chroniken melden dz besagter bawr uon lantzke nach diesem offtermalhn sey gen hofe gekommen und sich gutlich thum lassen auch h bogislaffen nicht anders als du wie er zuuor gewohnet geheissen und ime so etwz unrichtig zugieng angezeiget
micraelius_pommernland03_1639,body,179,7,False,453,Vnd ob ſchon die Amptleute bißweilẽ deswegen ſawr auſſagẽ/ ſo achtete er deſſen nit/ redete doch dabeneben vielen das Wort/ die in Vngnade beym Hertzogen gekom̃en waren/ vñ abgeſetzet werden ſolten.,vnd ob ſchon die amptleute bißweilẽ deswegen ſawr auſſagẽ ſo achtete er deſſen nit redete doch dabeneben vielen das wort die in vngnade beym hertzogen gekom̃en waren vñ abgeſetzet werden ſolten,und ob schon die amptleute bissweilen deswegen sawr aussagen so achtete er dessen nit redete doch dabeneben uielen das wort die in ungnade beym hertzogen gekommen waren und abgesetzet werden solten
micraelius_pommernland03_1639,body,179,8,False,453,Du wilt/ ſagete er/ jetzund dieſen abſetzen/ den wir nun geſpecket vnd ſat gemachet haben/ vnd ſetzeſt vns eine hungerige Lauß wider dahin/ die ſauget vns von newen aus/ vnd machet vns gar Arm.,du wilt ſagete er jetzund dieſen abſetzen den wir nun geſpecket vnd ſat gemachet haben vnd ſetzeſt vns eine hungerige lauß wider dahin die ſauget vns von newen aus vnd machet vns gar arm,du wilt sagete er ietzund diesen absetzen den wir nun gespecket und sat gemachet haben und setzest uns eine hungerige lauss wider dahin die sauget uns uon newen aus und machet uns gar arm
micraelius_pommernland03_1639,body,179,9,True,454,Drumb laß vns nur dieſen/ den wir jetzund leichter erhalten koͤnnen.,drumb laß vns nur dieſen den wir jetzund leichter erhalten koͤnnen,drumb lass uns nur diesen den wir ietzund leichter erhalten konnen
micraelius_pommernland03_1639,body,180,0,False,454,Nach deme nun Hertzog Bogslaff die Erbhuldigung von den Staͤnden angenommen/ begehrete Churfuͤrſt Albrecht hiebey Ernewerung der Lehen vnd angefalls.,nach deme nun hertzog bogslaff die erbhuldigung von den staͤnden angenommen begehrete churfuͤrſt albrecht hiebey ernewerung der lehen vnd angefalls,nach deme nun hertzog bogslaff die erbhuldigung uon den standen angenommen begehrete churfurst albrecht hiebey ernewerung der lehen und angefalls
micraelius_pommernland03_1639,body,180,1,False,454,Er aber erachtete ſich auff Raht ſeines Vettern vnd der Landſchafft dazu nicht verpflichtet/ vnd wandte vor/ ſeinem Vater were mit gewalt vnd behendigkeit etwas abgedrungen/ in welches er nicht koͤnte einwilligen/ vnd wolte die gantze Sache zur rechtlichen Erkendnus des angefangenen Proceſſes geſtellet haben.,er aber erachtete ſich auff raht ſeines vettern vnd der landſchafft dazu nicht verpflichtet vnd wandte vor ſeinem vater were mit gewalt vnd behendigkeit etwas abgedrungen in welches er nicht koͤnte einwilligen vnd wolte die gantze sache zur rechtlichen erkendnus des angefangenen proceſſes geſtellet haben,er aber erachtete sich auff raht seines uettern und der landschafft dazu nicht uerpflichtet und wandte uor seinem uater were mit gewalt und behendigkeit etwas abgedrungen in welches er nicht konte einwilligen und wolte die gantze sache zur rechtlichen erkendnus des angefangenen processes gestellet haben
micraelius_pommernland03_1639,body,180,2,False,454,Darauff gieng die Fehde wieder an. Vnd da er als ein Alter Soldat vermerckete/ das ſich der junge Hertzog Bogiſlaff in Pyritz mit dc. Pferden/ vnd m. Fußknechten ſolche Stadt zuverwahren hette eingeſchloſſen/ gedacht ers kurtz vnd guth zumachen/ vnd legete ſich mit x. tauſendt Mann dafuͤr/ willens/ nicht ehe von ſolchem nicht gar feſten Orte zuweichen/ biß er ſich des Hertzogens Perſohn bemaͤchtiget hette.,darauff gieng die fehde wieder an vnd da er als ein alter soldat vermerckete das ſich der junge hertzog bogiſlaff in pyritz mit dc pferden vnd m fußknechten ſolche stadt zuverwahren hette eingeſchloſſen gedacht ers kurtz vnd guth zumachen vnd legete ſich mit x tauſendt mann dafuͤr willens nicht ehe von ſolchem nicht gar feſten orte zuweichen biß er ſich des hertzogens perſohn bemaͤchtiget hette,darauff gieng die fehde wieder an und da er als ein alter soldat uermerckete das sich der iunge hertzog bogislaff in pyritz mit dc pferden und m fussknechten solche stadt zuuerwahren hette eingeschlossen gedacht ers kurtz und guth zumachen und legete sich mit x tausendt mann dafur willens nicht ehe uon solchem nicht gar festen orte zuweichen biss er sich des hertzogens persohn bemachtiget hette
micraelius_pommernland03_1639,body,180,3,False,454,Solches mercketen des Hertzogen Leute gar wol/ vnd bedachten nun erſtlich/ das es nicht rahtſamb wehr/ einen Herren/ in deſſen Wolfahrt des gantzen Landes Statt beruhet/ in einer Ringmawer/ die dem Feind zum naͤhiſten/ vnd nicht zum ſicherſten iſt/ zuhaben/ Erdachten derowegen anfaͤnglich den Fuͤrſten durch einen vnverſehnlichen Außfall aus der Stadt durch die Feinde zubringen/ vnd als ſolches wegen gar zu groſſen Widerſtandes nicht angieng/ vnd der Churfuͤrſt mit vnauffhoͤrlichem Sturm der Stadt zuſetzte/ hat Hans Kuſſow der nicht weit von Pyritz geſeſſen war/ vnd deme die gelegenheit des Ortes woll bekand war/ ſeinen Herren in der Nacht durch den Teich beym Jungfrawen Kloſter/ vnd ferner durch die Ploͤniſche Bruͤche davon gebracht/ vnd jhn aus des Feindes gelegeten Stricken erlediget.,solches mercketen des hertzogen leute gar wol vnd bedachten nun erſtlich das es nicht rahtſamb wehr einen herren in deſſen wolfahrt des gantzen landes statt beruhet in einer ringmawer die dem feind zum naͤhiſten vnd nicht zum ſicherſten iſt zuhaben erdachten derowegen anfaͤnglich den fuͤrſten durch einen vnverſehnlichen außfall aus der stadt durch die feinde zubringen vnd als ſolches wegen gar zu groſſen widerſtandes nicht angieng vnd der churfuͤrſt mit vnauffhoͤrlichem sturm der stadt zuſetzte hat hans kuſſow der nicht weit von pyritz geſeſſen war vnd deme die gelegenheit des ortes woll bekand war ſeinen herren in der nacht durch den teich beym jungfrawen kloſter vnd ferner durch die ploͤniſche bruͤche davon gebracht vnd jhn aus des feindes gelegeten stricken erlediget,solches mercketen des hertzogen leute gar wol und bedachten nun erstlich das es nicht rahtsamb wehr einen herren in dessen wolfahrt des gantzen landes statt beruhet in einer ringmawer die dem feind zum nahisten und nicht zum sichersten ist zuhaben erdachten derowegen anfanglich den fursten durch einen unuersehnlichen aussfall aus der stadt durch die feinde zubringen und als solches wegen gar zu grossen widerstandes nicht angieng und der churfurst mit unauffhorlichem sturm der stadt zusetzte hat hans kussow der nicht weit uon pyritz gesessen war und deme die gelegenheit des ortes woll bekand war seinen herren in der nacht durch den teich beym iungfrawen kloster und ferner durch die plonische bruche dauon gebracht und ihn aus des feindes gelegeten stricken erlediget
micraelius_pommernland03_1639,body,180,4,True,455,Da ſolches der Chur Fuͤrſt vernam/ vnd auch zugleich Bottſchafft einkam/ das der Pom̃eriſche Entſatz nunmehr nicht weit von dannen were/ vnd dabeneben vom Kaͤyſer als ein Feld Obriſter wieder Hertzog Carl in Burgundien/ der die Stadt Neuß im Collniſchen Ertzbiſchoffthumb belagert hette/ abgefodert ward/ brach er fuͤr Pyritz auff/ vnd zog davon.,da ſolches der chur fuͤrſt vernam vnd auch zugleich bottſchafft einkam das der pom̃eriſche entſatz nunmehr nicht weit von dannen were vnd dabeneben vom kaͤyſer als ein feld obriſter wieder hertzog carl in burgundien der die stadt neuß im collniſchen ertzbiſchoffthumb belagert hette abgefodert ward brach er fuͤr pyritz auff vnd zog davon,da solches der chur furst uernam und auch zugleich bottschafft einkam das der pommerische entsatz nunmehr nicht weit uon dannen were und dabeneben uom kayser als ein feld obrister wieder hertzog carl in burgundien der die stadt neuss im collnischen ertzbischoffthumb belagert hette abgefodert ward brach er fur pyritz auff und zog dauon
micraelius_pommernland03_1639,body,181,0,False,455,Hertzog Bogiſlaff aber folgete jhme auff dem Fuſſe in die Newe Marck/ belagerte Berneſtein vnd gewan es/ vnd gedachte noch ferner zu gehen.,hertzog bogiſlaff aber folgete jhme auff dem fuſſe in die newe marck belagerte berneſtein vnd gewan es vnd gedachte noch ferner zu gehen,hertzog bogislaff aber folgete ihme auff dem fusse in die newe marck belagerte bernestein und gewan es und gedachte noch ferner zu gehen
micraelius_pommernland03_1639,body,181,1,False,455,Aber die Hertzogen von Mechelnburg ſchlugen ſich abermahlen in die Mitte/ vnd wolten die Sache zu Prentzlow dahin behandelen/ das was gewonnen were/ auff beyden ſeiten gewonnen bliebe/ die Gefangenen frey außgiengen/ der Churfuͤrſt wen das Land loß ſtuͤrbe/ des angefelles halben verſichert wuͤrde/ vnd Hertzog Bogiſlaus zu dieſes Vertrages beſtetigung/ des vorigen Churfuͤrſten Friederichs Tochter Margaretam ſich beylegen lieſſe.,aber die hertzogen von mechelnburg ſchlugen ſich abermahlen in die mitte vnd wolten die sache zu prentzlow dahin behandelen das was gewonnen were auff beyden ſeiten gewonnen bliebe die gefangenen frey außgiengen der churfuͤrſt wen das land loß ſtuͤrbe des angefelles halben verſichert wuͤrde vnd hertzog bogiſlaus zu dieſes vertrages beſtetigung des vorigen churfuͤrſten friederichs tochter margaretam ſich beylegen lieſſe,aber die hertzogen uon mechelnburg schlugen sich abermahlen in die mitte und wolten die sache zu prentzlow dahin behandelen das was gewonnen were auff beyden seiten gewonnen bliebe die gefangenen frey aussgiengen der churfurst wen das land loss sturbe des angefelles halben uersichert wurde und hertzog bogislaus zu dieses uertrages bestetigung des uorigen churfursten friederichs tochter margaretam sich beylegen liesse
micraelius_pommernland03_1639,body,181,2,False,455,Weil aber der Chur Fuͤrſt bey dieſem Vertrage/ da er Hertzog Bogiſtaffen die Hand reichete/ dazu ſagete; Lieber Oheimb/ hiemit verlehne ich euch Land vnd Leute: Zog derſelbe die Hand mit dieſen Worten zuruͤcke.,weil aber der chur fuͤrſt bey dieſem vertrage da er hertzog bogiſtaffen die hand reichete dazu ſagete lieber oheimb hiemit verlehne ich euch land vnd leute zog derſelbe die hand mit dieſen worten zuruͤcke,weil aber der chur furst bey diesem uertrage da er hertzog bogistaffen die hand reichete dazu sagete lieber oheimb hiemit uerlehne ich euch land und leute zog derselbe die hand mit diesen worten zurucke
micraelius_pommernland03_1639,body,181,3,False,455,Es iſt ſo nicht geredet: Da ſollen Ehe drey ſieben Teuffel durchfahren.,es iſt ſo nicht geredet da ſollen ehe drey ſieben teuffel durchfahren,es ist so nicht geredet da sollen ehe drey sieben teuffel durchfahren
micraelius_pommernland03_1639,body,181,4,False,455,Dann alſo pflag er zu fluchen: Setzete ſich im Zorm auffs Pferd/ vnd ritte bey vnvertragener Sache nach Paſewalck/ da Hertzog Wartiſlaff ſein Vetter ſich auffhielt/ vnd durchaus nicht rahten wolte/ daß das Land zu Stettin zu Lehen vom Chur Fuͤrſten empfangen wuͤrde.,dann alſo pflag er zu fluchen setzete ſich im zorm auffs pferd vnd ritte bey vnvertragener sache nach paſewalck da hertzog wartiſlaff ſein vetter ſich auffhielt vnd durchaus nicht rahten wolte daß das land zu stettin zu lehen vom chur fuͤrſten empfangen wuͤrde,dann also pflag er zu fluchen setzete sich im zorm auffs pferd und ritte bey unuertragener sache nach pasewalck da hertzog wartislaff sein uetter sich auffhielt und durchaus nicht rahten wolte dass das land zu stettin zu lehen uom chur fursten empfangen wurde
micraelius_pommernland03_1639,body,181,5,False,456,Nichtes deſto weniger haben die Fuͤrſten zu Mechelnburg ſich bearbeitet/ das Hertzog Bogislaff ſich wieder zum Churfuͤrſten nach Prentzlow begab/ vnd die Heurahtshandlunge vnd Anwartung des Angefelles brieflich vollenzog vnd verſicherte.,nichtes deſto weniger haben die fuͤrſten zu mechelnburg ſich bearbeitet das hertzog bogislaff ſich wieder zum churfuͤrſten nach prentzlow begab vnd die heurahtshandlunge vnd anwartung des angefelles brieflich vollenzog vnd verſicherte,nichtes desto weniger haben die fursten zu mechelnburg sich bearbeitet das hertzog bogislaff sich wieder zum churfursten nach prentzlow begab und die heurahtshandlunge und anwartung des angefelles brieflich uollenzog und uersicherte
micraelius_pommernland03_1639,body,181,6,False,456,Doch iſt das Beylager bis auffs mcdlxxvj. Jahr verſchoben worden.,doch iſt das beylager bis auffs mcdlxxvj jahr verſchoben worden,doch ist das beylager bis auffs mcdlxxui iahr uerschoben worden
micraelius_pommernland03_1639,body,181,7,False,456,Vnd dieſes erzehlen alſo vnſere Pom̃eriſche Chronicken/ laut eines Briefes von Hertzog Magnus aus Mechelnburg.,vnd dieſes erzehlen alſo vnſere pom̃eriſche chronicken laut eines briefes von hertzog magnus aus mechelnburg,und dieses erzehlen also unsere pommerische chronicken laut eines briefes uon hertzog magnus aus mechelnburg
micraelius_pommernland03_1639,body,181,8,False,456,Die Brandenburgiſchen aber haben etliche Jahr hernach in der Nuͤrnbergiſchen Commiſſion vorgegeben/ als wenn Bogiſlaus gleichmeſſig/ wie ſein Vater/ pflicht gethan hette/ vnd druͤber Brieff vnd Siegel beyder Hertzogen von Mechelnburg fuͤrgeleget.,die brandenburgiſchen aber haben etliche jahr hernach in der nuͤrnbergiſchen commiſſion vorgegeben als wenn bogiſlaus gleichmeſſig wie ſein vater pflicht gethan hette vnd druͤber brieff vnd siegel beyder hertzogen von mechelnburg fuͤrgeleget,die brandenburgischen aber haben etliche iahr hernach in der nurnbergischen commission uorgegeben als wenn bogislaus gleichmessig wie sein uater pflicht gethan hette und druber brieff und siegel beyder hertzogen uon mechelnburg furgeleget
micraelius_pommernland03_1639,body,181,9,True,456,Von ſolchen Briefen aber hat in gemelter Commiſſion der Hertzog nichtes wiſſen wollen/ es ſey auch zugegangen wie es wolle/ mit dem Vorgeben/ das offtmahlen vnter den Partheyen gehandelt/ vnd von den Vnterthedingern ein Begriff oder Project gemachet/ vnd vnter die Siegel gebracht werde/ das dem andern Theil nicht annehmlich/ oder von jhme vollenzogen werde.,von ſolchen briefen aber hat in gemelter commiſſion der hertzog nichtes wiſſen wollen es ſey auch zugegangen wie es wolle mit dem vorgeben das offtmahlen vnter den partheyen gehandelt vnd von den vnterthedingern ein begriff oder project gemachet vnd vnter die siegel gebracht werde das dem andern theil nicht annehmlich oder von jhme vollenzogen werde,uon solchen briefen aber hat in gemelter commission der hertzog nichtes wissen wollen es sey auch zugegangen wie es wolle mit dem uorgeben das offtmahlen unter den partheyen gehandelt und uon den unterthedingern ein begriff oder proiect gemachet und unter die siegel gebracht werde das dem andern theil nicht annehmlich oder uon ihme uollenzogen werde
micraelius_pommernland03_1639,body,182,0,False,456,Weil aber in dieſem Prentzlowiſchen Vertrage/ Hertzog Wartiſlaff nicht begriffen war/ als trachtete er jmmerdar darnach/ wie er die Stadt Gartz vnd andere Guͤter/ die der Churfuͤrſt vom Stetinſchen Fuͤrſtenthumb nunmehr bey acht/ oder wie etliche ſagen/ zehen Jahr innen hette/ wiederumb in ſeine Gewalt bringen moͤchte.,weil aber in dieſem prentzlowiſchen vertrage hertzog wartiſlaff nicht begriffen war als trachtete er jmmerdar darnach wie er die stadt gartz vnd andere guͤter die der churfuͤrſt vom stetinſchen fuͤrſtenthumb nunmehr bey acht oder wie etliche ſagen zehen jahr innen hette wiederumb in ſeine gewalt bringen moͤchte,weil aber in diesem prentzlowischen uertrage hertzog wartislaff nicht begriffen war als trachtete er immerdar darnach wie er die stadt gartz und andere guter die der churfurst uom stetinschen furstenthumb nunmehr bey acht oder wie etliche sagen zehen iahr innen hette wiederumb in seine gewalt bringen mochte
micraelius_pommernland03_1639,body,182,1,False,457,Es kam jhme auch eine gewuͤnſchete Gelegenheit in die Hand/ dadurch er/ was er ſuchete/ erreichete.,es kam jhme auch eine gewuͤnſchete gelegenheit in die hand dadurch er was er ſuchete erreichete,es kam ihme auch eine gewunschete gelegenheit in die hand dadurch er was er suchete erreichete
micraelius_pommernland03_1639,body,182,2,False,457,Dann der Commendant drinnen Werner von der Schulenburg hette zu ſeiner Kindtauff etlichen Habern von Bartholomeo Bruͤſeabern zu Bruſefeldt geſeſſen/ begehret.,dann der commendant drinnen werner von der schulenburg hette zu ſeiner kindtauff etlichen habern von bartholomeo bruͤſeabern zu bruſefeldt geſeſſen begehret,dann der commendant drinnen werner uon der schulenburg hette zu seiner kindtauff etlichen habern uon bartholomeo bruseabern zu brusefeldt gesessen begehret
micraelius_pommernland03_1639,body,182,3,False,457,Derſelbe aber entdeckete dieſes Hertzog Wartiſlafen/ der ſich dasmahl zu Stettin auffhielt.,derſelbe aber entdeckete dieſes hertzog wartiſlafen der ſich dasmahl zu stettin auffhielt,derselbe aber entdeckete dieses hertzog wartislafen der sich dasmahl zu stettin auffhielt
micraelius_pommernland03_1639,body,182,4,False,457,Vnd ward die Sache dermaſſen vorgenommen/ das viij. Wagen mit gewapneten Maͤnnern/ vnd inſonderheit etlichen vertraweten vom Adel/ vnter groſſen Saͤcken/ ſo an ſtatt des Habers mit Hechſel oder Heckerling gefuͤllet waren/ bedecket/ gar fruͤe fuͤr den Zollkamen.,vnd ward die sache dermaſſen vorgenommen das viij wagen mit gewapneten maͤnnern vnd inſonderheit etlichen vertraweten vom adel vnter groſſen saͤcken ſo an ſtatt des habers mit hechſel oder heckerling gefuͤllet waren bedecket gar fruͤe fuͤr den zollkamen,und ward die sache dermassen uorgenommen das uiii wagen mit gewapneten mannern und insonderheit etlichen uertraweten uom adel unter grossen sacken so an statt des habers mit hechsel oder heckerling gefullet waren bedecket gar frue fur den zollkamen
micraelius_pommernland03_1639,body,182,5,False,457,Vnd als ſie daſelbſt/ wie es beſtellet war/ von der Wacht eingelaſſen wurden/ haben ſie dieſelbe niedergemachet/ vnd die Wagen ins Statthor gerncket/ das nicht allein etliche Stetinſche Buͤrger/ die in Kahnen an der Bruͤcke auffwarteten/ ſondern auch Hertzog Wartislaff ſelbſt mit ſeinem Kriegsvolck/ ſo er in der eyle von Stettin/ Stargardt/ vnd etlichen vom Adel auffgebracht hette/ in die Stadt hinein kam/ das Schloß mit Gewalt eroberte/ vnd in den Grund verderbete/ vnd den Commendanten ſelbſt/ der auff ein Thor die Flucht nam/ vnd ſich iv. Tage davon wehrete/ gefangen bekam.,vnd als ſie daſelbſt wie es beſtellet war von der wacht eingelaſſen wurden haben ſie dieſelbe niedergemachet vnd die wagen ins statthor gerncket das nicht allein etliche stetinſche buͤrger die in kahnen an der bruͤcke auffwarteten ſondern auch hertzog wartislaff ſelbſt mit ſeinem kriegsvolck ſo er in der eyle von stettin stargardt vnd etlichen vom adel auffgebracht hette in die stadt hinein kam das schloß mit gewalt eroberte vnd in den grund verderbete vnd den commendanten ſelbſt der auff ein thor die flucht nam vnd ſich iv tage davon wehrete gefangen bekam,und als sie daselbst wie es bestellet war uon der wacht eingelassen wurden haben sie dieselbe niedergemachet und die wagen ins statthor gerncket das nicht allein etliche stetinsche burger die in kahnen an der brucke auffwarteten sondern auch hertzog wartislaff selbst mit seinem kriegsuolck so er in der eyle uon stettin stargardt und etlichen uom adel auffgebracht hette in die stadt hinein kam das schloss mit gewalt eroberte und in den grund uerderbete und den commendanten selbst der auff ein thor die flucht nam und sich iu tage dauon wehrete gefangen bekam
micraelius_pommernland03_1639,body,182,6,False,457,Folgends iſt auch Vierraden mit gleichmaͤſſiger Behendigkeit durch Heinrich Lindſteten eingenommen/ vnd drauff Curdt Schlabersdorff der Hauptman gefangen worden.,folgends iſt auch vierraden mit gleichmaͤſſiger behendigkeit durch heinrich lindſteten eingenommen vnd drauff curdt schlabersdorff der hauptman gefangen worden,folgends ist auch uierraden mit gleichmassiger behendigkeit durch heinrich lindsteten eingenommen und drauff curdt schlabersdorff der hauptman gefangen worden
micraelius_pommernland03_1639,body,182,7,True,457,Jmgleichen ward auch Loͤkenitz dem Churfuͤrſten wieder abgenommen.,jmgleichen ward auch loͤkenitz dem churfuͤrſten wieder abgenommen,imgleichen ward auch lokenitz dem churfursten wieder abgenommen
micraelius_pommernland03_1639,body,183,0,False,458,Da ſolches fuͤr den Churfuͤrſten kam/ war er bald auff mit ſeinem Heere/ brachte Vierraden/ weil es von den Stetinſchen vbel beſetzet war/ alsfort wieder an ſich/ zog auch fuͤr Gartz/ daſſelbe zu belagern/ weil ers aber nicht bald gewinnen konte/ machete er ſich an die Loͤkenitz/ vnd eroberte ſolchen Ort/ griff auch folgends weiter vmb ſich/ vnd weil Hertzog Wartislaff kranck lage/ vnd Hertzog Bogiſlaff wegen des getroffenen Vertrages nicht zu Felde zog/ gewan er die beyden Haͤuſer/ Satzig vnd Berneſtein/ vnd brandte Bahnen in die grund.,da ſolches fuͤr den churfuͤrſten kam war er bald auff mit ſeinem heere brachte vierraden weil es von den stetinſchen vbel beſetzet war alsfort wieder an ſich zog auch fuͤr gartz daſſelbe zu belagern weil ers aber nicht bald gewinnen konte machete er ſich an die loͤkenitz vnd eroberte ſolchen ort griff auch folgends weiter vmb ſich vnd weil hertzog wartislaff kranck lage vnd hertzog bogiſlaff wegen des getroffenen vertrages nicht zu felde zog gewan er die beyden haͤuſer satzig vnd berneſtein vnd brandte bahnen in die grund,da solches fur den churfursten kam war er bald auff mit seinem heere brachte uierraden weil es uon den stetinschen ubel besetzet war alsfort wieder an sich zog auch fur gartz dasselbe zu belagern weil ers aber nicht bald gewinnen konte machete er sich an die lokenitz und eroberte solchen ort griff auch folgends weiter umb sich und weil hertzog wartislaff kranck lage und hertzog bogislaff wegen des getroffenen uertrages nicht zu felde zog gewan er die beyden hauser satzig und bernestein und brandte bahnen in die grund
micraelius_pommernland03_1639,body,183,1,False,458,Endlich da Wartiſlaff gar mit Todte abgieng/ vnd zum Newen Camp begraben ward/ iſt erſtlich ein Stillſtand der Waffen/ endlich ein voͤlliger Friede getroffen/ vnd auffs Feſt der Heimſuchung Mariæ im Jahr m. cdlxxix. vollenzogen/ das dem Churfuͤrſten Loͤkenitz/ Vierraden/ vñ Berneſtein verbleiben/ Hertzog Bogiſlaffen kein Anſpruch wegen Gartz gemachet/ ſondern Satzig wieder außgeantwortet werden ſolte/ das auch newe Verſicherung wegen der Erbvertraͤge anßgehaͤndiget wuͤrde.,endlich da wartiſlaff gar mit todte abgieng vnd zum newen camp begraben ward iſt erſtlich ein stillſtand der waffen endlich ein voͤlliger friede getroffen vnd auffs feſt der heimſuchung mariæ im jahr m cdlxxix vollenzogen das dem churfuͤrſten loͤkenitz vierraden vñ berneſtein verbleiben hertzog bogiſlaffen kein anſpruch wegen gartz gemachet ſondern satzig wieder außgeantwortet werden ſolte das auch newe verſicherung wegen der erbvertraͤge anßgehaͤndiget wuͤrde,endlich da wartislaff gar mit todte abgieng und zum newen camp begraben ward ist erstlich ein stillstand der waffen endlich ein uolliger friede getroffen und auffs fest der heimsuchung mariae im iahr m cdlxxix uollenzogen das dem churfursten lokenitz uierraden und bernestein uerbleiben hertzog bogislaffen kein anspruch wegen gartz gemachet sondern satzig wieder aussgeantwortet werden solte das auch newe uersicherung wegen der erbuertrage anssgehandiget wurde
micraelius_pommernland03_1639,body,183,2,False,458,Vnd alſo iſt der Grund eines beſtaͤndigen Friedes zwiſchen Marck vnd Pommern geleget worden/ vmb welchen/ weil ſich Werner von der Schulenburg ſehr bearbeitet hette/ iſt jhme das Staͤdtlein Loͤkenitz/ ſampt aller Zubehoͤrung vom Churfuͤrſten; Vnd Penckun ſampt dem Ampt daſelbſt von Hertzog Bogiſlao zur Lehen auffgetragen vnd vbergeben worden.,vnd alſo iſt der grund eines beſtaͤndigen friedes zwiſchen marck vnd pommern geleget worden vmb welchen weil ſich werner von der schulenburg ſehr bearbeitet hette iſt jhme das staͤdtlein loͤkenitz ſampt aller zubehoͤrung vom churfuͤrſten vnd penckun ſampt dem ampt daſelbſt von hertzog bogiſlao zur lehen auffgetragen vnd vbergeben worden,und also ist der grund eines bestandigen friedes zwischen marck und pommern geleget worden umb welchen weil sich werner uon der schulenburg sehr bearbeitet hette ist ihme das stadtlein lokenitz sampt aller zubehorung uom churfursten und penckun sampt dem ampt daselbst uon hertzog bogislao zur lehen auffgetragen und ubergeben worden
micraelius_pommernland03_1639,body,183,3,False,458,Es ſind aber die Edlen von der Schulenburg Geldriſche Herren/ vnd koͤnnen jhre erſte Muͤtterliche Ahnen von den Edlen Freyherren von der Zahna/ von den Edlen Schadewachten/ vnd von den Heꝛrn von Buch vnd Gersdaw herzehlen/ vnd ſind zun zeiten Caroli des groſſen erſtlich neben andern Geſchlechtern in die Marck/ dieſelbe zubewohnen/ vnd wieder die Wenden zu vertheidigen gekommen.,es ſind aber die edlen von der schulenburg geldriſche herren vnd koͤnnen jhre erſte muͤtterliche ahnen von den edlen freyherren von der zahna von den edlen schadewachten vnd von den heꝛrn von buch vnd gersdaw herzehlen vnd ſind zun zeiten caroli des groſſen erſtlich neben andern geſchlechtern in die marck dieſelbe zubewohnen vnd wieder die wenden zu vertheidigen gekommen,es sind aber die edlen uon der schulenburg geldrische herren und konnen ihre erste mutterliche ahnen uon den edlen freyherren uon der zahna uon den edlen schadewachten und uon den hern uon buch und gersdaw herzehlen und sind zun zeiten caroli des grossen erstlich neben andern geschlechtern in die marck dieselbe zubewohnen und wieder die wenden zu uertheidigen gekommen
micraelius_pommernland03_1639,body,183,4,True,459,Gemelten Warner von der Schulenburg/ der Fraw Eliſabeth von Puttlitz zur Ehe hette/ hat Hertzog Bogiſlaff in Beſtallung genommen/ jhn zum Hauptman im Lande zu Stettin verordnet/ durch ſeinen Raht loͤbliche Hoff- vnd Amptordnung auffgerichtet/ vnd ſich vmb gelarte Leute zu den Gerichten beworben vnd vmbgethan.,gemelten warner von der schulenburg der fraw eliſabeth von puttlitz zur ehe hette hat hertzog bogiſlaff in beſtallung genommen jhn zum hauptman im lande zu stettin verordnet durch ſeinen raht loͤbliche hoff vnd amptordnung auffgerichtet vnd ſich vmb gelarte leute zu den gerichten beworben vnd vmbgethan,gemelten warner uon der schulenburg der fraw elisabeth uon puttlitz zur ehe hette hat hertzog bogislaff in bestallung genommen ihn zum hauptman im lande zu stettin uerordnet durch seinen raht lobliche hoff und amptordnung auffgerichtet und sich umb gelarte leute zu den gerichten beworben und umbgethan
micraelius_pommernland03_1639,body,184,0,False,459,Des folgenden Jahres/ da manſchreibet mcdlxxx. were Hertzog Bogiſlaff durch etlicher ſeiner Hofeleute vnbilliches Vornehmen/ vnd drauff folgenden Tumult der Coͤßliniſchen Burgerſchafft/ faſt vmb ſein Leben gekommen.,des folgenden jahres da manſchreibet mcdlxxx were hertzog bogiſlaff durch etlicher ſeiner hofeleute vnbilliches vornehmen vnd drauff folgenden tumult der coͤßliniſchen burgerſchafft faſt vmb ſein leben gekommen,des folgenden iahres da manschreibet mcdlxxx were hertzog bogislaff durch etlicher seiner hofeleute unbilliches uornehmen und drauff folgenden tumult der cosslinischen burgerschafft fast umb sein leben gekommen
micraelius_pommernland03_1639,body,184,1,False,459,Dann da er ſich bey Zanow am Chollenberge auffm Schloſſe/ das nunmehr verſtoͤret iſt/ auffhielt/ vnd etliche von ſeinem Hoffgeſinde die Coßliniſche vnd andere Kaufleute/ die nach Dantzig handelten/ beraubeten/ vnd mit der vbel geſucheten Beute nach Zanow ritten/ ward zu Coͤßlin druͤber ein Tumult/ vnd die aus der Gemeine lieffen alsfort zun Waffen/ eyleten auff des Fuͤrſten Schloß zuvnd wolten die Thaͤter/ die jhre Buͤrger auff freyer Straſſen beraubet hetten/ herauß haben/ vnd da jhnen die Thore nicht fort auffgemachet wurden/ vnd der Hertzog ſelbſt ſich zur Wehr ſetze/ erbrachen ſie das Thor vnd ſchlugen auff die/ ſo Gegenwehr thaten/ gewaltig zu/ hatten auch den Hertzog ſelbſten mit einer Helleparten erſchlagen/ wann nicht Adam Podewils/ der Hauptman zu Zanow/ den Schlag auffgefangen hette.,dann da er ſich bey zanow am chollenberge auffm schloſſe das nunmehr verſtoͤret iſt auffhielt vnd etliche von ſeinem hoffgeſinde die coßliniſche vnd andere kaufleute die nach dantzig handelten beraubeten vnd mit der vbel geſucheten beute nach zanow ritten ward zu coͤßlin druͤber ein tumult vnd die aus der gemeine lieffen alsfort zun waffen eyleten auff des fuͤrſten schloß zuvnd wolten die thaͤter die jhre buͤrger auff freyer straſſen beraubet hetten herauß haben vnd da jhnen die thore nicht fort auffgemachet wurden vnd der hertzog ſelbſt ſich zur wehr ſetze erbrachen ſie das thor vnd ſchlugen auff die ſo gegenwehr thaten gewaltig zu hatten auch den hertzog ſelbſten mit einer helleparten erſchlagen wann nicht adam podewils der hauptman zu zanow den schlag auffgefangen hette,dann da er sich bey zanow am chollenberge auffm schlosse das nunmehr uerstoret ist auffhielt und etliche uon seinem hoffgesinde die cosslinische und andere kaufleute die nach dantzig handelten beraubeten und mit der ubel gesucheten beute nach zanow ritten ward zu cosslin druber ein tumult und die aus der gemeine lieffen alsfort zun waffen eyleten auff des fursten schloss zuund wolten die thater die ihre burger auff freyer strassen beraubet hetten herauss haben und da ihnen die thore nicht fort auffgemachet wurden und der hertzog selbst sich zur wehr setze erbrachen sie das thor und schlugen auff die so gegenwehr thaten gewaltig zu hatten auch den hertzog selbsten mit einer helleparten erschlagen wann nicht adam podewils der hauptman zu zanow den schlag auffgefangen hette
micraelius_pommernland03_1639,body,184,2,False,460,Als ſie endlich des Hertzogen maͤchtig geworden waren/ ſetzeten ſie jhn nebenſt denen/ die er bey ſich hette/ auff ſchlechte Wagen/ die ſie aus Zanow zur Hand ſchaffeten/ vnd kamen mit jhme/ gleichſamb als in einem Triumph/ nach jhrer Stadt/ vnd ſchrien all gewonnen.,als ſie endlich des hertzogen maͤchtig geworden waren ſetzeten ſie jhn nebenſt denen die er bey ſich hette auff ſchlechte wagen die ſie aus zanow zur hand ſchaffeten vnd kamen mit jhme gleichſamb als in einem triumph nach jhrer stadt vnd ſchrien all gewonnen,als sie endlich des hertzogen machtig geworden waren setzeten sie ihn nebenst denen die er bey sich hette auff schlechte wagen die sie aus zanow zur hand schaffeten und kamen mit ihme gleichsamb als in einem triumph nach ihrer stadt und schrien all gewonnen
micraelius_pommernland03_1639,body,184,3,False,460,Blind iſt offtermahlen der Poͤfel/ das er daſſelbe wolgethan heiſſet/ was zum Verderben vnd Vntergang der nehiſte Weg iſt.,blind iſt offtermahlen der poͤfel das er daſſelbe wolgethan heiſſet was zum verderben vnd vntergang der nehiſte weg iſt,blind ist offtermahlen der pofel das er dasselbe wolgethan heisset was zum uerderben und untergang der nehiste weg ist
micraelius_pommernland03_1639,body,184,4,False,460,Der Raht aber vnd die Vornembſten aus der Gemeine/ die der Sachen beſſer nachdachten/ vnd in der Stadt geblieben waren/ ſo bald ſie hoͤreten/ daß jhre Hertzog als ein Gefangener zu jhnen gebracht ward/ wurden druͤber ſehr beſtuͤrtzet/ giengen jhrem Landsfuͤrſten fuͤr das Thor entgegen/ entſchuldigten ſich auffs beſte/ baten die Thorheit dem vnbendigen Poͤfel zuverzeihen/ vnd tractiereten jhn beſter maſſen nach jhrem Vermoͤgen.,der raht aber vnd die vornembſten aus der gemeine die der sachen beſſer nachdachten vnd in der stadt geblieben waren ſo bald ſie hoͤreten daß jhre hertzog als ein gefangener zu jhnen gebracht ward wurden druͤber ſehr beſtuͤrtzet giengen jhrem landsfuͤrſten fuͤr das thor entgegen entſchuldigten ſich auffs beſte baten die thorheit dem vnbendigen poͤfel zuverzeihen vnd tractiereten jhn beſter maſſen nach jhrem vermoͤgen,der raht aber und die uornembsten aus der gemeine die der sachen besser nachdachten und in der stadt geblieben waren so bald sie horeten dass ihre hertzog als ein gefangener zu ihnen gebracht ward wurden druber sehr besturtzet giengen ihrem landsfursten fur das thor entgegen entschuldigten sich auffs beste baten die thorheit dem unbendigen pofel zuuerzeihen und tractiereten ihn bester massen nach ihrem uermogen
micraelius_pommernland03_1639,body,184,5,False,460,Kaum war ſolches geſchehen/ ſo brach ein Geruͤchte aus/ daß der Hertzog gefangen/ ja das er erſchlagen were/ vnd Jederman war auff den Beinen/ jhn entweder zu entledigen/ ſo er noch lebete/ oder/ ſo er todt were/ zu rechen.,kaum war ſolches geſchehen ſo brach ein geruͤchte aus daß der hertzog gefangen ja das er erſchlagen were vnd jederman war auff den beinen jhn entweder zu entledigen ſo er noch lebete oder ſo er todt were zu rechen,kaum war solches geschehen so brach ein geruchte aus dass der hertzog gefangen ia das er erschlagen were und iederman war auff den beinen ihn entweder zu entledigen so er noch lebete oder so er todt were zu rechen
micraelius_pommernland03_1639,body,184,6,False,460,Aber da die Beſchaffenheit vnd Verlauff des gantzen Handels recht eingenommen ward/ damit beydes des Hertzoges Hoheit beybehalten/ vnd das vnbeſonnene Vornehmen des Coͤßliniſchen Poͤfels geſtraffet wuͤrde/ iſt zwiſchen dem Hertzogen vñ der Stadt/ durch Martinum den Biſchoff von Cammin/ Henningk Borcken/ Caſpar Fleming/ vnd Warner von der Schulenburg/ vnd andere/ die Sache dermaſſen vertragen/ daß/ weil die Coͤßliniſchen Hertzog Erico Bogiſlai Vatern zu ſeinen Kriegen etliche tauſend Guͤlden vorgeſtrecket hetten/ dieſelbige nicht wieder fordern/ ſondern noch dazu drey tauſend Guͤlden zur Aiſſoͤhne erlegen/ vnd dabeneben dem Hertzogen/ wann er zwiſchen Michaelis vnd Martini ſelbigen Jahres mit ſeinem Frawenzim̃er vnd cc. Pferden kommen wuͤrde/ daß Thor/ da ſie jhn daßmahl eingefuͤhret hetten/ niederreiſſen/ vnd jhn daruͤber reiten laſſen/ jhm mit der gantzen Cleriſey/ Stadt vnd Cloſter mit Creutzen vñ Fahnen entgegen gehen/ vor dem Thore einen Fußfall thun/ vmb Verzeihung bitten/ jhme etliche Tage guͤttlich thun/ vñ ſeiner Gemaͤhlin ein Kleinoth von cc. Goldguͤlden ſchencken ſolten.,aber da die beſchaffenheit vnd verlauff des gantzen handels recht eingenommen ward damit beydes des hertzoges hoheit beybehalten vnd das vnbeſonnene vornehmen des coͤßliniſchen poͤfels geſtraffet wuͤrde iſt zwiſchen dem hertzogen vñ der stadt durch martinum den biſchoff von cammin henningk borcken caſpar fleming vnd warner von der schulenburg vnd andere die sache dermaſſen vertragen daß weil die coͤßliniſchen hertzog erico bogiſlai vatern zu ſeinen kriegen etliche tauſend guͤlden vorgeſtrecket hetten dieſelbige nicht wieder fordern ſondern noch dazu drey tauſend guͤlden zur aiſſoͤhne erlegen vnd dabeneben dem hertzogen wann er zwiſchen michaelis vnd martini ſelbigen jahres mit ſeinem frawenzim̃er vnd cc pferden kommen wuͤrde daß thor da ſie jhn daßmahl eingefuͤhret hetten niederreiſſen vnd jhn daruͤber reiten laſſen jhm mit der gantzen cleriſey stadt vnd cloſter mit creutzen vñ fahnen entgegen gehen vor dem thore einen fußfall thun vmb verzeihung bitten jhme etliche tage guͤttlich thun vñ ſeiner gemaͤhlin ein kleinoth von cc goldguͤlden ſchencken ſolten,aber da die beschaffenheit und uerlauff des gantzen handels recht eingenommen ward damit beydes des hertzoges hoheit beybehalten und das unbesonnene uornehmen des cosslinischen pofels gestraffet wurde ist zwischen dem hertzogen und der stadt durch martinum den bischoff uon cammin henningk borcken caspar fleming und warner uon der schulenburg und andere die sache dermassen uertragen dass weil die cosslinischen hertzog erico bogislai uatern zu seinen kriegen etliche tausend gulden uorgestrecket hetten dieselbige nicht wieder fordern sondern noch dazu drey tausend gulden zur aissohne erlegen und dabeneben dem hertzogen wann er zwischen michaelis und martini selbigen iahres mit seinem frawenzimmer und cc pferden kommen wurde dass thor da sie ihn dassmahl eingefuhret hetten niederreissen und ihn daruber reiten lassen ihm mit der gantzen clerisey stadt und closter mit creutzen und fahnen entgegen gehen uor dem thore einen fussfall thun umb uerzeihung bitten ihme etliche tage guttlich thun und seiner gemahlin ein kleinoth uon cc goldgulden schencken solten
micraelius_pommernland03_1639,body,184,7,True,461,Alſo haben die Coͤßliniſchen eine Thorheit thun doͤrffen/ vnd ſie thewr gnug bezahlen muͤſſen/ wie man ſolches auch zum Sprichwort von jhnen gebrauchet.,alſo haben die coͤßliniſchen eine thorheit thun doͤrffen vnd ſie thewr gnug bezahlen muͤſſen wie man ſolches auch zum sprichwort von jhnen gebrauchet,also haben die cosslinischen eine thorheit thun dorffen und sie thewr gnug bezahlen mussen wie man solches auch zum sprichwort uon ihnen gebrauchet
micraelius_pommernland03_1639,body,185,0,False,461,Der Hertzog aber war nach dieſer Zeit ſehr fleiſſig/ ſein Land/ wo er koͤnte/ zu beſſern/ wie er dann auch zu dem Ende daß Muͤntzweſen beſſer beſtellete/ vnd damit des Landes einkommen den vierdten Theil hoͤher brachte.,der hertzog aber war nach dieſer zeit ſehr fleiſſig ſein land wo er koͤnte zu beſſern wie er dann auch zu dem ende daß muͤntzweſen beſſer beſtellete vnd damit des landes einkommen den vierdten theil hoͤher brachte,der hertzog aber war nach dieser zeit sehr fleissig sein land wo er konte zu bessern wie er dann auch zu dem ende dass muntzwesen besser bestellete und damit des landes einkommen den uierdten theil hoher brachte
micraelius_pommernland03_1639,body,185,1,False,461,Jnſonderheit beſtellete er durch ſeinen Amptman im Lande zu Stettin/ Werner von der Schulenburg/ vnd Cantzler Georg Kleiſten die Hoffvnd Landordnung dermaſſen/ das zu ſeiner Zeit das Pommerland im hoͤhiſten Flor geſtanden iſt.,jnſonderheit beſtellete er durch ſeinen amptman im lande zu stettin werner von der schulenburg vnd cantzler georg kleiſten die hoffvnd landordnung dermaſſen das zu ſeiner zeit das pommerland im hoͤhiſten flor geſtanden iſt,insonderheit bestellete er durch seinen amptman im lande zu stettin werner uon der schulenburg und cantzler georg kleisten die hoffund landordnung dermassen das zu seiner zeit das pommerland im hohisten flor gestanden ist
micraelius_pommernland03_1639,body,185,2,False,461,Die Fuͤrſtliche Einkom̃en auff den Aemptern/ waren bißher durch Krieg verrucket/ verſetzet vnd faſt vntergangen/ vnd was noch verhanden war/ das nahmen die Rentmeiſter auff jhren Glauben ein/ vnd gaben davon keine Regiſter.,die fuͤrſtliche einkom̃en auff den aemptern waren bißher durch krieg verrucket verſetzet vnd faſt vntergangen vnd was noch verhanden war das nahmen die rentmeiſter auff jhren glauben ein vnd gaben davon keine regiſter,die furstliche einkommen auff den aemptern waren bissher durch krieg uerrucket uersetzet und fast untergangen und was noch uerhanden war das nahmen die rentmeister auff ihren glauben ein und gaben dauon keine register
micraelius_pommernland03_1639,body,185,3,True,461,Die Gerichtes Gewalt war verfallen/ vnd entſtand dannenhero groſſe Vnſicherheit vnd Rauben auff den Landſtraſſen/ vnd thaͤte faſt ein Jeglicher was er wolte.,die gerichtes gewalt war verfallen vnd entſtand dannenhero groſſe vnſicherheit vnd rauben auff den landſtraſſen vnd thaͤte faſt ein jeglicher was er wolte,die gerichtes gewalt war uerfallen und entstand dannenhero grosse unsicherheit und rauben auff den landstrassen und thate fast ein ieglicher was er wolte
micraelius_pommernland03_1639,body,186,0,False,462,Die Cloͤſter muͤſten den Fuͤrſten/ das gantze Jahr durch/ eine gewiſſe Zeit/ eine Ablage geben/ vnd ſie nebenſt dem Hoffgeſinde frey außhalten.,die cloͤſter muͤſten den fuͤrſten das gantze jahr durch eine gewiſſe zeit eine ablage geben vnd ſie nebenſt dem hoffgeſinde frey außhalten,die closter musten den fursten das gantze iahr durch eine gewisse zeit eine ablage geben und sie nebenst dem hoffgesinde frey ausshalten
micraelius_pommernland03_1639,body,186,1,False,462,Daraus wuchs ſo wol den Fuͤrſten/ wegen des vnſteten Lebens/ als den Cloͤſtern/ wegen der groſſen Vnkoſten allerley Vngemach zu. Dieſes alles zog der Hertzog in reife Erwegung/ loͤſete wiederumb ein/ was verſetzet vnd verpfaͤndet war/ ließ beſſer Regiſter halten/ ſetzete an Stadt der Zoͤllner vnd Rentmeiſter getrewe Prieſter/ die die Rechnungen richtig ablegeten/ beſtellete auch die Gerichte beſſer/ vnd hielt die Straſſen rein/ vertrug ſich auch mit den Cloͤſtern dermaſſen/ daß er nicht mehr bey jhnen das gantze Jahr durch wolte herumb ziehen/ vnd daß ſie dagegen jhme an Gelt/ Proviant/ vnd Victualien ein gewiſſes liefern ſolten/ doch mit dem fuͤrbehalt/ daß auff noͤtigen reiſen er nichtes deſto weniger bey jhnen außrichtung haben moͤchte.,daraus wuchs ſo wol den fuͤrſten wegen des vnſteten lebens als den cloͤſtern wegen der groſſen vnkoſten allerley vngemach zu dieſes alles zog der hertzog in reife erwegung loͤſete wiederumb ein was verſetzet vnd verpfaͤndet war ließ beſſer regiſter halten ſetzete an stadt der zoͤllner vnd rentmeiſter getrewe prieſter die die rechnungen richtig ablegeten beſtellete auch die gerichte beſſer vnd hielt die straſſen rein vertrug ſich auch mit den cloͤſtern dermaſſen daß er nicht mehr bey jhnen das gantze jahr durch wolte herumb ziehen vnd daß ſie dagegen jhme an gelt proviant vnd victualien ein gewiſſes liefern ſolten doch mit dem fuͤrbehalt daß auff noͤtigen reiſen er nichtes deſto weniger bey jhnen außrichtung haben moͤchte,daraus wuchs so wol den fursten wegen des unsteten lebens als den clostern wegen der grossen unkosten allerley ungemach zu dieses alles zog der hertzog in reife erwegung losete wiederumb ein was uersetzet und uerpfandet war liess besser register halten setzete an stadt der zollner und rentmeister getrewe priester die die rechnungen richtig ablegeten bestellete auch die gerichte besser und hielt die strassen rein uertrug sich auch mit den clostern dermassen dass er nicht mehr bey ihnen das gantze iahr durch wolte herumb ziehen und dass sie dagegen ihme an gelt prouiant und uictualien ein gewisses liefern solten doch mit dem furbehalt dass auff notigen reisen er nichtes desto weniger bey ihnen aussrichtung haben mochte
micraelius_pommernland03_1639,body,186,2,False,462,Solches war ſo wol den Cloſtern/ als Fuͤrſtlichen Dienern angenem/ jenen zwar/ daß ſie der Beſchwerung loß wurden/ dieſen aber/ daß ſie nicht durfften das gantze Jahr herumb ſchweifen/ vnd nunmehr/ nach beſſerer Beſtallung des Hofes/ nicht mehr durfften/ wie es bißher war gebraͤuchlich geweſen/ mit Futter vnd Mahl zufrieden ſein/ ſondern eine gewiſſe Jahr beſtallung bekamen.,solches war ſo wol den cloſtern als fuͤrſtlichen dienern angenem jenen zwar daß ſie der beſchwerung loß wurden dieſen aber daß ſie nicht durfften das gantze jahr herumb ſchweifen vnd nunmehr nach beſſerer beſtallung des hofes nicht mehr durfften wie es bißher war gebraͤuchlich geweſen mit futter vnd mahl zufrieden ſein ſondern eine gewiſſe jahr beſtallung bekamen,solches war so wol den clostern als furstlichen dienern angenem ienen zwar dass sie der beschwerung loss wurden diesen aber dass sie nicht durfften das gantze iahr herumb schweifen und nunmehr nach besserer bestallung des hofes nicht mehr durfften wie es bissher war gebrauchlich gewesen mit futter und mahl zufrieden sein sondern eine gewisse iahr bestallung bekamen
micraelius_pommernland03_1639,body,186,3,True,462,Zu deme hat der Hertzog auch damit den Vorrath vermehret/ daß er nicht mehr das Getrenck des Hofes/ Gewuͤrtz/ vnd andere Nothdurfft aus den Staͤdten holen/ ſondern das Bier ſelbſt brawen/ den Wein zur Moſtzeit einkaͤuffen vnd einlegen/ vnd das Gewuͤrtz vnd andere Wahren zu Luͤbeck/ Dantzig vnd Leipzig mit gutem Proſit einkaͤuffen lies.,zu deme hat der hertzog auch damit den vorrath vermehret daß er nicht mehr das getrenck des hofes gewuͤrtz vnd andere nothdurfft aus den staͤdten holen ſondern das bier ſelbſt brawen den wein zur moſtzeit einkaͤuffen vnd einlegen vnd das gewuͤrtz vnd andere wahren zu luͤbeck dantzig vnd leipzig mit gutem proſit einkaͤuffen lies,zu deme hat der hertzog auch damit den uorrath uermehret dass er nicht mehr das getrenck des hofes gewurtz und andere nothdurfft aus den stadten holen sondern das bier selbst brawen den wein zur mostzeit einkauffen und einlegen und das gewurtz und andere wahren zu lubeck dantzig und leipzig mit gutem prosit einkauffen lies
micraelius_pommernland03_1639,body,187,0,False,463,Vnter deß weil ſeine Schweſter Catharina/ eine groſſe Heroiſche Perſohn/ Hertzog Heinrich dem Elternverlobet war/ als fuͤhrete er jhme dieſelbe im Jahr m. cdlxxxvj. mit tauſend wolgeruͤſteten Pferden in Perſohn zu/ eben da er mit denen von Hildesheim/ vnd andern jhren Bundsgenoſſen/ vnd verwandten Staͤdten/ als Braunſchweig/ Luͤnenburg/ Magdeburg/ Goßlar vnd anderen mehr/ Kriege fuͤhrete.,vnter deß weil ſeine schweſter catharina eine groſſe heroiſche perſohn hertzog heinrich dem elternverlobet war als fuͤhrete er jhme dieſelbe im jahr m cdlxxxvj mit tauſend wolgeruͤſteten pferden in perſohn zu eben da er mit denen von hildesheim vnd andern jhren bundsgenoſſen vnd verwandten staͤdten als braunſchweig luͤnenburg magdeburg goßlar vnd anderen mehr kriege fuͤhrete,unter dess weil seine schwester catharina eine grosse heroische persohn hertzog heinrich dem elternuerlobet war als fuhrete er ihme dieselbe im iahr m cdlxxxui mit tausend wolgerusteten pferden in persohn zu eben da er mit denen uon hildesheim und andern ihren bundsgenossen und uerwandten stadten als braunschweig lunenburg magdeburg gosslar und anderen mehr kriege fuhrete
micraelius_pommernland03_1639,body,187,1,False,463,Vnd hat mit gutem Rathe den Handelſchlichten helffen/ vnd mit ſeinen Pommern ein Gedaͤchtnus hinter ſich gelaſſen/ das annoch ein Weg daſelbſt der Pommerſche Steig heiſſet.,vnd hat mit gutem rathe den handelſchlichten helffen vnd mit ſeinen pommern ein gedaͤchtnus hinter ſich gelaſſen das annoch ein weg daſelbſt der pommerſche steig heiſſet,und hat mit gutem rathe den handelschlichten helffen und mit seinen pommern ein gedachtnus hinter sich gelassen das annoch ein weg daselbst der pommersche steig heisset
micraelius_pommernland03_1639,body,187,2,True,463,Das Beylager ward im Lager fuͤr Braunſchweig gehalten/ von dannen zog er mit ſeinem Schwager fuͤr Hannover/ vnd nach dem er jhme die huͤlfliche Hand mit ſeinen Pferden eine Zeitlang geleiſtet hette/ vnd vermerckete/ daß es fuͤr den Hertzogen nicht rath were/ ſolchen Krieg lenger zufuͤhren/ hat er ſich/ als einen Vnterhandler/ endlich gebrauchen laſſen/ vnd die Sache vertragen helffen.,das beylager ward im lager fuͤr braunſchweig gehalten von dannen zog er mit ſeinem schwager fuͤr hannover vnd nach dem er jhme die huͤlfliche hand mit ſeinen pferden eine zeitlang geleiſtet hette vnd vermerckete daß es fuͤr den hertzogen nicht rath were ſolchen krieg lenger zufuͤhren hat er ſich als einen vnterhandler endlich gebrauchen laſſen vnd die sache vertragen helffen,das beylager ward im lager fur braunschweig gehalten uon dannen zog er mit seinem schwager fur hannouer und nach dem er ihme die hulfliche hand mit seinen pferden eine zeitlang geleistet hette und uermerckete dass es fur den hertzogen nicht rath were solchen krieg lenger zufuhren hat er sich als einen unterhandler endlich gebrauchen lassen und die sache uertragen helffen
micraelius_pommernland03_1639,body,188,0,False,463,Zwey Jahr hernach hat er auch dccc. Pferde vnd ccc. Fußknechte Hertzog Magno ſeinem andern Schwager zugefuͤhret/ der die Stadt Roſtock/ mit welcher er deßwegen/ daß ſie den alten Raht verjaget hetten/ vnd jhme den Thumb nicht geſtatten wolten/ in ſtreit gerahten war/ vnd ſie deßwegen delagert hette.,zwey jahr hernach hat er auch dccc pferde vnd ccc fußknechte hertzog magno ſeinem andern schwager zugefuͤhret der die stadt roſtock mit welcher er deßwegen daß ſie den alten raht verjaget hetten vnd jhme den thumb nicht geſtatten wolten in ſtreit gerahten war vnd ſie deßwegen delagert hette,zwey iahr hernach hat er auch dccc pferde und ccc fussknechte hertzog magno seinem andern schwager zugefuhret der die stadt rostock mit welcher er desswegen dass sie den alten raht ueriaget hetten und ihme den thumb nicht gestatten wolten in streit gerahten war und sie desswegen delagert hette
micraelius_pommernland03_1639,body,188,1,False,463,Aber beyde Hertzogen konten nichts an Roſtock gewinnen/ nahmen zwar die Feſte bey Warnemuͤnde ein/ vnd verſencketen den Hafen/ vnd hielten ſie blocquiret.,aber beyde hertzogen konten nichts an roſtock gewinnen nahmen zwar die feſte bey warnemuͤnde ein vnd verſencketen den hafen vnd hielten ſie blocquiret,aber beyde hertzogen konten nichts an rostock gewinnen nahmen zwar die feste bey warnemunde ein und uersencketen den hafen und hielten sie blocquiret
micraelius_pommernland03_1639,body,188,2,True,463,Aber die Roſtocker fielen nichtes deſto weniger mit jhren Schiffen aus/ ſtreiffeten biß an Pommern/ vnd auff die Jnſul Ruͤgen/ vnd hielten ſich ſo lange/ biß ein Vertrag zwiſchen jhnen vnd dem Hertzoge auffgerichtet ward.,aber die roſtocker fielen nichtes deſto weniger mit jhren schiffen aus ſtreiffeten biß an pommern vnd auff die jnſul ruͤgen vnd hielten ſich ſo lange biß ein vertrag zwiſchen jhnen vnd dem hertzoge auffgerichtet ward,aber die rostocker fielen nichtes desto weniger mit ihren schiffen aus streiffeten biss an pommern und auff die insul rugen und hielten sich so lange biss ein uertrag zwischen ihnen und dem hertzoge auffgerichtet ward
micraelius_pommernland03_1639,body,189,0,False,464,Vnter des war der newe Churfuͤrſt von Brandenburg Johannes/ Alberti Sohn/ der Erbvertraͤge vnd der Anwartung an Pommern von Hertzog Bogiſlaffen noch nicht verſichert/ vnd als er darumb ſprach/ wolte vnſer Hertzog Vierraden/ Loͤkenitz/ Klempenow/ Torgelow vnd andere Oerter erſtlich wieder haben/ die jhme mit Gewalt vor deme entnom̃en waren.,vnter des war der newe churfuͤrſt von brandenburg johannes alberti sohn der erbvertraͤge vnd der anwartung an pommern von hertzog bogiſlaffen noch nicht verſichert vnd als er darumb ſprach wolte vnſer hertzog vierraden loͤkenitz klempenow torgelow vnd andere oerter erſtlich wieder haben die jhme mit gewalt vor deme entnom̃en waren,unter des war der newe churfurst uon brandenburg iohannes alberti sohn der erbuertrage und der anwartung an pommern uon hertzog bogislaffen noch nicht uersichert und als er darumb sprach wolte unser hertzog uierraden lokenitz klempenow torgelow und andere oerter erstlich wieder haben die ihme mit gewalt uor deme entnommen waren
micraelius_pommernland03_1639,body,189,1,True,464,Daruͤber ward ſo lange von beyden ſeiten/ inſonderheit durch Warner von der Schulenburg/ der Maͤrckiſcher Hofemeiſter vnd Pom̃eriſcher Haͤuptman war/ gehandelt/ biß endlich im Jahr m. cdxciij. der Churfuͤrſt/ Hertzog Bogiſtaffen/ die Clempenow vnd Torgelow/ nebenſt Stoltenburg vnd Boͤcke der Rammine/ vñ was zwiſchen der Oder vnd Randow lieget/ imgleichen Jamekow vnd Cummerow derer von Arnimb abtrat/ Vierraden nebenſt Loͤkenitz fuͤr ſich vnd ſeinen Erben behielte/ Verſicherung des Anfalles halben mit ſolchen Worten/ die hernach groſſen diſputat macheten/ zur genuͤge empfieng/ vnd dagegen ſich verziehe/ der Lehens reichunge durch einen Handſtreich von den Hertzogen zu Stettin Pommern zu keinen Zeiten ſich anzumaſſen/ noch dieſelbe zufordern/ ſondern allein des Anfalles gewertig zu ſein.,daruͤber ward ſo lange von beyden ſeiten inſonderheit durch warner von der schulenburg der maͤrckiſcher hofemeiſter vnd pom̃eriſcher haͤuptman war gehandelt biß endlich im jahr m cdxciij der churfuͤrſt hertzog bogiſtaffen die clempenow vnd torgelow nebenſt stoltenburg vnd boͤcke der rammine vñ was zwiſchen der oder vnd randow lieget imgleichen jamekow vnd cummerow derer von arnimb abtrat vierraden nebenſt loͤkenitz fuͤr ſich vnd ſeinen erben behielte verſicherung des anfalles halben mit ſolchen worten die hernach groſſen diſputat macheten zur genuͤge empfieng vnd dagegen ſich verziehe der lehens reichunge durch einen handſtreich von den hertzogen zu stettin pommern zu keinen zeiten ſich anzumaſſen noch dieſelbe zufordern ſondern allein des anfalles gewertig zu ſein,daruber ward so lange uon beyden seiten insonderheit durch warner uon der schulenburg der marckischer hofemeister und pommerischer hauptman war gehandelt biss endlich im iahr m cdxciii der churfurst hertzog bogistaffen die clempenow und torgelow nebenst stoltenburg und bocke der rammine und was zwischen der oder und randow lieget imgleichen iamekow und cummerow derer uon arnimb abtrat uierraden nebenst lokenitz fur sich und seinen erben behielte uersicherung des anfalles halben mit solchen worten die hernach grossen disputat macheten zur genuge empfieng und dagegen sich uerziehe der lehens reichunge durch einen handstreich uon den hertzogen zu stettin pommern zu keinen zeiten sich anzumassen noch dieselbe zufordern sondern allein des anfalles gewertig zu sein
micraelius_pommernland03_1639,body,190,0,False,464,Ehe aber dieſer gruͤndliche Friede zwiſchen Marck vnd Pommern geſtifftet ward/ kam der Hertzog auff der Jagt bey Vkermuͤnde in groſſe Leibes vñ Lebens Gefahr.,ehe aber dieſer gruͤndliche friede zwiſchen marck vnd pommern geſtifftet ward kam der hertzog auff der jagt bey vkermuͤnde in groſſe leibes vñ lebens gefahr,ehe aber dieser grundliche friede zwischen marck und pommern gestifftet ward kam der hertzog auff der iagt bey ukermunde in grosse leibes und lebens gefahr
micraelius_pommernland03_1639,body,190,1,False,464,Deñ da die Hunde einen friſchen Hirſchen biß auff den Kirchhoff eines Dorffes bey Vkermuͤnde verfolgeten/ vñ jhn daſelbſt vmbringeten/ vñ der Hertzog vom Pferde abſtieg/ vnd jhn mit dem Schweine Spieß fangen wolte/ verſtieß jhm der Hirſch den Stich/ vñ fuhr auff jhn mit dem Geweige dermaſſen zu/ dz jhm Lunge vnd Leber wund vnd verletzet wurden.,deñ da die hunde einen friſchen hirſchen biß auff den kirchhoff eines dorffes bey vkermuͤnde verfolgeten vñ jhn daſelbſt vmbringeten vñ der hertzog vom pferde abſtieg vnd jhn mit dem schweine spieß fangen wolte verſtieß jhm der hirſch den stich vñ fuhr auff jhn mit dem geweige dermaſſen zu dz jhm lunge vnd leber wund vnd verletzet wurden,denn da die hunde einen frischen hirschen biss auff den kirchhoff eines dorffes bey ukermunde uerfolgeten und ihn daselbst umbringeten und der hertzog uom pferde abstieg und ihn mit dem schweine spiess fangen wolte uerstiess ihm der hirsch den stich und fuhr auff ihn mit dem geweige dermassen zu dz ihm lunge und leber wund und uerletzet wurden
micraelius_pommernland03_1639,body,190,2,False,465,Daruͤber entſtand ein groß Weheklagen im gantzen Lande/ das der Pom̃eriſche Stam̃ ſo liederlich erleſchen ſolte.,daruͤber entſtand ein groß weheklagen im gantzen lande das der pom̃eriſche stam̃ ſo liederlich erleſchen ſolte,daruber entstand ein gross weheklagen im gantzen lande das der pommerische stamm so liederlich erleschen solte
micraelius_pommernland03_1639,body,190,3,False,465,Aber durch Gottes ſonderliche Gnad vñ fleißige Cur der Ertzte/ ward der Schade geheilet/ vñ der Hertzog wieder auff die Beine gebracht.,aber durch gottes ſonderliche gnad vñ fleißige cur der ertzte ward der schade geheilet vñ der hertzog wieder auff die beine gebracht,aber durch gottes sonderliche gnad und fleissige cur der ertzte ward der schade geheilet und der hertzog wieder auff die beine gebracht
micraelius_pommernland03_1639,body,190,4,False,465,Seine Gemaͤhlin hat in ſeiner Kranckheit/ da es ſo vbel mit jhme auſſahe/ zu jhme gehen vñ/ ſeiner pflegen wollen.,seine gemaͤhlin hat in ſeiner kranckheit da es ſo vbel mit jhme auſſahe zu jhme gehen vñ ſeiner pflegen wollen,seine gemahlin hat in seiner kranckheit da es so ubel mit ihme aussahe zu ihme gehen und seiner pflegen wollen
micraelius_pommernland03_1639,body,190,5,False,465,Aber er hat ſie nicht wollen fuͤr ſich geſtatten/ weil zwiſchen jhn beyden ein Vnwille vnd Feindſchafft/ weiß nicht aus was vhrſachen/ entſtanden war/ daruͤber auch Doctor Fritze/ ein Medicus/ im Thurn zu Vkermuͤnd ſterben muͤſſen.,aber er hat ſie nicht wollen fuͤr ſich geſtatten weil zwiſchen jhn beyden ein vnwille vnd feindſchafft weiß nicht aus was vhrſachen entſtanden war daruͤber auch doctor fritze ein medicus im thurn zu vkermuͤnd ſterben muͤſſen,aber er hat sie nicht wollen fur sich gestatten weil zwischen ihn beyden ein unwille und feindschafft weiss nicht aus was uhrsachen entstanden war daruber auch doctor fritze ein medicus im thurn zu ukermund sterben mussen
micraelius_pommernland03_1639,body,190,6,True,465,Die Fuͤrſtinne iſt des folgenden Jahres/ da man ſchrieh m. cdlxxxix. ohne Leibes Erben geſtorben.,die fuͤrſtinne iſt des folgenden jahres da man ſchrieh m cdlxxxix ohne leibes erben geſtorben,die furstinne ist des folgenden iahres da man schrieh m cdlxxxix ohne leibes erben gestorben
micraelius_pommernland03_1639,body,191,0,False,465,Bald darauff kamen Polniſche Geſandten ins Land/ die Koͤnig Caſimirus/ als bey jhme der Herzog war todt geſagt/ wegen der beyden Empter Lowenburg vnd Buͤtow abgefertiget hette.,bald darauff kamen polniſche geſandten ins land die koͤnig caſimirus als bey jhme der herzog war todt geſagt wegen der beyden empter lowenburg vnd buͤtow abgefertiget hette,bald darauff kamen polnische gesandten ins land die konig casimirus als bey ihme der herzog war todt gesagt wegen der beyden empter lowenburg und butow abgefertiget hette
micraelius_pommernland03_1639,body,191,1,False,465,Durch dieſelbe als ſie den Hertzog geſund zu Barth antroffen/ iſt von einer newen Heurath zwiſchen jhme vñ einer von den Koͤniglichen Toͤchtern etwz auff die Bahne gebracht.,durch dieſelbe als ſie den hertzog geſund zu barth antroffen iſt von einer newen heurath zwiſchen jhme vñ einer von den koͤniglichen toͤchtern etwz auff die bahne gebracht,durch dieselbe als sie den hertzog gesund zu barth antroffen ist uon einer newen heurath zwischen ihme und einer uon den koniglichen tochtern etwz auff die bahne gebracht
micraelius_pommernland03_1639,body,191,2,True,465,Welches Werck auch folgends fortgeſetzet iſt/ vñ hat der Hertzog durch Richart võ der Schulenburg Meiſter S. Johannis Ordens/ Werner von der Schulenburg/ Bernhard Rohr Doctor vñ Probſt zu Colberg/ vnd Adam Podewils Hauptman zu Belgardt/ vmb Fraͤwlein Anna Koͤniges Caſimiri Tochter geworben/ vnd ſie ſich zu Alten Stettin im Jahr mcdxc. beylegen laſſen.,welches werck auch folgends fortgeſetzet iſt vñ hat der hertzog durch richart võ der schulenburg meiſter s johannis ordens werner von der schulenburg bernhard rohr doctor vñ probſt zu colberg vnd adam podewils hauptman zu belgardt vmb fraͤwlein anna koͤniges caſimiri tochter geworben vnd ſie ſich zu alten stettin im jahr mcdxc beylegen laſſen,welches werck auch folgends fortgesetzet ist und hat der hertzog durch richart uon der schulenburg meister s iohannis ordens werner uon der schulenburg bernhard rohr doctor und probst zu colberg und adam podewils hauptman zu belgardt umb frawlein anna koniges casimiri tochter geworben und sie sich zu alten stettin im iahr mcdxc beylegen lassen
micraelius_pommernland03_1639,body,192,0,False,466,Sonſt ſind dieſe Zeit von Erici II. Todte an bey den Staͤdten allerley Haͤndel fuͤrgegangen.,sonſt ſind dieſe zeit von erici ii todte an bey den staͤdten allerley haͤndel fuͤrgegangen,sonst sind diese zeit uon erici ii todte an bey den stadten allerley handel furgegangen
micraelius_pommernland03_1639,body,192,1,False,466,Vſedom iſt im Jahr mcdlxxiij. gantz außgebrand/ vnd haben des erlittenen Schadens halber niemahlen ſeither zum rechten Auffnehmen gedeyen koͤnnen.,vſedom iſt im jahr mcdlxxiij gantz außgebrand vnd haben des erlittenen schadens halber niemahlen ſeither zum rechten auffnehmen gedeyen koͤnnen,usedom ist im iahr mcdlxxiii gantz aussgebrand und haben des erlittenen schadens halber niemahlen seither zum rechten auffnehmen gedeyen konnen
micraelius_pommernland03_1639,body,192,2,False,466,Eilff Jahr hernach iſt Stolpe in Hinter Pommern zum andern mahl gantz außgebrand/ davon imgleichen die Einwohner etwz vnvermoͤgener geworden ſind/ doch haben ſie ſich endlich wieder erholet.,eilff jahr hernach iſt stolpe in hinter pommern zum andern mahl gantz außgebrand davon imgleichen die einwohner etwz vnvermoͤgener geworden ſind doch haben ſie ſich endlich wieder erholet,eilff iahr hernach ist stolpe in hinter pommern zum andern mahl gantz aussgebrand dauon imgleichen die einwohner etwz unuermogener geworden sind doch haben sie sich endlich wieder erholet
micraelius_pommernland03_1639,body,192,3,False,466,Vnd ob wol der Kauffmanshandel/ der vorzeiten allda im Flore geweſen/ guthen theiles nach Dantzig verrucket iſt/ ſo haben ſie doch nichtes deſto weniger zu jederzeit eine feine Gemeine gehabt/ vnd das inſonderheit daher/ weil ſie zu jederzeit auff die Kinderzucht vnd aufferziehung der Jugend viele wendeten.,vnd ob wol der kauffmanshandel der vorzeiten allda im flore geweſen guthen theiles nach dantzig verrucket iſt ſo haben ſie doch nichtes deſto weniger zu jederzeit eine feine gemeine gehabt vnd das inſonderheit daher weil ſie zu jederzeit auff die kinderzucht vnd aufferziehung der jugend viele wendeten,und ob wol der kauffmanshandel der uorzeiten allda im flore gewesen guthen theiles nach dantzig uerrucket ist so haben sie doch nichtes desto weniger zu iederzeit eine feine gemeine gehabt und das insonderheit daher weil sie zu iederzeit auff die kinderzucht und aufferziehung der iugend uiele wendeten
micraelius_pommernland03_1639,body,192,4,False,466,Dannenhero Henningk Jvo vnd Bartholomeus Schwave/ beyde Biſchoffe zu Cam̃in/ wie auch Petrus Schwave/ vnd andere vornehme Leute mehr/ in jhrer Schnle zu vornehmen Maͤnnern gedeyen ſeyn.,dannenhero henningk jvo vnd bartholomeus schwave beyde biſchoffe zu cam̃in wie auch petrus schwave vnd andere vornehme leute mehr in jhrer schnle zu vornehmen maͤnnern gedeyen ſeyn,dannenhero henningk iuo und bartholomeus schwaue beyde bischoffe zu cammin wie auch petrus schwaue und andere uornehme leute mehr in ihrer schnle zu uornehmen mannern gedeyen seyn
micraelius_pommernland03_1639,body,192,5,False,466,Abermahl xj. Jahr nach dem Stolpiſchen Brand iſt Barth auch faſt gantz außgebrandt/ vnd zwar durch ſolche gelegenheit/ daß ein Brawer/ als daß Fewr nicht hat brennen wollen/ dazu gefluchet/ vnd das Fewr in aller Teufel nahmen hat angehen heiſſen/ welches dañ auch mit groſſem Schaden der gantzen Stadt geſchehen iſt.,abermahl xj jahr nach dem stolpiſchen brand iſt barth auch faſt gantz außgebrandt vnd zwar durch ſolche gelegenheit daß ein brawer als daß fewr nicht hat brennen wollen dazu gefluchet vnd das fewr in aller teufel nahmen hat angehen heiſſen welches dañ auch mit groſſem schaden der gantzen stadt geſchehen iſt,abermahl xi iahr nach dem stolpischen brand ist barth auch fast gantz aussgebrandt und zwar durch solche gelegenheit dass ein brawer als dass fewr nicht hat brennen wollen dazu gefluchet und das fewr in aller teufel nahmen hat angehen heissen welches dann auch mit grossem schaden der gantzen stadt geschehen ist
micraelius_pommernland03_1639,body,192,6,True,466,Alſo iſt Wolgaſt im Jahr mdxij. auch außgebrand.,alſo iſt wolgaſt im jahr mdxij auch außgebrand,also ist wolgast im iahr mdxii auch aussgebrand
micraelius_pommernland03_1639,body,193,0,False,467,Zu der Zeit aber da man ſchrieb mcdlxxxvij. erhub ſich zwiſchen den Strallſundiſchen vnd Stargardiſchen ein groſſer Zwiſt/ wegen deſſen/ das vorzeiten die von Strallſundt einen Stargardiſchen Buͤrgermeiſter/ Thomas Parchen eingezogen/ vnd jhme mdcxxv. Guͤlden abgeſchaͤtzet hetten.,zu der zeit aber da man ſchrieb mcdlxxxvij erhub ſich zwiſchen den strallſundiſchen vnd stargardiſchen ein groſſer zwiſt wegen deſſen das vorzeiten die von strallſundt einen stargardiſchen buͤrgermeiſter thomas parchen eingezogen vnd jhme mdcxxv guͤlden abgeſchaͤtzet hetten,zu der zeit aber da man schrieb mcdlxxxuii erhub sich zwischen den strallsundischen und stargardischen ein grosser zwist wegen dessen das uorzeiten die uon strallsundt einen stargardischen burgermeister thomas parchen eingezogen und ihme mdcxxu gulden abgeschatzet hetten
micraelius_pommernland03_1639,body,193,1,False,467,Vnd ob wol die Sache durch einen Vertrag beygeleget/ vnd cd. Guͤlden demſelben Theil/ der brechen wuͤrde/ aufferleget waren/ ſo haben nichtes deſto weniger die Stargardiſchen/ als ein Buͤrgermeiſter vom Suͤnde/ Doctor Zabel Segefriede/ nebenſt andern Rahtsherren durchreiſete/ gemeinet/ ſie koͤnten noch wol vierhundert Guͤlden bezahlen/ wenn ſie nur den Hohn jhrem Buͤrgermeiſter vorhin bewieſen rechen moͤchten/ vnd haben ſie alle in die tiefeſte Thuͤrne werffen laſſen.,vnd ob wol die sache durch einen vertrag beygeleget vnd cd guͤlden demſelben theil der brechen wuͤrde aufferleget waren ſo haben nichtes deſto weniger die stargardiſchen als ein buͤrgermeiſter vom suͤnde doctor zabel segefriede nebenſt andern rahtsherren durchreiſete gemeinet ſie koͤnten noch wol vierhundert guͤlden bezahlen wenn ſie nur den hohn jhrem buͤrgermeiſter vorhin bewieſen rechen moͤchten vnd haben ſie alle in die tiefeſte thuͤrne werffen laſſen,und ob wol die sache durch einen uertrag beygeleget und cd gulden demselben theil der brechen wurde aufferleget waren so haben nichtes desto weniger die stargardischen als ein burgermeister uom sunde doctor zabel segefriede nebenst andern rahtsherren durchreisete gemeinet sie konten noch wol uierhundert gulden bezahlen wenn sie nur den hohn ihrem burgermeister uorhin bewiesen rechen mochten und haben sie alle in die tiefeste thurne werffen lassen
micraelius_pommernland03_1639,body,193,2,False,467,Daruͤber iſt ferner auff beyden ſeiten allerley mit Arreſten vnd Anhalten der Buͤrger vnd Guͤter vorgenommen.,daruͤber iſt ferner auff beyden ſeiten allerley mit arreſten vnd anhalten der buͤrger vnd guͤter vorgenommen,daruber ist ferner auff beyden seiten allerley mit arresten und anhalten der burger und guter uorgenommen
micraelius_pommernland03_1639,body,193,3,True,467,Der Hertzog aber hat ſich endlich des Handels angenommen/ vnd die Stargardiſchen in Straff der cd. Guͤlden/ die auff nicht haltung des vorigen Vertrages geſetzet/ verdammet/ vnd alſo dieſen Zwiſt mit auffſetzung einer hoͤheren Strafe von vj. tauſend Guͤlden/ der zu erſt brechen wuͤrde/ vertragen.,der hertzog aber hat ſich endlich des handels angenommen vnd die stargardiſchen in straff der cd guͤlden die auff nicht haltung des vorigen vertrages geſetzet verdammet vnd alſo dieſen zwiſt mit auffſetzung einer hoͤheren strafe von vj tauſend guͤlden der zu erſt brechen wuͤrde vertragen,der hertzog aber hat sich endlich des handels angenommen und die stargardischen in straff der cd gulden die auff nicht haltung des uorigen uertrages gesetzet uerdammet und also diesen zwist mit auffsetzung einer hoheren strafe uon ui tausend gulden der zu erst brechen wurde uertragen
micraelius_pommernland03_1639,body,194,0,False,467,Stettin aber hat mit dem Hertzogen ſelbſt zuthun bekommen/ vnd iſt ſolche Stadt in groſſe Vngnade gerahten/ ſo woll das ein Statut von Appellation nach Magdeburg/ deſſen Recht ſie ſich gebrauchete/ drin gemachet war/ als daß man die Wuſſowen/ denen das Stadtgericht vnd Erbrichterampt verlehnet war/ fuͤr dem Schoͤppenſtuel zuſtehen noͤtigen wolte/ dann auch/ das wegen des Dammiſchen Sees/ der Jaͤhrlichen Orboͤhr/ der Freyheit des Hofes/ der kupfernen Finckenaugen/ die ſie geſchlagen hetten/ vnd anderen Dingen Streit vorgefallen war.,stettin aber hat mit dem hertzogen ſelbſt zuthun bekommen vnd iſt ſolche stadt in groſſe vngnade gerahten ſo woll das ein statut von appellation nach magdeburg deſſen recht ſie ſich gebrauchete drin gemachet war als daß man die wuſſowen denen das stadtgericht vnd erbrichterampt verlehnet war fuͤr dem schoͤppenſtuel zuſtehen noͤtigen wolte dann auch das wegen des dammiſchen sees der jaͤhrlichen orboͤhr der freyheit des hofes der kupfernen finckenaugen die ſie geſchlagen hetten vnd anderen dingen streit vorgefallen war,stettin aber hat mit dem hertzogen selbst zuthun bekommen und ist solche stadt in grosse ungnade gerahten so woll das ein statut uon appellation nach magdeburg dessen recht sie sich gebrauchete drin gemachet war als dass man die wussowen denen das stadtgericht und erbrichterampt uerlehnet war fur dem schoppenstuel zustehen notigen wolte dann auch das wegen des dammischen sees der iahrlichen orbohr der freyheit des hofes der kupfernen finckenaugen die sie geschlagen hetten und anderen dingen streit uorgefallen war
micraelius_pommernland03_1639,body,194,1,False,468,Es iſt aber von den Landſtaͤnden die Sache in guͤte auffgegriffen/ vnd es dahin im Jahr mcdxc. gebracht/ das die Stetiniſchen das gemachete Statut der appellation nach Magdeburg/ vnd der Wuſſowen halber abſtelleten/ den Dam̃iſchen See/ den ſie in die ccviij. Jahr Pfandesweiſe mit allen Zubehoͤrungen vñ Gerechtigkeiten eingehabt hetten/ ohne Entgeltnus abtraten/ vnd ſich zu erlegung eines gewiſſen Geldes verpflichteten.,es iſt aber von den landſtaͤnden die sache in guͤte auffgegriffen vnd es dahin im jahr mcdxc gebracht das die stetiniſchen das gemachete statut der appellation nach magdeburg vnd der wuſſowen halber abſtelleten den dam̃iſchen see den ſie in die ccviij jahr pfandesweiſe mit allen zubehoͤrungen vñ gerechtigkeiten eingehabt hetten ohne entgeltnus abtraten vnd ſich zu erlegung eines gewiſſen geldes verpflichteten,es ist aber uon den landstanden die sache in gute auffgegriffen und es dahin im iahr mcdxc gebracht das die stetinischen das gemachete statut der appellation nach magdeburg und der wussowen halber abstelleten den dammischen see den sie in die ccuiii iahr pfandesweise mit allen zubehorungen und gerechtigkeiten eingehabt hetten ohne entgeltnus abtraten und sich zu erlegung eines gewissen geldes uerpflichteten
micraelius_pommernland03_1639,body,194,2,False,468,So ſolman was newes anheben/ ſaget ein altes Pommeriſch Chronicon/ damit man das alte bezahle.,so ſolman was newes anheben ſaget ein altes pommeriſch chronicon damit man das alte bezahle,so solman was newes anheben saget ein altes pommerisch chronicon damit man das alte bezahle
micraelius_pommernland03_1639,body,194,3,False,468,Aber zwoͤlff Jahr hernach iſt noch ein groͤſſer Vnwille des Hertzogen wider ſie entſtanden.,aber zwoͤlff jahr hernach iſt noch ein groͤſſer vnwille des hertzogen wider ſie entſtanden,aber zwolff iahr hernach ist noch ein grosser unwille des hertzogen wider sie entstanden
micraelius_pommernland03_1639,body,194,4,False,468,Derſelbe hette den mehrentheil/ inſonderheit da er vom heiligen Grabe zu Hauſekom̃en war/ ſeine Fuͤrſtliche Reſidentz zu Stettin/ vnd weil das Raum zum Fuͤrſtlichen Hauſe etwz geringe war/ als hielt er beym Rahte an vmb vberlaſſung der halben Oltboͤter Gaſſen/ vnd erboth ſich die Gebaͤwd den Leuten nach wehrt zuerſtaten.,derſelbe hette den mehrentheil inſonderheit da er vom heiligen grabe zu hauſekom̃en war ſeine fuͤrſtliche reſidentz zu stettin vnd weil das raum zum fuͤrſtlichen hauſe etwz geringe war als hielt er beym rahte an vmb vberlaſſung der halben oltboͤter gaſſen vnd erboth ſich die gebaͤwd den leuten nach wehrt zuerſtaten,derselbe hette den mehrentheil insonderheit da er uom heiligen grabe zu hausekommen war seine furstliche residentz zu stettin und weil das raum zum furstlichen hause etwz geringe war als hielt er beym rahte an umb uberlassung der halben oltboter gassen und erboth sich die gebawd den leuten nach wehrt zuerstaten
micraelius_pommernland03_1639,body,194,5,False,468,Die Stetiniſchen wuſten anfaͤnglich hierinnen dem Dertzogen nichtes zu willfahren.,die stetiniſchen wuſten anfaͤnglich hierinnen dem dertzogen nichtes zu willfahren,die stetinischen wusten anfanglich hierinnen dem dertzogen nichtes zu willfahren
micraelius_pommernland03_1639,body,194,6,False,468,Aber endlich verſahen ſie es/ das der begehrete Platz mit jhrem eigenen Gelde muſte bezahlet/ vnd jhme eingereumet werden.,aber endlich verſahen ſie es das der begehrete platz mit jhrem eigenen gelde muſte bezahlet vnd jhme eingereumet werden,aber endlich uersahen sie es das der begehrete platz mit ihrem eigenen gelde muste bezahlet und ihme eingereumet werden
micraelius_pommernland03_1639,body,194,7,False,468,Dann da ein Hoff diener Hans Ramel mit ſeinem Wirth Tewes Voſſen beym trunck vneins ward/ das er jhme ſeinen Jungen in ſeiner gegenward geſchlagen/ vnd jhn darzu mit der Kannen nach dem Kopffe geworffen/ vnd deßwegen jhn mit gezucketer Wehr verfolgete/ liefen die Buͤrger/ da ſie hoͤreten/ das jhre Nachbawr vber Gewalt ſchrie/ zu/ vnd brachten gemelten Ramel/ als einen Friedbrecher/ ins Gefaͤngnus.,dann da ein hoff diener hans ramel mit ſeinem wirth tewes voſſen beym trunck vneins ward das er jhme ſeinen jungen in ſeiner gegenward geſchlagen vnd jhn darzu mit der kannen nach dem kopffe geworffen vnd deßwegen jhn mit gezucketer wehr verfolgete liefen die buͤrger da ſie hoͤreten das jhre nachbawr vber gewalt ſchrie zu vnd brachten gemelten ramel als einen friedbrecher ins gefaͤngnus,dann da ein hoff diener hans ramel mit seinem wirth tewes uossen beym trunck uneins ward das er ihme seinen iungen in seiner gegenward geschlagen und ihn darzu mit der kannen nach dem kopffe geworffen und desswegen ihn mit gezucketer wehr uerfolgete liefen die burger da sie horeten das ihre nachbawr uber gewalt schrie zu und brachten gemelten ramel als einen friedbrecher ins gefangnus
micraelius_pommernland03_1639,body,194,8,False,469,Ob nun wol der Hertzog begehrete/ denſelben/ als ſeinen Diener/ jhme/ als dem Oberherren/ vnd deme das Gerichte halb gehoͤrete/ in ſeine Haͤnde zuſtellen/ mit ſolchem erbieten/ das er nach erkundigung der Sache jhn mit gebuͤhrender Straffe belegen wolte/ ſo hat dennoch der Raht auff angeben Buͤrgermeiſter Arend Rammins dagegen eingewand/ die That were auff jhrem Boden/ vnd in jhrer Gerichtsgewalt/ wieder jhren Buͤrger geſchehen.,ob nun wol der hertzog begehrete denſelben als ſeinen diener jhme als dem oberherren vnd deme das gerichte halb gehoͤrete in ſeine haͤnde zuſtellen mit ſolchem erbieten das er nach erkundigung der sache jhn mit gebuͤhrender straffe belegen wolte ſo hat dennoch der raht auff angeben buͤrgermeiſter arend rammins dagegen eingewand die that were auff jhrem boden vnd in jhrer gerichtsgewalt wieder jhren buͤrger geſchehen,ob nun wol der hertzog begehrete denselben als seinen diener ihme als dem oberherren und deme das gerichte halb gehorete in seine hande zustellen mit solchem erbieten das er nach erkundigung der sache ihn mit gebuhrender straffe belegen wolte so hat dennoch der raht auff angeben burgermeister arend rammins dagegen eingewand die that were auff ihrem boden und in ihrer gerichtsgewalt wieder ihren burger geschehen
micraelius_pommernland03_1639,body,194,9,False,469,Vnd als ſie deßwegen ſich gar nicht wolten lencken laſſen/ verlegete der Hertzog in groſſem Vnmuth ſein Hoflager nach Gartz/ vnd ſandte ſeine Gemahlin ſampt der Jungen Herꝛſchafft nach Vkermuͤnde/ da dann die fromme Fuͤrſtin/ weil ſie in ein new Gemach kam/ vom Dampff/ der jhr vmb die Bruſt ſchlug/ kranck ward/ vnd vnlengſt hernach verſtarb.,vnd als ſie deßwegen ſich gar nicht wolten lencken laſſen verlegete der hertzog in groſſem vnmuth ſein hoflager nach gartz vnd ſandte ſeine gemahlin ſampt der jungen herꝛſchafft nach vkermuͤnde da dann die fromme fuͤrſtin weil ſie in ein new gemach kam vom dampff der jhr vmb die bruſt ſchlug kranck ward vnd vnlengſt hernach verſtarb,und als sie desswegen sich gar nicht wolten lencken lassen uerlegete der hertzog in grossem unmuth sein hoflager nach gartz und sandte seine gemahlin sampt der iungen herschafft nach ukermunde da dann die fromme furstin weil sie in ein new gemach kam uom dampff der ihr umb die brust schlug kranck ward und unlengst hernach uerstarb
micraelius_pommernland03_1639,body,194,10,False,469,Solches gieng dem Hertzogen noch mehr zu Hertzen/ vnd er verſperrete den Stetiniſchen alle ab: vnd Zufuhre/ bis ſie Friede vnd Gnade zuſuchen gedrungen wurden/ vnd ſich endlich auff ſolche maſſe auſſoͤhneten/ das Buͤrgermeiſter Rammin/ der ſich ſonſt gegen dem Hertzogen in viele wege vergriffen/ vnd dißmahl den Handel auch angeſtrenget hette/ ſeines Amptes entſetzet/ die Stadt vnd Land reumete/ die Buͤrger eine Abbitte thaͤten/ vnd dabeneben eine gewiſſe Geltbuſſe von md. Reinſchen Guͤlden erlegeten/ vnd die zuvorgeſuchte Seyte des Oltboͤterberges den Leuten abkaͤufeten/ vnd ſie dem Hertzogen zum Gebaͤwd eines Fuͤrſtlichen Hauſes lieferten.,solches gieng dem hertzogen noch mehr zu hertzen vnd er verſperrete den stetiniſchen alle ab vnd zufuhre bis ſie friede vnd gnade zuſuchen gedrungen wurden vnd ſich endlich auff ſolche maſſe auſſoͤhneten das buͤrgermeiſter rammin der ſich ſonſt gegen dem hertzogen in viele wege vergriffen vnd dißmahl den handel auch angeſtrenget hette ſeines amptes entſetzet die stadt vnd land reumete die buͤrger eine abbitte thaͤten vnd dabeneben eine gewiſſe geltbuſſe von md reinſchen guͤlden erlegeten vnd die zuvorgeſuchte seyte des oltboͤterberges den leuten abkaͤufeten vnd ſie dem hertzogen zum gebaͤwd eines fuͤrſtlichen hauſes lieferten,solches gieng dem hertzogen noch mehr zu hertzen und er uersperrete den stetinischen alle ab und zufuhre bis sie friede und gnade zusuchen gedrungen wurden und sich endlich auff solche masse aussohneten das burgermeister rammin der sich sonst gegen dem hertzogen in uiele wege uergriffen und dissmahl den handel auch angestrenget hette seines amptes entsetzet die stadt und land reumete die burger eine abbitte thaten und dabeneben eine gewisse geltbusse uon md reinschen gulden erlegeten und die zuuorgesuchte seyte des oltboterberges den leuten abkaufeten und sie dem hertzogen zum gebawd eines furstlichen hauses lieferten
micraelius_pommernland03_1639,body,194,11,False,469,Daß war ein Exempel/ wie gefaͤhrlich es ſey/ mit einem/ der maͤchtiger iſt/ vnd inſonderheit mit dem Oberherren in dlſputat/ einzulaſſen.,daß war ein exempel wie gefaͤhrlich es ſey mit einem der maͤchtiger iſt vnd inſonderheit mit dem oberherren in dlſputat einzulaſſen,dass war ein exempel wie gefahrlich es sey mit einem der machtiger ist und insonderheit mit dem oberherren in dlsputat einzulassen
micraelius_pommernland03_1639,body,194,12,True,470,Hiebey iſt zugleich vertragen/ das hinfort die Buͤrgermeiſtsre/ Caͤm̃erer vnd Rhatleute nicht ſolten zugleich Schoͤppen ſein/ ſondern andere von den Alter- vnd Kauffleuten darzu erwehlen/ vnd ſie dem Landsfuͤrſten zur conſirmation vorſtellen.,hiebey iſt zugleich vertragen das hinfort die buͤrgermeiſtsre caͤm̃erer vnd rhatleute nicht ſolten zugleich schoͤppen ſein ſondern andere von den alter vnd kauffleuten darzu erwehlen vnd ſie dem landsfuͤrſten zur conſirmation vorſtellen,hiebey ist zugleich uertragen das hinfort die burgermeistsre cammerer und rhatleute nicht solten zugleich schoppen sein sondern andere uon den alter und kauffleuten darzu erwehlen und sie dem landsfursten zur consirmation uorstellen
micraelius_pommernland03_1639,body,195,0,False,470,Solches ſahe man auch an Jochim vnd Berent Molzan/ welche ſich zu ſehr auff jhren Wald/ wie alſo jhre Schloß genennet ward/ verlieſſen/ vnd dannenher nicht allein wieder die von Demmin/ vnd andere/ viele Vbermuths uͤbeten/ ſondern auch/ als Hertzog Magnus von Mechelnburg/ mit deme ſie etliche Jrrungen hetten/ mit Hertzog Bogiſlai Schweſter Sophia Beylager hielte/ hat Jochim von Molzan demſelben ſeinen vorangeſchicketen Ruͤſt- oder Cammerwagen mit etlichem Silbergeſchirꝛ/ Kleinodien vnd Kleidern/ vnd den Heyrathgeldern von xvj. tauſent Marck auffgegriffen vnd davon gefuͤhret/ welches jhnen doch vber xxc. tauſend Marck/ die jhnen zur Straff aufferleget ward/ iſt zuſtehen gekommen.,solches ſahe man auch an jochim vnd berent molzan welche ſich zu ſehr auff jhren wald wie alſo jhre schloß genennet ward verlieſſen vnd dannenher nicht allein wieder die von demmin vnd andere viele vbermuths uͤbeten ſondern auch als hertzog magnus von mechelnburg mit deme ſie etliche jrrungen hetten mit hertzog bogiſlai schweſter sophia beylager hielte hat jochim von molzan demſelben ſeinen vorangeſchicketen ruͤſt oder cammerwagen mit etlichem silbergeſchirꝛ kleinodien vnd kleidern vnd den heyrathgeldern von xvj tauſent marck auffgegriffen vnd davon gefuͤhret welches jhnen doch vber xxc tauſend marck die jhnen zur straff aufferleget ward iſt zuſtehen gekommen,solches sahe man auch an iochim und berent molzan welche sich zu sehr auff ihren wald wie also ihre schloss genennet ward uerliessen und dannenher nicht allein wieder die uon demmin und andere uiele ubermuths ubeten sondern auch als hertzog magnus uon mechelnburg mit deme sie etliche irrungen hetten mit hertzog bogislai schwester sophia beylager hielte hat iochim uon molzan demselben seinen uorangeschicketen rust oder cammerwagen mit etlichem silbergeschir kleinodien und kleidern und den heyrathgeldern uon xui tausent marck auffgegriffen und dauon gefuhret welches ihnen doch uber xxc tausend marck die ihnen zur straff aufferleget ward ist zustehen gekommen
micraelius_pommernland03_1639,body,195,1,False,470,Aber etliche Jahr hernach/ als ſie/ auff vorhergehende Ermahnungen/ von jhrem Frefel nicht abſtunden/ hat der Hertzog auff ſeinem Beylager mit ſeiner anderen Gemahlin Berent von Molzan/ Ritter/ hart angeredet/ Er ſolte von ſeinem Vornehmen ablaſſen/ oder er wolte jhme den Katen baven dem Koppe vmbkehren.,aber etliche jahr hernach als ſie auff vorhergehende ermahnungen von jhrem frefel nicht abſtunden hat der hertzog auff ſeinem beylager mit ſeiner anderen gemahlin berent von molzan ritter hart angeredet er ſolte von ſeinem vornehmen ablaſſen oder er wolte jhme den katen baven dem koppe vmbkehren,aber etliche iahr hernach als sie auff uorhergehende ermahnungen uon ihrem frefel nicht abstunden hat der hertzog auff seinem beylager mit seiner anderen gemahlin berent uon molzan ritter hart angeredet er solte uon seinem uornehmen ablassen oder er wolte ihme den katen bauen dem koppe umbkehren
micraelius_pommernland03_1639,body,195,2,False,470,Hertzog Magnus aus Mechelenburg hoͤrete ſolches mit an/ vnd weil jhme auch der Molzaner Wald oder Schloß/ als ein ſtattlich Grentzhaus/ in die Augen ſtach/ griff er Hertzog Bogiſtai Wort auff/ vnd ſagete: Schwager: Das gilt eine Tonne Bier/ wo jhr das thut.,hertzog magnus aus mechelenburg hoͤrete ſolches mit an vnd weil jhme auch der molzaner wald oder schloß als ein ſtattlich grentzhaus in die augen ſtach griff er hertzog bogiſtai wort auff vnd ſagete schwager das gilt eine tonne bier wo jhr das thut,hertzog magnus aus mechelenburg horete solches mit an und weil ihme auch der molzaner wald oder schloss als ein stattlich grentzhaus in die augen stach griff er hertzog bogistai wort auff und sagete schwager das gilt eine tonne bier wo ihr das thut
micraelius_pommernland03_1639,body,195,3,False,471,Derſelbe aber ließ ſich noch mehr in das Harniſch damit jagen/ vnd ſagete: Es gelte eine Tonne Bier oder Tonne Goldes: Wird ers nicht laſſen/ ſo wil ichs thun.,derſelbe aber ließ ſich noch mehr in das harniſch damit jagen vnd ſagete es gelte eine tonne bier oder tonne goldes wird ers nicht laſſen ſo wil ichs thun,derselbe aber liess sich noch mehr in das harnisch damit iagen und sagete es gelte eine tonne bier oder tonne goldes wird ers nicht lassen so wil ichs thun
micraelius_pommernland03_1639,body,195,4,True,471,Vnd als ſich gleichwol Molzan nichtes daran kehrete/ forderte der Hertzog ſeine Vorpommerſche Staͤdte auff/ beſchos vnd ſtuͤrmete den Molzanen jhren Wald/ vnd endlich/ da ein Fewr darinnen auffkam/ gewann er jhn/ vnd brach jhn in den grund.,vnd als ſich gleichwol molzan nichtes daran kehrete forderte der hertzog ſeine vorpommerſche staͤdte auff beſchos vnd ſtuͤrmete den molzanen jhren wald vnd endlich da ein fewr darinnen auffkam gewann er jhn vnd brach jhn in den grund,und als sich gleichwol molzan nichtes daran kehrete forderte der hertzog seine uorpommersche stadte auff beschos und sturmete den molzanen ihren wald und endlich da ein fewr darinnen auffkam gewann er ihn und brach ihn in den grund
micraelius_pommernland03_1639,body,196,0,False,471,Als er nun Ruhe vnd Friede vberall ſo woll im Lande/ als von den Benachbarten hette/ vnd aus ſeiner anderen Gemaͤhlin mit zweenen Soͤhnen/ Georgio vnd Caſimiro/ vnd einer Tochter begabet war/ gewan er luſt das heilige Grab zubeſuchen/ vnd dabeneben mit anderen frembden Potentaten ſich bekand zu machen/ vnd inſonderheit bey Jhr Kaͤyſerl. Mayt. vnd zu Rom beym Bapſt ſich perſoͤhnlich zuſtellen.,als er nun ruhe vnd friede vberall ſo woll im lande als von den benachbarten hette vnd aus ſeiner anderen gemaͤhlin mit zweenen soͤhnen georgio vnd caſimiro vnd einer tochter begabet war gewan er luſt das heilige grab zubeſuchen vnd dabeneben mit anderen frembden potentaten ſich bekand zu machen vnd inſonderheit bey jhr kaͤyſerl mayt vnd zu rom beym bapſt ſich perſoͤhnlich zuſtellen,als er nun ruhe und friede uberall so woll im lande als uon den benachbarten hette und aus seiner anderen gemahlin mit zweenen sohnen georgio und casimiro und einer tochter begabet war gewan er lust das heilige grab zubesuchen und dabeneben mit anderen frembden potentaten sich bekand zu machen und insonderheit bey ihr kayserl mayt und zu rom beym bapst sich persohnlich zustellen
micraelius_pommernland03_1639,body,196,1,False,471,Wie er ſich dann auch/ nach deme jhme von der Landſchafft eine anſehnliche Stewr bewilliget war/ vnd er Biſchoff Benedictum von Cammin/ vnd Cantzler Georg Kleiſten/ zu Statthaltern vnd des Landes Regenten verordnet hette/ mit ccc. wolgemundirten Pferden/ im Jahr mcdxcvj. auff den Weg machete.,wie er ſich dann auch nach deme jhme von der landſchafft eine anſehnliche stewr bewilliget war vnd er biſchoff benedictum von cammin vnd cantzler georg kleiſten zu statthaltern vnd des landes regenten verordnet hette mit ccc wolgemundirten pferden im jahr mcdxcvj auff den weg machete,wie er sich dann auch nach deme ihme uon der landschafft eine ansehnliche stewr bewilliget war und er bischoff benedictum uon cammin und cantzler georg kleisten zu statthaltern und des landes regenten uerordnet hette mit ccc wolgemundirten pferden im iahr mcdxcui auff den weg machete
micraelius_pommernland03_1639,body,196,2,False,471,Sein Marſchalck auff der Reyſe war Warner von der Schulenburg/ vnd vnter jhme Luͤdike Molzan/ Degener Bugenhagen/ Ewald von der Oſten/ Doͤring Ramel/ vnd Peter Podewils/ die als Rittmeiſter die andere fuͤhreten.,sein marſchalck auff der reyſe war warner von der schulenburg vnd vnter jhme luͤdike molzan degener bugenhagen ewald von der oſten doͤring ramel vnd peter podewils die als rittmeiſter die andere fuͤhreten,sein marschalck auff der reyse war warner uon der schulenburg und unter ihme ludike molzan degener bugenhagen ewald uon der osten doring ramel und peter podewils die als rittmeister die andere fuhreten
micraelius_pommernland03_1639,body,196,3,False,471,Von Geiſtlichen war bey jhme Martin Carith Doctor vnd Thumbprobſt zu Collberg/ vnd Bernhard Eggebrecht Thumbprobſt zu Cammin.,von geiſtlichen war bey jhme martin carith doctor vnd thumbprobſt zu collberg vnd bernhard eggebrecht thumbprobſt zu cammin,uon geistlichen war bey ihme martin carith doctor und thumbprobst zu collberg und bernhard eggebrecht thumbprobst zu cammin
micraelius_pommernland03_1639,body,196,4,False,472,Die Reyſe gieng durch die Marck vnd Sachſen auff Nuͤrnberg/ von dannen auff Wormbs zu Kaͤyſer Maximiliani Gemaͤhlin/ ferners auff Speyer/ vnd dann nach Jnsbruck zu Jhr Kay. Mayt.,die reyſe gieng durch die marck vnd sachſen auff nuͤrnberg von dannen auff wormbs zu kaͤyſer maximiliani gemaͤhlin ferners auff speyer vnd dann nach jnsbruck zu jhr kay mayt,die reyse gieng durch die marck und sachsen auff nurnberg uon dannen auff wormbs zu kayser maximiliani gemahlin ferners auff speyer und dann nach insbruck zu ihr kay mayt
micraelius_pommernland03_1639,body,196,5,False,472,Allhie ſtieß Herꝛ Chriſtoff Polentzke/ geweſener Landvoigt in der Newmarck/ der Graff Ludewigs von Eberſtein vnd Newgarten Schweſter zur Ehe hatte/ nebenſt ſeinem Sohne Chriſtoff vnd anderen Oeſterreichiſchen vnd Boͤhmiſchen Herꝛn zu dem Hertzogen/ vnd zog mit jhme fort.,allhie ſtieß herꝛ chriſtoff polentzke geweſener landvoigt in der newmarck der graff ludewigs von eberſtein vnd newgarten schweſter zur ehe hatte nebenſt ſeinem sohne chriſtoff vnd anderen oeſterreichiſchen vnd boͤhmiſchen herꝛn zu dem hertzogen vnd zog mit jhme fort,allhie stiess her christoff polentzke gewesener landuoigt in der newmarck der graff ludewigs uon eberstein und newgarten schwester zur ehe hatte nebenst seinem sohne christoff und anderen oesterreichischen und bohmischen hern zu dem hertzogen und zog mit ihme fort
micraelius_pommernland03_1639,body,196,6,False,472,Warner von der Schulenburg aber gieng von dannen mit den reyſigen Pferden zu ruͤck in Pommern/ vnd der Hertzog eylete in die cc. Perſohnen ſtarck mit leichten Pferden auff Venedig/ ſetzete ſich daſelbſt auff eine Gallee/ als er die Stadt Padua vnd die Vniverſitaͤt woll beſehen/ ward zwiſchen Modon vnd Candia von neun Tuͤrckiſchen Raubſchiffen/ vnangeſehen daß ſich der Patron auff ſeinen Seebrieff vnd Geleite/ vnd auff den Frieden/ den die Venediger mit den Tuͤrcken hetten/ berieff/ angefallen.,warner von der schulenburg aber gieng von dannen mit den reyſigen pferden zu ruͤck in pommern vnd der hertzog eylete in die cc perſohnen ſtarck mit leichten pferden auff venedig ſetzete ſich daſelbſt auff eine gallee als er die stadt padua vnd die vniverſitaͤt woll beſehen ward zwiſchen modon vnd candia von neun tuͤrckiſchen raubſchiffen vnangeſehen daß ſich der patron auff ſeinen seebrieff vnd geleite vnd auff den frieden den die venediger mit den tuͤrcken hetten berieff angefallen,warner uon der schulenburg aber gieng uon dannen mit den reysigen pferden zu ruck in pommern und der hertzog eylete in die cc persohnen starck mit leichten pferden auff uenedig setzete sich daselbst auff eine gallee als er die stadt padua und die uniuersitat woll besehen ward zwischen modon und candia uon neun turckischen raubschiffen unangesehen dass sich der patron auff seinen seebrieff und geleite und auff den frieden den die uenediger mit den turcken hetten berieff angefallen
micraelius_pommernland03_1639,body,196,7,False,472,Wie er aber wider dieſelbige nebeſt den Seinigen ſich tapffer gewehret/ wird in vnſeren geſchriebenen Chronicken erzehlet.,wie er aber wider dieſelbige nebeſt den seinigen ſich tapffer gewehret wird in vnſeren geſchriebenen chronicken erzehlet,wie er aber wider dieselbige nebest den seinigen sich tapffer gewehret wird in unseren geschriebenen chronicken erzehlet
micraelius_pommernland03_1639,body,196,8,False,472,Vnd weil die Wort derſelben ſo vneben nicht ſein/ wil ich ſie/ als ich ſie gefunden/ ſetzen.,vnd weil die wort derſelben ſo vneben nicht ſein wil ich ſie als ich ſie gefunden ſetzen,und weil die wort derselben so uneben nicht sein wil ich sie als ich sie gefunden setzen
micraelius_pommernland03_1639,body,196,9,False,472,Da die Tuͤrckiſche Seeraͤuber auff die Gallee drungen/ griff Hertzog Bogislaff vnd der Patron des Schiffes vnd die andere zur Wehre/ vnd ſchrien einander an/ das ſie ſich wehren ſolten.,da die tuͤrckiſche seeraͤuber auff die gallee drungen griff hertzog bogislaff vnd der patron des schiffes vnd die andere zur wehre vnd ſchrien einander an das ſie ſich wehren ſolten,da die turckische seerauber auff die gallee drungen griff hertzog bogislaff und der patron des schiffes und die andere zur wehre und schrien einander an das sie sich wehren solten
micraelius_pommernland03_1639,body,196,10,False,472,Etliche begunten hinunter in das Schiff zu fliehen.,etliche begunten hinunter in das schiff zu fliehen,etliche begunten hinunter in das schiff zu fliehen
micraelius_pommernland03_1639,body,196,11,False,472,Denen folgete Hertzog Bogislaff/ vnd holete etliche bey den Haaren wider auff/ vnd trat ſelbſt mit an die Bort/ vnd ſchlug vnd ſtach in die Feinde/ das ſie nicht hinan kom̃en konten.,denen folgete hertzog bogislaff vnd holete etliche bey den haaren wider auff vnd trat ſelbſt mit an die bort vnd ſchlug vnd ſtach in die feinde das ſie nicht hinan kom̃en konten,denen folgete hertzog bogislaff und holete etliche bey den haaren wider auff und trat selbst mit an die bort und schlug und stach in die feinde das sie nicht hinan kommen konten
micraelius_pommernland03_1639,body,196,12,False,473,Vnd nach deme ſie (als die ſich in Pilgrams Habit befunden) kein ander Gewehre hetten/ den Schwerdter vnd Spieſe/ haben etliche Keſſel vnd Grapen genommen/ vnd dieſelbe fuͤr eine Pickelhaube auff den Kopff gebunden: Etliche haben Bretter erwiſchet/ vnd dieſelbe fuͤr die Bruſt gehalten/ vnd fuͤr Schilde gebranchet.,vnd nach deme ſie als die ſich in pilgrams habit befunden kein ander gewehre hetten den schwerdter vnd spieſe haben etliche keſſel vnd grapen genommen vnd dieſelbe fuͤr eine pickelhaube auff den kopff gebunden etliche haben bretter erwiſchet vnd dieſelbe fuͤr die bruſt gehalten vnd fuͤr schilde gebranchet,und nach deme sie als die sich in pilgrams habit befunden kein ander gewehre hetten den schwerdter und spiese haben etliche kessel und grapen genommen und dieselbe fur eine pickelhaube auff den kopff gebunden etliche haben bretter erwischet und dieselbe fur die brust gehalten und fur schilde gebranchet
micraelius_pommernland03_1639,body,196,13,False,473,Hertzog Bogislaff aber hat des Patronen Schild gehabt/ den er im anfang erwiſchete/ vnd haben ſich alſo eine Zeitlang der Tuͤrcken gewehret.,hertzog bogislaff aber hat des patronen schild gehabt den er im anfang erwiſchete vnd haben ſich alſo eine zeitlang der tuͤrcken gewehret,hertzog bogislaff aber hat des patronen schild gehabt den er im anfang erwischete und haben sich also eine zeitlang der turcken gewehret
micraelius_pommernland03_1639,body,196,14,False,473,So ſind aber vnter den Tuͤrcken viele geweſen/ die Tarterſche Bogen gehabt.,so ſind aber vnter den tuͤrcken viele geweſen die tarterſche bogen gehabt,so sind aber unter den turcken uiele gewesen die tartersche bogen gehabt
micraelius_pommernland03_1639,body,196,15,False,473,Dieſelbe hatten vergiffte Pfeile vnd ſchoſſen vier gantze Stunde auff die Pilgrim̃e ſo feindlich/ dicke vnd ohne vnterlaß/ das Hertzog Bogislaff in gar kurtzem xiv. Flitzen in ſeinem Schilde ſtecken ſahe/ vnd theten den Chriſten damit groſſen Drangk/ vnd trieben ſie endlich von der Bort vnd wurffen dagegen Leitern an/ vnd kamen jhrer etliche mit gewalt an Bort/ alſo das ſie meineten/ ſie hetten das Schiff gewonnen.,dieſelbe hatten vergiffte pfeile vnd ſchoſſen vier gantze stunde auff die pilgrim̃e ſo feindlich dicke vnd ohne vnterlaß das hertzog bogislaff in gar kurtzem xiv flitzen in ſeinem schilde ſtecken ſahe vnd theten den chriſten damit groſſen drangk vnd trieben ſie endlich von der bort vnd wurffen dagegen leitern an vnd kamen jhrer etliche mit gewalt an bort alſo das ſie meineten ſie hetten das schiff gewonnen,dieselbe hatten uergiffte pfeile und schossen uier gantze stunde auff die pilgrimme so feindlich dicke und ohne unterlass das hertzog bogislaff in gar kurtzem xiu flitzen in seinem schilde stecken sahe und theten den christen damit grossen drangk und trieben sie endlich uon der bort und wurffen dagegen leitern an und kamen ihrer etliche mit gewalt an bort also das sie meineten sie hetten das schiff gewonnen
micraelius_pommernland03_1639,body,196,16,False,473,Aber die Chriſten wehreten ſich ſo Ritterlich/ das die Tuͤrcken nicht lange auff der Bort blieben/ ſtachen vnd ſtieſſen ſie wieder herunter/ erwuͤrgeten viele/ vnd erſaͤnfeten viele.,aber die chriſten wehreten ſich ſo ritterlich das die tuͤrcken nicht lange auff der bort blieben ſtachen vnd ſtieſſen ſie wieder herunter erwuͤrgeten viele vnd erſaͤnfeten viele,aber die christen wehreten sich so ritterlich das die turcken nicht lange auff der bort blieben stachen und stiessen sie wieder herunter erwurgeten uiele und ersanfeten uiele
micraelius_pommernland03_1639,body,196,17,False,473,So war ein groſſer ſtarcker Tuͤrcke vnter dem haufen.,so war ein groſſer ſtarcker tuͤrcke vnter dem haufen,so war ein grosser starcker turcke unter dem haufen
micraelius_pommernland03_1639,body,196,18,False,473,Derſelbe war vor andern allen auff Hertzog Bogslaffen geſteuret/ das er vieleicht/ weil Hertzog Bugslaff ein gewaltiger groſſer Mann war/ an jhme einen ſonderlichen Preiß wolte erlangen.,derſelbe war vor andern allen auff hertzog bogslaffen geſteuret das er vieleicht weil hertzog bugslaff ein gewaltiger groſſer mann war an jhme einen ſonderlichen preiß wolte erlangen,derselbe war uor andern allen auff hertzog bogslaffen gesteuret das er uieleicht weil hertzog bugslaff ein gewaltiger grosser mann war an ihme einen sonderlichen preiss wolte erlangen
micraelius_pommernland03_1639,body,196,19,False,473,Denſelben ſtieß Hertzog Bogislaff offt hinunter/ vnnd wundete jhn auch etliche Mahl.,denſelben ſtieß hertzog bogislaff offt hinunter vnnd wundete jhn auch etliche mahl,denselben stiess hertzog bogislaff offt hinunter unnd wundete ihn auch etliche mahl
micraelius_pommernland03_1639,body,196,20,False,473,Aber er war ſo ergrimmet vnd geſchicket zu ſchwimmen vnd zu klimmern (wie die Wort im Chronico lauten) das er nicht wolte ablaſſen: Vnd kam jmmer vnter den andern Tuͤrcken wider herauff/ vnd ſetzete ſich wider an Hertzog Bugslaff.,aber er war ſo ergrimmet vnd geſchicket zu ſchwimmen vnd zu klimmern wie die wort im chronico lauten das er nicht wolte ablaſſen vnd kam jmmer vnter den andern tuͤrcken wider herauff vnd ſetzete ſich wider an hertzog bugslaff,aber er war so ergrimmet und geschicket zu schwimmen und zu klimmern wie die wort im chronico lauten das er nicht wolte ablassen und kam immer unter den andern turcken wider herauff und setzete sich wider an hertzog bugslaff
micraelius_pommernland03_1639,body,196,21,False,474,So war H. Bugslaff auch mit andern Tuͤrcken beladen/ alſo das er Noth vnd Muͤhe hette/ vnd an allen Orten wehren muͤſte.,so war h bugslaff auch mit andern tuͤrcken beladen alſo das er noth vnd muͤhe hette vnd an allen orten wehren muͤſte,so war h bugslaff auch mit andern turcken beladen also das er noth und muhe hette und an allen orten wehren muste
micraelius_pommernland03_1639,body,196,22,False,474,Derhalben ſchlug er ſo feindlich vmb ſich her/ daß er das Schwerd entzwey ſchlug/ vnd von aller Wehre kam/ vnd ſich mit dem Schilde entſetzete.,derhalben ſchlug er ſo feindlich vmb ſich her daß er das schwerd entzwey ſchlug vnd von aller wehre kam vnd ſich mit dem schilde entſetzete,derhalben schlug er so feindlich umb sich her dass er das schwerd entzwey schlug und uon aller wehre kam und sich mit dem schilde entsetzete
micraelius_pommernland03_1639,body,196,23,False,474,Da were er auch von den Tuͤrcken erwuͤrget worden/ wens Herꝛ Chriſtoff Polenzke vnd Peter Podewils/ vnd H. Bugslaffs Chorknecht Valentin von Nuͤrnberg nicht geſehen/ vnd vor jhn zugeſprungen weren/ vnd die Streiche vnd Stiche vor jhn empfangen hetten.,da were er auch von den tuͤrcken erwuͤrget worden wens herꝛ chriſtoff polenzke vnd peter podewils vnd h bugslaffs chorknecht valentin von nuͤrnberg nicht geſehen vnd vor jhn zugeſprungen weren vnd die streiche vnd stiche vor jhn empfangen hetten,da were er auch uon den turcken erwurget worden wens her christoff polenzke und peter podewils und h bugslaffs chorknecht ualentin uon nurnberg nicht gesehen und uor ihn zugesprungen weren und die streiche und stiche uor ihn empfangen hetten
micraelius_pommernland03_1639,body,196,24,False,474,So ſtritt nun der trewe Held Polenzke ſo maͤnlich vnd gewaltig/ das er viele Tuͤrcken erwuͤrgete/ Aber die laͤnge von einem erſchlagen ward.,so ſtritt nun der trewe held polenzke ſo maͤnlich vnd gewaltig das er viele tuͤrcken erwuͤrgete aber die laͤnge von einem erſchlagen ward,so stritt nun der trewe held polenzke so manlich und gewaltig das er uiele turcken erwurgete aber die lange uon einem erschlagen ward
micraelius_pommernland03_1639,body,196,25,False,474,Peter Podewils ward auch hart verwundet/ vnd die lenge mit einem Flitzen vnter das lincke Auge geſchoſſen/ das er muͤſte abweichen/ vnd anderen raum geben.,peter podewils ward auch hart verwundet vnd die lenge mit einem flitzen vnter das lincke auge geſchoſſen das er muͤſte abweichen vnd anderen raum geben,peter podewils ward auch hart uerwundet und die lenge mit einem flitzen unter das lincke auge geschossen das er muste abweichen und anderen raum geben
micraelius_pommernland03_1639,body,196,26,False,474,Vnd Valentin von Nuͤrnberg ward ſo viele geſchlagen/ geſtochen vnd geſchoſſen/ das er da fuͤr todt niederfiel.,vnd valentin von nuͤrnberg ward ſo viele geſchlagen geſtochen vnd geſchoſſen das er da fuͤr todt niederfiel,und ualentin uon nurnberg ward so uiele geschlagen gestochen und geschossen das er da fur todt niederfiel
micraelius_pommernland03_1639,body,196,27,False,474,Vnter des war H. Bugslaff nicht faul/ vñ ſahe nach einer Wehre vmb/ vnd konte keine bekommen/ dann ein jeder wolte ſeine Wehre ſelbſt gebrauchen.,vnter des war h bugslaff nicht faul vñ ſahe nach einer wehre vmb vnd konte keine bekommen dann ein jeder wolte ſeine wehre ſelbſt gebrauchen,unter des war h bugslaff nicht faul und sahe nach einer wehre umb und konte keine bekommen dann ein ieder wolte seine wehre selbst gebrauchen
micraelius_pommernland03_1639,body,196,28,False,474,So ſiehet er vngefehr ein Spieß mit Huͤnern/ wie ſie der Koch angeſtecket/ daß er ſie briete/ vnd erwiſchete das/ vnd lieff mit demſelben/ als es war/ den Seinen zuhuͤlffe.,so ſiehet er vngefehr ein spieß mit huͤnern wie ſie der koch angeſtecket daß er ſie briete vnd erwiſchete das vnd lieff mit demſelben als es war den seinen zuhuͤlffe,so siehet er ungefehr ein spiess mit hunern wie sie der koch angestecket dass er sie briete und erwischete das und lieff mit demselben als es war den seinen zuhulffe
micraelius_pommernland03_1639,body,196,29,False,474,Da er ſahe den trewen Mann/ Herꝛ Chriſtoff Polenzke vnd Valentin von Nuͤrnberg todt liegen/ vnd die andern hin vnd wieder verwundet/ vnd von Arbeit muͤde/ ergrimmete Er in ſeinem Gemuͤth/ vnd gedachte daſelbſt auch ehrlich zu ſterben/ vnd ſchlug ſo treflich in die Tuͤrcken mit dem Brattſpieß/ das ſie alle von jhme wichen/ vnd flohen/ vnd an deme Ende die Galee verlieſſen/ außgenom̃en der groſſe Tuͤrcke/ der kam noch zu ſeinem groſſen Vngluͤck wider.,da er ſahe den trewen mann herꝛ chriſtoff polenzke vnd valentin von nuͤrnberg todt liegen vnd die andern hin vnd wieder verwundet vnd von arbeit muͤde ergrimmete er in ſeinem gemuͤth vnd gedachte daſelbſt auch ehrlich zu ſterben vnd ſchlug ſo treflich in die tuͤrcken mit dem brattſpieß das ſie alle von jhme wichen vnd flohen vnd an deme ende die galee verlieſſen außgenom̃en der groſſe tuͤrcke der kam noch zu ſeinem groſſen vngluͤck wider,da er sahe den trewen mann her christoff polenzke und ualentin uon nurnberg todt liegen und die andern hin und wieder uerwundet und uon arbeit mude ergrimmete er in seinem gemuth und gedachte daselbst auch ehrlich zu sterben und schlug so treflich in die turcken mit dem brattspiess das sie alle uon ihme wichen und flohen und an deme ende die galee uerliessen aussgenommen der grosse turcke der kam noch zu seinem grossen ungluck wider
micraelius_pommernland03_1639,body,196,30,False,475,Denſelben empfieng Hertzog Bugslaff nach gebuͤhr/ vnd ſtach jhme die laͤnge durch die Gurgel mit dem Brattſpieß/ das er vber Haͤupt von der Bort polterde vnd ins Waſſer fiel.,denſelben empfieng hertzog bugslaff nach gebuͤhr vnd ſtach jhme die laͤnge durch die gurgel mit dem brattſpieß das er vber haͤupt von der bort polterde vnd ins waſſer fiel,denselben empfieng hertzog bugslaff nach gebuhr und stach ihme die lange durch die gurgel mit dem brattspiess das er uber haupt uon der bort polterde und ins wasser fiel
micraelius_pommernland03_1639,body,196,31,False,475,Deſſelben nahmen die Pilgrim ein Exempel/ faſſeten wider ein Hertz/ vnd ſchlugen vnd ſtachen auch ſo hefftig auff die Tuͤrcken/ das ſie die allenthalben von der Galeen trieben/ vnd die Tuͤrcken mit Schaden vnd Schande muſten abziehen.,deſſelben nahmen die pilgrim ein exempel faſſeten wider ein hertz vnd ſchlugen vnd ſtachen auch ſo hefftig auff die tuͤrcken das ſie die allenthalben von der galeen trieben vnd die tuͤrcken mit schaden vnd schande muſten abziehen,desselben nahmen die pilgrim ein exempel fasseten wider ein hertz und schlugen und stachen auch so hefftig auff die turcken das sie die allenthalben uon der galeen trieben und die turcken mit schaden und schande musten abziehen
micraelius_pommernland03_1639,body,196,32,False,475,So verdroß daſſelbe die Tuͤrcken ſehr vbel/ vnd wolten noch nicht ablaſſen/ vnd haben derhalben Fewr in die Siegel/ vnd ſonſt auch etliche Fewrbelle in das Schiff geworffen/ vnd haben die Siegel vnd das Schiff angezuͤndet.,so verdroß daſſelbe die tuͤrcken ſehr vbel vnd wolten noch nicht ablaſſen vnd haben derhalben fewr in die siegel vnd ſonſt auch etliche fewrbelle in das schiff geworffen vnd haben die siegel vnd das schiff angezuͤndet,so uerdross dasselbe die turcken sehr ubel und wolten noch nicht ablassen und haben derhalben fewr in die siegel und sonst auch etliche fewrbelle in das schiff geworffen und haben die siegel und das schiff angezundet
micraelius_pommernland03_1639,body,196,33,False,475,Daſſelbe haben die Chriſten gedempffet vnd geleſchet/ wie ſie zum beſten gekoͤnt.,daſſelbe haben die chriſten gedempffet vnd geleſchet wie ſie zum beſten gekoͤnt,dasselbe haben die christen gedempffet und geleschet wie sie zum besten gekont
micraelius_pommernland03_1639,body,196,34,False,475,Aber die Tuͤrcken habens zu viele gemacht/ alſo daß das Schiff an vier oͤrtern vom Fewre iſt angegangen/ vnd etliche Chriſten vom Fewr beſchedigt/ vnd drumb die Pilgrimme alle ſind verzaget worden/ vnd ſich des Todtes ergeben haben.,aber die tuͤrcken habens zu viele gemacht alſo daß das schiff an vier oͤrtern vom fewre iſt angegangen vnd etliche chriſten vom fewr beſchedigt vnd drumb die pilgrimme alle ſind verzaget worden vnd ſich des todtes ergeben haben,aber die turcken habens zu uiele gemacht also dass das schiff an uier ortern uom fewre ist angegangen und etliche christen uom fewr beschedigt und drumb die pilgrimme alle sind uerzaget worden und sich des todtes ergeben haben
micraelius_pommernland03_1639,body,196,35,False,475,Vnterdeſſen haben die Tuͤrcken mit allem Vngeheur/ ſchieſſen vnd ſchlagen wider angeſetzet.,vnterdeſſen haben die tuͤrcken mit allem vngeheur ſchieſſen vnd ſchlagen wider angeſetzet,unterdessen haben die turcken mit allem ungeheur schiessen und schlagen wider angesetzet
micraelius_pommernland03_1639,body,196,36,False,475,Da habens die Chriſten nicht beſſer angeſehen/ ſondern allein redlich ſich gewehret vnd geſtorben/ vnd haben GOtt von Himmel angeruffen/ vnd gebeten/ das er jhnen helffen moͤchte/ vnd haben demnach grimmig wieder in die Tuͤrcken geſchlagen/ vnd beyde mit dem Fewr vnd der Feinde zubalgen gehabt/ vnd hettens auch nicht laͤnger halten moͤgen.,da habens die chriſten nicht beſſer angeſehen ſondern allein redlich ſich gewehret vnd geſtorben vnd haben gott von himmel angeruffen vnd gebeten das er jhnen helffen moͤchte vnd haben demnach grimmig wieder in die tuͤrcken geſchlagen vnd beyde mit dem fewr vnd der feinde zubalgen gehabt vnd hettens auch nicht laͤnger halten moͤgen,da habens die christen nicht besser angesehen sondern allein redlich sich gewehret und gestorben und haben gott uon himmel angeruffen und gebeten das er ihnen helffen mochte und haben demnach grimmig wieder in die turcken geschlagen und beyde mit dem fewr und der feinde zubalgen gehabt und hettens auch nicht langer halten mogen
micraelius_pommernland03_1639,body,196,37,False,476,Aber als ſie nun in der euſſerſten Noth vnd Gefahr waren/ da hat der Tuͤrckiſche Obriſte Sameyr/ ohne alle Zuverſicht vnd Hoffnung der Chriſten/ ploͤtzlich laſſen abblaſen vnd die Tuͤrcken abgefordert.,aber als ſie nun in der euſſerſten noth vnd gefahr waren da hat der tuͤrckiſche obriſte sameyr ohne alle zuverſicht vnd hoffnung der chriſten ploͤtzlich laſſen abblaſen vnd die tuͤrcken abgefordert,aber als sie nun in der eussersten noth und gefahr waren da hat der turckische obriste sameyr ohne alle zuuersicht und hoffnung der christen plotzlich lassen abblasen und die turcken abgefordert
micraelius_pommernland03_1639,body,196,38,False,476,So weit die Wort vnſer Chroniken.,so weit die wort vnſer chroniken,so weit die wort unser chroniken
micraelius_pommernland03_1639,body,196,39,False,476,Gemelter Sameyr ließ darauff den Patron der Gallee zu ſich erforderen/ vñ begehrete nicht allein zuwiſſen/ was er fuͤr Leute fuͤhrete/ ſondern auch als er erfuhr/ das es Pilgrimme waren/ die nach Jeruſalem wolten/ forderte er dieſelbe zur Vbergab/ mit dem Verſprechen/ daß er alſo die Galleen vnd alles/ was Venediſch were an Perſohnen vnd Guͤtern vnbeſchaͤdiget wolte fahren laſſen.,gemelter sameyr ließ darauff den patron der gallee zu ſich erforderen vñ begehrete nicht allein zuwiſſen was er fuͤr leute fuͤhrete ſondern auch als er erfuhr das es pilgrimme waren die nach jeruſalem wolten forderte er dieſelbe zur vbergab mit dem verſprechen daß er alſo die galleen vnd alles was venediſch were an perſohnen vnd guͤtern vnbeſchaͤdiget wolte fahren laſſen,gemelter sameyr liess darauff den patron der gallee zu sich erforderen und begehrete nicht allein zuwissen was er fur leute fuhrete sondern auch als er erfuhr das es pilgrimme waren die nach ierusalem wolten forderte er dieselbe zur ubergab mit dem uersprechen dass er also die galleen und alles was uenedisch were an persohnen und gutern unbeschadiget wolte fahren lassen
micraelius_pommernland03_1639,body,196,40,True,476,Ließ auch die Gallee/ in der nunmehr das Fewr mit groſſer muͤhe geleſchet war/ an ein Jnſulchen an Candia/ Caſa de Sancto Angelo genant/ ziehen/ vnd da er merckete/ das die Pilgrim lieber ſterben/ als in die Knechtſchafft gehen/ der Patron auch ſeine eingenom̃ene Leute nicht guthwillig vbergeben vnd liefern wolte/ als hat er ſie endlich loß gegeben/ daß ſie ſicher moͤchten davon ziehen.,ließ auch die gallee in der nunmehr das fewr mit groſſer muͤhe geleſchet war an ein jnſulchen an candia caſa de sancto angelo genant ziehen vnd da er merckete das die pilgrim lieber ſterben als in die knechtſchafft gehen der patron auch ſeine eingenom̃ene leute nicht guthwillig vbergeben vnd liefern wolte als hat er ſie endlich loß gegeben daß ſie ſicher moͤchten davon ziehen,liess auch die gallee in der nunmehr das fewr mit grosser muhe geleschet war an ein insulchen an candia casa de sancto angelo genant ziehen und da er merckete das die pilgrim lieber sterben als in die knechtschafft gehen der patron auch seine eingenommene leute nicht guthwillig ubergeben und liefern wolte als hat er sie endlich loss gegeben dass sie sicher mochten dauon ziehen
micraelius_pommernland03_1639,body,197,0,False,476,Jn dieſem Scharmuͤtzel iſt Chriſtoff Polenzke der Alte/ wie geſagt/ auff dem Platze nebenſt etlichen andern geblieben/ Peter Podewils vnd Valentin Nuͤrnberg/ ſein Caͤm̃erer/ vnd andere toͤdlich verwundet die doch wieder jhrer Wunden durch fleißige Auffſicht Doctoris Laurentij Paſchaſij/ den der Hertzog von Venedig fuͤr einen Medicum beſtellet vnd mitgenommen hette/ geneſen ſeyn.,jn dieſem scharmuͤtzel iſt chriſtoff polenzke der alte wie geſagt auff dem platze nebenſt etlichen andern geblieben peter podewils vnd valentin nuͤrnberg ſein caͤm̃erer vnd andere toͤdlich verwundet die doch wieder jhrer wunden durch fleißige auffſicht doctoris laurentij paſchaſij den der hertzog von venedig fuͤr einen medicum beſtellet vnd mitgenommen hette geneſen ſeyn,in diesem scharmutzel ist christoff polenzke der alte wie gesagt auff dem platze nebenst etlichen andern geblieben peter podewils und ualentin nurnberg sein cammerer und andere todlich uerwundet die doch wieder ihrer wunden durch fleissige auffsicht doctoris laurentii paschasii den der hertzog uon uenedig fur einen medicum bestellet und mitgenommen hette genesen seyn
micraelius_pommernland03_1639,body,197,1,False,476,Als ſie nun das Schiff/ das ſo vbel vom Fewr vnd ſchieſſen zugerichet war/ wieder zuflicken vñ auffzureumen anfiengen/ funden ſie mehr als mcccc. Pfeile/ die die Tuͤrcken geſchoſſen hetten/ vñ fuhren drauff weiter nach Candia oder Creta/ da gemelter Polenzke ehrlich begraben/ vnd der Verwundeten beſſer abgewartet iſt.,als ſie nun das schiff das ſo vbel vom fewr vnd ſchieſſen zugerichet war wieder zuflicken vñ auffzureumen anfiengen funden ſie mehr als mcccc pfeile die die tuͤrcken geſchoſſen hetten vñ fuhren drauff weiter nach candia oder creta da gemelter polenzke ehrlich begraben vnd der verwundeten beſſer abgewartet iſt,als sie nun das schiff das so ubel uom fewr und schiessen zugerichet war wieder zuflicken und auffzureumen anfiengen funden sie mehr als mcccc pfeile die die turcken geschossen hetten und fuhren drauff weiter nach candia oder creta da gemelter polenzke ehrlich begraben und der uerwundeten besser abgewartet ist
micraelius_pommernland03_1639,body,197,2,False,477,Ferner kamen ſie in die Jnſul Rhodis/ vnd verharreten beym Hofemeiſter daſelbſt ſieben Tage/ vñ lieſſen Valentin von Nuͤrnberg/ der wegen ſeiner Wunden nicht ferner reiſen koͤnte/ vnter des Artztes Hand.,ferner kamen ſie in die jnſul rhodis vnd verharreten beym hofemeiſter daſelbſt ſieben tage vñ lieſſen valentin von nuͤrnberg der wegen ſeiner wunden nicht ferner reiſen koͤnte vnter des artztes hand,ferner kamen sie in die insul rhodis und uerharreten beym hofemeister daselbst sieben tage und liessen ualentin uon nurnberg der wegen seiner wunden nicht ferner reisen konte unter des artztes hand
micraelius_pommernland03_1639,body,197,3,False,477,Weiters gelangeten ſie an das Koͤnigreich vnd die Jnſul Cypern/ vnd von dannen kamen ſie zu Japha oder Joppen im heiligen Lande an/ erhielten bey des Soldans Amptleuten/ zu Jeruſalem Geleite/ vnd begaben ſich alſo zu Lande/ kamen durch Rama nach Jeruſalem vnd beſahen die heilige Staͤte.,weiters gelangeten ſie an das koͤnigreich vnd die jnſul cypern vnd von dannen kamen ſie zu japha oder joppen im heiligen lande an erhielten bey des soldans amptleuten zu jeruſalem geleite vnd begaben ſich alſo zu lande kamen durch rama nach jeruſalem vnd beſahen die heilige staͤte,weiters gelangeten sie an das konigreich und die insul cypern und uon dannen kamen sie zu iapha oder ioppen im heiligen lande an erhielten bey des soldans amptleuten zu ierusalem geleite und begaben sich also zu lande kamen durch rama nach ierusalem und besahen die heilige state
micraelius_pommernland03_1639,body,197,4,False,477,Daſelbſt ſchlug Bruder Hans von Preuſſen aus dem Cloſter zu Zion den Hertzog bey dem heiligen Grabe zum Ritter/ vnd gab jhme macht/ daß er auch forthin die Ritterliche Wuͤrde denen vnter ſeinen Gefehrten geben moͤchte/ die er wuͤſte/ daß ſie es werth weren.,daſelbſt ſchlug bruder hans von preuſſen aus dem cloſter zu zion den hertzog bey dem heiligen grabe zum ritter vnd gab jhme macht daß er auch forthin die ritterliche wuͤrde denen vnter ſeinen gefehrten geben moͤchte die er wuͤſte daß ſie es werth weren,daselbst schlug bruder hans uon preussen aus dem closter zu zion den hertzog bey dem heiligen grabe zum ritter und gab ihme macht dass er auch forthin die ritterliche wurde denen unter seinen gefehrten geben mochte die er wuste dass sie es werth weren
micraelius_pommernland03_1639,body,197,5,False,477,Alſo ſchlug der Hertzog alsfort zu Rittern/ Degener Bugenhagen/ Erbmarſchalck des Landes Bahrt/ Curt Fleming/ Erbmarſchalck des Landes Pommern/ Peter Podewilſen/ Doͤring Rameln/ Ewald von der Oſten/ Otto vom Wedel/ Jochim von Dewitzen/ Curt Krakevitzen/ Michel Podewilſen/ Achim Wrech/ Sigismũd Barfoten/ Arend Ramel/ welche vier letzten doch den Stand nicht hernach/ wie die vorigen/ gefuͤhret haben.,alſo ſchlug der hertzog alsfort zu rittern degener bugenhagen erbmarſchalck des landes bahrt curt fleming erbmarſchalck des landes pommern peter podewilſen doͤring rameln ewald von der oſten otto vom wedel jochim von dewitzen curt krakevitzen michel podewilſen achim wrech sigismũd barfoten arend ramel welche vier letzten doch den stand nicht hernach wie die vorigen gefuͤhret haben,also schlug der hertzog alsfort zu rittern degener bugenhagen erbmarschalck des landes bahrt curt fleming erbmarschalck des landes pommern peter podewilsen doring rameln ewald uon der osten otto uom wedel iochim uon dewitzen curt krakeuitzen michel podewilsen achim wrech sigismund barfoten arend ramel welche uier letzten doch den stand nicht hernach wie die uorigen gefuhret haben
micraelius_pommernland03_1639,body,197,6,True,477,Sonſt hat er auch frembde zu Ritter geſchlagen/ als Chriſtoff Polenzke den Juͤngern/ Ludwig von Olmerſtadt einen Oeſterreicher/ Georg von Guſtentheim/ vnd Baltzer Peltzingen/ Behmen; Thomas de Zecha/ vñ Stanslaff de Alba/ Hungern/ Dieterich von Mandelko vñ Wolff Brandbock/ Braunſchweiger.,sonſt hat er auch frembde zu ritter geſchlagen als chriſtoff polenzke den juͤngern ludwig von olmerſtadt einen oeſterreicher georg von guſtentheim vnd baltzer peltzingen behmen thomas de zecha vñ stanslaff de alba hungern dieterich von mandelko vñ wolff brandbock braunſchweiger,sonst hat er auch frembde zu ritter geschlagen als christoff polenzke den iungern ludwig uon olmerstadt einen oesterreicher georg uon gustentheim und baltzer peltzingen behmen thomas de zecha und stanslaff de alba hungern dieterich uon mandelko und wolff brandbock braunschweiger
micraelius_pommernland03_1639,body,198,0,True,478,Drauff ſind ſie nach Bethlehem/ Bethanien vnd andere heilige oͤrter gezogen/ vnd hernach noch zweymahl in den Tempel gelaſſen worden/ da denn der Hertzog ein Geluͤbd gethan/ das ſo bald er anheim gelangen wuͤrde/ er die boͤſe Gewohnheit/ ſo an der Oſtſee gebraͤuchlich war/ durch welche die Strandguͤter/ ſo Schiffbruͤchig ſein/ angehalten/ vnd dem rechtem Herꝛn vorentzogen wurden/ abſchaffen wolte.,drauff ſind ſie nach bethlehem bethanien vnd andere heilige oͤrter gezogen vnd hernach noch zweymahl in den tempel gelaſſen worden da denn der hertzog ein geluͤbd gethan das ſo bald er anheim gelangen wuͤrde er die boͤſe gewohnheit ſo an der oſtſee gebraͤuchlich war durch welche die strandguͤter ſo schiffbruͤchig ſein angehalten vnd dem rechtem herꝛn vorentzogen wurden abſchaffen wolte,drauff sind sie nach bethlehem bethanien und andere heilige orter gezogen und hernach noch zweymahl in den tempel gelassen worden da denn der hertzog ein gelubd gethan das so bald er anheim gelangen wurde er die bose gewohnheit so an der ostsee gebrauchlich war durch welche die strandguter so schiffbruchig sein angehalten und dem rechtem hern uorentzogen wurden abschaffen wolte
micraelius_pommernland03_1639,body,199,0,False,478,Endlich hat er wieder von Jeruſalem ab zu ruͤcke gedacht/ vnd hat den Muͤnchen zu Zion c. Ducaten verehret/ vnd Jaͤhrlich zeit ſeines Lebens jhnen x. Ducaten zugeſaget.,endlich hat er wieder von jeruſalem ab zu ruͤcke gedacht vnd hat den muͤnchen zu zion c ducaten verehret vnd jaͤhrlich zeit ſeines lebens jhnen x ducaten zugeſaget,endlich hat er wieder uon ierusalem ab zu rucke gedacht und hat den munchen zu zion c ducaten uerehret und iahrlich zeit seines lebens ihnen x ducaten zugesaget
micraelius_pommernland03_1639,body,199,1,False,478,Jſt des Weges/ den er zuvor gehalten/ doch nicht ohne Gefahr des Vngewitters/ wieder geſund zu Venedig angekommen/ da jhme der Hertzog vnd Raht eine herꝛliche Außrichtung gethan/ auch weil Bottſchafft angekommen/ daß ſeine Fraw Mutter verſtorben were/ jhme ein ſtattlich Begaͤngnus zu St. Marx beſtellen/ vnd jhme zu Ehren eine anſehnliche Comædiam/ darin alles fuͤrgebildet ward/ was jhme auff der Reyſe wiederfahren war/ ſpielen/ vnd alle jhre Herꝛligkeit ſehen laſſen.,jſt des weges den er zuvor gehalten doch nicht ohne gefahr des vngewitters wieder geſund zu venedig angekommen da jhme der hertzog vnd raht eine herꝛliche außrichtung gethan auch weil bottſchafft angekommen daß ſeine fraw mutter verſtorben were jhme ein ſtattlich begaͤngnus zu st marx beſtellen vnd jhme zu ehren eine anſehnliche comædiam darin alles fuͤrgebildet ward was jhme auff der reyſe wiederfahren war ſpielen vnd alle jhre herꝛligkeit ſehen laſſen,ist des weges den er zuuor gehalten doch nicht ohne gefahr des ungewitters wieder gesund zu uenedig angekommen da ihme der hertzog und raht eine herliche aussrichtung gethan auch weil bottschafft angekommen dass seine fraw mutter uerstorben were ihme ein stattlich begangnus zu st marx bestellen und ihme zu ehren eine ansehnliche comaediam darin alles furgebildet ward was ihme auff der reyse wiederfahren war spielen und alle ihre herligkeit sehen lassen
micraelius_pommernland03_1639,body,199,2,False,478,Dabey zumercken/ das/ als dem Hertzogen vnter allen Schaͤtzen inſonderheit zwey Einhoͤrner hoch gelobet wuͤrden/ Er alsfort an das Einhorn/ das Koͤnig Erich zu Ruͤgenwalde in der Capellen auffm Schloß vor das Sacrament zum Leuchter geſetzet hatte/ vnd nicht groß bißher geachtet war/ gedacht/ vnd vnter andern an ſeine Gemahlin von Venedig ab geſchrieben habe/ ſolches in guter Hut zu haben.,dabey zumercken das als dem hertzogen vnter allen schaͤtzen inſonderheit zwey einhoͤrner hoch gelobet wuͤrden er alsfort an das einhorn das koͤnig erich zu ruͤgenwalde in der capellen auffm schloß vor das sacrament zum leuchter geſetzet hatte vnd nicht groß bißher geachtet war gedacht vnd vnter andern an ſeine gemahlin von venedig ab geſchrieben habe ſolches in guter hut zu haben,dabey zumercken das als dem hertzogen unter allen schatzen insonderheit zwey einhorner hoch gelobet wurden er alsfort an das einhorn das konig erich zu rugenwalde in der capellen auffm schloss uor das sacrament zum leuchter gesetzet hatte und nicht gross bissher geachtet war gedacht und unter andern an seine gemahlin uon uenedig ab geschrieben habe solches in guter hut zu haben
micraelius_pommernland03_1639,body,199,3,False,478,Der Compter von Cypern hat jhn ebenmeßig herꝛlich zu Venedig tractieret/ vnd iſt er alſo endlich von dannen zu Lande in begleitung eines Secretarij von Venedig nach Rom gekomm̃en/ da hat jhme der Bapſt viele Biſchofe vnd ſein Hoffgeſinde entgegen geſchicket/ vnd jhn herꝛlich empfangen/ jhme vnter vielen anderen Ehrerbietungen in der hohen Miſſe ſein Hertzogthumb im Nahmen der Chriſtlichen Kirchen/ das er ſolte ſein ein Beſchuͤtzer vnd Schirmer des Chriſtlichen Glaubens/ beſtetiget/ einen Hertzogshut auff ſein Haupt geſetzet/ vnd jhm ein guͤlden Schwerdt als einem Ritter geſchencket/ vnd das fuͤr jhme hernach/ nebenſt dem Hertzogshute/ mit groſſer Pracht/ biß in des Meiſters von Preuſſen Hauß/ das man daß Teutſche Hauß nennet/ da er logieret/ durch Degener Buggehagen fuͤrher tragen laſſen/ vnd auff anſuchung des Hertzogen alle Baͤpſtliche Gerechtigkeiten in Verlehnung der Prælaturen im Stifft Cammin Jhme vnd ſeinen Erben vbergeben/ vnd dabeneben gewilliget/ weil Biſchoff Benedictus von Wallenſtein ein Boͤhme/ zwar ein frommer gelarter Mañ/ aber der Regierung des Biſthumbs nicht gewachſen were/ vnd dazu ſich mit Gelde eingedrungen hette/ das etliche Thumbherren zu Cammin/ die daßmahl zu Rom waren/ Doctorem Martinum Carith/ ſeinen getrewen Geferthen/ zum Coadjutoren des Stiffts wehlen moͤchten.,der compter von cypern hat jhn ebenmeßig herꝛlich zu venedig tractieret vnd iſt er alſo endlich von dannen zu lande in begleitung eines secretarij von venedig nach rom gekomm̃en da hat jhme der bapſt viele biſchofe vnd ſein hoffgeſinde entgegen geſchicket vnd jhn herꝛlich empfangen jhme vnter vielen anderen ehrerbietungen in der hohen miſſe ſein hertzogthumb im nahmen der chriſtlichen kirchen das er ſolte ſein ein beſchuͤtzer vnd schirmer des chriſtlichen glaubens beſtetiget einen hertzogshut auff ſein haupt geſetzet vnd jhm ein guͤlden schwerdt als einem ritter geſchencket vnd das fuͤr jhme hernach nebenſt dem hertzogshute mit groſſer pracht biß in des meiſters von preuſſen hauß das man daß teutſche hauß nennet da er logieret durch degener buggehagen fuͤrher tragen laſſen vnd auff anſuchung des hertzogen alle baͤpſtliche gerechtigkeiten in verlehnung der prælaturen im stifft cammin jhme vnd ſeinen erben vbergeben vnd dabeneben gewilliget weil biſchoff benedictus von wallenſtein ein boͤhme zwar ein frommer gelarter mañ aber der regierung des biſthumbs nicht gewachſen were vnd dazu ſich mit gelde eingedrungen hette das etliche thumbherren zu cammin die daßmahl zu rom waren doctorem martinum carith ſeinen getrewen geferthen zum coadjutoren des stiffts wehlen moͤchten,der compter uon cypern hat ihn ebenmessig herlich zu uenedig tractieret und ist er also endlich uon dannen zu lande in begleitung eines secretarii uon uenedig nach rom gekommmen da hat ihme der bapst uiele bischofe und sein hoffgesinde entgegen geschicket und ihn herlich empfangen ihme unter uielen anderen ehrerbietungen in der hohen misse sein hertzogthumb im nahmen der christlichen kirchen das er solte sein ein beschutzer und schirmer des christlichen glaubens bestetiget einen hertzogshut auff sein haupt gesetzet und ihm ein gulden schwerdt als einem ritter geschencket und das fur ihme hernach nebenst dem hertzogshute mit grosser pracht biss in des meisters uon preussen hauss das man dass teutsche hauss nennet da er logieret durch degener buggehagen furher tragen lassen und auff ansuchung des hertzogen alle bapstliche gerechtigkeiten in uerlehnung der praelaturen im stifft cammin ihme und seinen erben ubergeben und dabeneben gewilliget weil bischoff benedictus uon wallenstein ein bohme zwar ein frommer gelarter mann aber der regierung des bisthumbs nicht gewachsen were und dazu sich mit gelde eingedrungen hette das etliche thumbherren zu cammin die dassmahl zu rom waren doctorem martinum carith seinen getrewen geferthen zum coadiutoren des stiffts wehlen mochten
micraelius_pommernland03_1639,body,199,4,True,479,Welches dann auch nicht ohne ſonderbahre Frewde des Hertzogen geſchahe/ inſonderheit weil er nunmehr widerumb zu ſeiner Erblichen Gerechtigkeit wegen verlehnung der Prælaturen gekommen war.,welches dann auch nicht ohne ſonderbahre frewde des hertzogen geſchahe inſonderheit weil er nunmehr widerumb zu ſeiner erblichen gerechtigkeit wegen verlehnung der prælaturen gekommen war,welches dann auch nicht ohne sonderbahre frewde des hertzogen geschahe insonderheit weil er nunmehr widerumb zu seiner erblichen gerechtigkeit wegen uerlehnung der praelaturen gekommen war
micraelius_pommernland03_1639,body,200,0,False,479,Von Rom iſt er durch Senis/ Bononien/ Mirandulam/ Veronam nach Jnsbrugk bey Kayſer Maximilian wieder angelanget/ der jhme dann/ als einem newen Ritter/ nicht alleine ein guͤlden Stuͤcke geſchencket/ davon hernach eine Chorkappe in St. Otten Kirche iſt gemachet worden/ vnd jhn fuͤr ſich rennen vnd ſtechen/ vnd drauff einen Ehrentantz in Kaͤyſ.,von rom iſt er durch senis bononien mirandulam veronam nach jnsbrugk bey kayſer maximilian wieder angelanget der jhme dann als einem newen ritter nicht alleine ein guͤlden stuͤcke geſchencket davon hernach eine chorkappe in st otten kirche iſt gemachet worden vnd jhn fuͤr ſich rennen vnd ſtechen vnd drauff einen ehrentantz in kaͤyſ,uon rom ist er durch senis bononien mirandulam ueronam nach insbrugk bey kayser maximilian wieder angelanget der ihme dann als einem newen ritter nicht alleine ein gulden stucke geschencket dauon hernach eine chorkappe in st otten kirche ist gemachet worden und ihn fur sich rennen und stechen und drauff einen ehrentantz in kays
micraelius_pommernland03_1639,body,200,1,False,480,Frawen Zimmer thun laſſen/ ſondern auch durch die Kaͤyſerin jhme einen guͤlden Krantz vnd eine koͤſtliche Kette ſchencken laſſen/ vnd dabeneben jhn mit ſonderlichen Privilegien begnadet/ als das er guͤldene Muͤntze auff den Reiniſchen ſchlag ſchlagen/ vnd die Zoͤlle zu Wollgaſt vnd Damgarten nach hoͤhe der guͤldenen Muͤntze verhoͤhen moͤchte.,frawen zimmer thun laſſen ſondern auch durch die kaͤyſerin jhme einen guͤlden krantz vnd eine koͤſtliche kette ſchencken laſſen vnd dabeneben jhn mit ſonderlichen privilegien begnadet als das er guͤldene muͤntze auff den reiniſchen ſchlag ſchlagen vnd die zoͤlle zu wollgaſt vnd damgarten nach hoͤhe der guͤldenen muͤntze verhoͤhen moͤchte,frawen zimmer thun lassen sondern auch durch die kayserin ihme einen gulden krantz und eine kostliche kette schencken lassen und dabeneben ihn mit sonderlichen priuilegien begnadet als das er guldene muntze auff den reinischen schlag schlagen und die zolle zu wollgast und damgarten nach hohe der guldenen muntze uerhohen mochte
micraelius_pommernland03_1639,body,200,2,False,480,Weil auch daßmahl der Kaͤyſer mit Franckreich vnd Venedig zuthun hatte/ trug er jhm die Generalſchafft vber das gantze Heer auff/ vnd begehrete/ mit tauſend geruͤſteten Pferden wieder den Feind jhme zu dienen.,weil auch daßmahl der kaͤyſer mit franckreich vnd venedig zuthun hatte trug er jhm die generalſchafft vber das gantze heer auff vnd begehrete mit tauſend geruͤſteten pferden wieder den feind jhme zu dienen,weil auch dassmahl der kayser mit franckreich und uenedig zuthun hatte trug er ihm die generalschafft uber das gantze heer auff und begehrete mit tausend gerusteten pferden wieder den feind ihme zu dienen
micraelius_pommernland03_1639,body,200,3,False,480,Dieſes anmuhten nam der Hertzog mit ſeiner Landſchaft zubereden auff ſich/ nam ſeinen Abſcheid von Kaͤyſerl. Mayt. vnd kam durch Bayern/ Pfaltz/ Nuͤrnberg/ Bamberg/ Meiſſen vnd Marck/ da jhme allenthalben groſſe Ehre erzeiget ward/ gluͤcklich wieder anheim/ als er auff der gantzen Reiſe ein Jahr vnd faſt iv. Monat zugebracht hette.,dieſes anmuhten nam der hertzog mit ſeiner landſchaft zubereden auff ſich nam ſeinen abſcheid von kaͤyſerl mayt vnd kam durch bayern pfaltz nuͤrnberg bamberg meiſſen vnd marck da jhme allenthalben groſſe ehre erzeiget ward gluͤcklich wieder anheim als er auff der gantzen reiſe ein jahr vnd faſt iv monat zugebracht hette,dieses anmuhten nam der hertzog mit seiner landschaft zubereden auff sich nam seinen abscheid uon kayserl mayt und kam durch bayern pfaltz nurnberg bamberg meissen und marck da ihme allenthalben grosse ehre erzeiget ward glucklich wieder anheim als er auff der gantzen reise ein iahr und fast iu monat zugebracht hette
micraelius_pommernland03_1639,body,200,4,True,480,Er hatte aber ſeinen Comitat mit zweyen hochgelahrten Maͤnnern geſtercket/ als Doctor Petro Ravennate/ den er zu Venedig zum Profeſſoren nach Greiffswaldt mit verheiſchung einer ſtattlichen Beſoldung auffgeſprochen/ vnd Doctore Johanne Kitſchern/ welchen er von Hertzog Georgen von Sachſen zu einem Fuͤrſtlichen Rahte erbeten hatte.,er hatte aber ſeinen comitat mit zweyen hochgelahrten maͤnnern geſtercket als doctor petro ravennate den er zu venedig zum profeſſoren nach greiffswaldt mit verheiſchung einer ſtattlichen beſoldung auffgeſprochen vnd doctore johanne kitſchern welchen er von hertzog georgen von sachſen zu einem fuͤrſtlichen rahte erbeten hatte,er hatte aber seinen comitat mit zweyen hochgelahrten mannern gestercket als doctor petro rauennate den er zu uenedig zum professoren nach greiffswaldt mit uerheischung einer stattlichen besoldung auffgesprochen und doctore iohanne kitschern welchen er uon hertzog georgen uon sachsen zu einem furstlichen rahte erbeten hatte
micraelius_pommernland03_1639,body,201,0,False,481,Die Nacht aber zuvor/ ehe der Hertzog iſt wiederumb in Stettin angekommen/ ſind jhme alle ſeine Pferde/ die bißher friſch vnd geſund geweſen waren/ vnd vnter jhnen auch ſein liebſter Leibhengſt/ den er Kayſ. Mayt. nebenſt anderen guten Roſſen zugeſaget/ vnd vmb deſſen willen der Kaͤyſer einen Edellman vnd Stallknecht/ daß ſie jhn abholen ſolten/ biß in Pom̃ern mitgeſchicket hette/ auff der Strewe gehlig geſtorben/ vnd er hat ſie allda alſo mit groſſer beſtuͤrtzung fuͤr ſich liegend funden.,die nacht aber zuvor ehe der hertzog iſt wiederumb in stettin angekommen ſind jhme alle ſeine pferde die bißher friſch vnd geſund geweſen waren vnd vnter jhnen auch ſein liebſter leibhengſt den er kayſ mayt nebenſt anderen guten roſſen zugeſaget vnd vmb deſſen willen der kaͤyſer einen edellman vnd stallknecht daß ſie jhn abholen ſolten biß in pom̃ern mitgeſchicket hette auff der strewe gehlig geſtorben vnd er hat ſie allda alſo mit groſſer beſtuͤrtzung fuͤr ſich liegend funden,die nacht aber zuuor ehe der hertzog ist wiederumb in stettin angekommen sind ihme alle seine pferde die bissher frisch und gesund gewesen waren und unter ihnen auch sein liebster leibhengst den er kays mayt nebenst anderen guten rossen zugesaget und umb dessen willen der kayser einen edellman und stallknecht dass sie ihn abholen solten biss in pommern mitgeschicket hette auff der strewe gehlig gestorben und er hat sie allda also mit grosser besturtzung fur sich liegend funden
micraelius_pommernland03_1639,body,201,1,False,481,Aber nichtes mehr hat jhn gedawret/ als ſein Leibhengſt/ derſelbe war hoch/ groß vnd ſtarck von Leibe/ daß ſeines gleichen nicht zufinden war/ von Haren gelb/ faſt wie ein wild Pferd/ mit einem ſchwartzen Strich vber den Ruͤcken vnd Schwantz.,aber nichtes mehr hat jhn gedawret als ſein leibhengſt derſelbe war hoch groß vnd ſtarck von leibe daß ſeines gleichen nicht zufinden war von haren gelb faſt wie ein wild pferd mit einem ſchwartzen strich vber den ruͤcken vnd schwantz,aber nichtes mehr hat ihn gedawret als sein leibhengst derselbe war hoch gross und starck uon leibe dass seines gleichen nicht zufinden war uon haren gelb fast wie ein wild pferd mit einem schwartzen strich uber den rucken und schwantz
micraelius_pommernland03_1639,body,201,2,False,481,Hette einen kleinen Kopf/ ſpitze Ohren/ vnd fewrige Augen.,hette einen kleinen kopf ſpitze ohren vnd fewrige augen,hette einen kleinen kopf spitze ohren und fewrige augen
micraelius_pommernland03_1639,body,201,3,False,481,Keine Tagreiſe war jhme zu groß/ vnd nam auch auff der ſchwaͤreſten Reiſe am Leibe nicht leichtlich ab. Ließ kein Pferd im Stall vber ſich ſtehen/ ſondern riß ehe Halter vnd Zuͤgel entzwey/ vnd geberdete ſich ſo lange vbel/ biß es den oberſten Raum einbekam.,keine tagreiſe war jhme zu groß vnd nam auch auff der ſchwaͤreſten reiſe am leibe nicht leichtlich ab ließ kein pferd im stall vber ſich ſtehen ſondern riß ehe halter vnd zuͤgel entzwey vnd geberdete ſich ſo lange vbel biß es den oberſten raum einbekam,keine tagreise war ihme zu gross und nam auch auff der schwaresten reise am leibe nicht leichtlich ab liess kein pferd im stall uber sich stehen sondern riss ehe halter und zugel entzwey und geberdete sich so lange ubel biss es den obersten raum einbekam
micraelius_pommernland03_1639,body,201,4,False,481,Ließ niemand als den Stallknecht vnd den Hertzog auffſitzen/ doch wenn jhn der Knecht ritte/ trat er mit gehangenem Kopff vnd Ohren herein/ vñ trieb gar keinen Pracht.,ließ niemand als den stallknecht vnd den hertzog auffſitzen doch wenn jhn der knecht ritte trat er mit gehangenem kopff vnd ohren herein vñ trieb gar keinen pracht,liess niemand als den stallknecht und den hertzog auffsitzen doch wenn ihn der knecht ritte trat er mit gehangenem kopff und ohren herein und trieb gar keinen pracht
micraelius_pommernland03_1639,body,201,5,True,481,Wenn er aber außgeſtaffieret war/ vnd fuͤr den Hertzogen gezogen ward/ ſo neigete er ſich etwas auff die ſeite/ nam ſeinen Herren willig auff/ vnd ließ alsdann ſeinen Muth vberall blicken.,wenn er aber außgeſtaffieret war vnd fuͤr den hertzogen gezogen ward ſo neigete er ſich etwas auff die ſeite nam ſeinen herren willig auff vnd ließ alsdann ſeinen muth vberall blicken,wenn er aber aussgestaffieret war und fur den hertzogen gezogen ward so neigete er sich etwas auff die seite nam seinen herren willig auff und liess alsdann seinen muth uberall blicken
micraelius_pommernland03_1639,body,202,0,False,481,Daß nun dieſer ſchoͤner Hengſt/ der dem Kaͤyſer nunmehr auffwarten ſolte/ da jn der Hertzog auff der Hinreiſe biß nach Jnsbrugk mitfuͤhrete/ ſo hoch gehalten hette/ das er jetzt vmb jhn beym Hertzogen anhalten ließ/ in einer Nacht ſampt allen anderen Roſſen auff der Strewe bey gluͤcklicher Wiederkunfft ſeines Herren ſchleunig geſtorben iſt/ da doch meines Wiſſens nichtes boͤſes drauff Hertzog Bogislaffen noch dem Kaͤyſer/ deme er geſchencket war/ wiederfahren iſt/ kan man deßwegen keine Vrſache finden.,daß nun dieſer ſchoͤner hengſt der dem kaͤyſer nunmehr auffwarten ſolte da jn der hertzog auff der hinreiſe biß nach jnsbrugk mitfuͤhrete ſo hoch gehalten hette das er jetzt vmb jhn beym hertzogen anhalten ließ in einer nacht ſampt allen anderen roſſen auff der strewe bey gluͤcklicher wiederkunfft ſeines herren ſchleunig geſtorben iſt da doch meines wiſſens nichtes boͤſes drauff hertzog bogislaffen noch dem kaͤyſer deme er geſchencket war wiederfahren iſt kan man deßwegen keine vrſache finden,dass nun dieser schoner hengst der dem kayser nunmehr auffwarten solte da in der hertzog auff der hinreise biss nach insbrugk mitfuhrete so hoch gehalten hette das er ietzt umb ihn beym hertzogen anhalten liess in einer nacht sampt allen anderen rossen auff der strewe bey glucklicher wiederkunfft seines herren schleunig gestorben ist da doch meines wissens nichtes boses drauff hertzog bogislaffen noch dem kayser deme er geschencket war wiederfahren ist kan man desswegen keine ursache finden
micraelius_pommernland03_1639,body,202,1,False,482,Dann das die Pferde ſolten etwas im Futter gegeſſen haben/ das jhnen ſchaͤdlich moͤchte geweſen ſeyn/ iſt nicht befindlich geweſen: Vnd woher ſonſt ſolcher ſchleuniger Todt ſo vieler Pferde auff einmahl in gluͤcklicher Widerkunfft jhres Herren vervhrſachet worden/ kan man nicht wiſſen.,dann das die pferde ſolten etwas im futter gegeſſen haben das jhnen ſchaͤdlich moͤchte geweſen ſeyn iſt nicht befindlich geweſen vnd woher ſonſt ſolcher ſchleuniger todt ſo vieler pferde auff einmahl in gluͤcklicher widerkunfft jhres herren vervhrſachet worden kan man nicht wiſſen,dann das die pferde solten etwas im futter gegessen haben das ihnen schadlich mochte gewesen seyn ist nicht befindlich gewesen und woher sonst solcher schleuniger todt so uieler pferde auff einmahl in glucklicher widerkunfft ihres herren ueruhrsachet worden kan man nicht wissen
micraelius_pommernland03_1639,body,202,2,False,482,Da Julius Cæſar auffm Rahthaus erſtochen ward/ haben ſeine Pferde/ die bey jhm außgedienet hetten/ vnd auff einer Wieſen frey geweidet wurden/ nichtes eſſen wollen/ ſondern viel Thraͤnen geweinet.,da julius cæſar auffm rahthaus erſtochen ward haben ſeine pferde die bey jhm außgedienet hetten vnd auff einer wieſen frey geweidet wurden nichtes eſſen wollen ſondern viel thraͤnen geweinet,da iulius caesar auffm rahthaus erstochen ward haben seine pferde die bey ihm aussgedienet hetten und auff einer wiesen frey geweidet wurden nichtes essen wollen sondern uiel thranen geweinet
micraelius_pommernland03_1639,body,202,3,False,482,Aber darauff erfolgete/ was beſaget iſt.,aber darauff erfolgete was beſaget iſt,aber darauff erfolgete was besaget ist
micraelius_pommernland03_1639,body,202,4,False,482,Dieſe Pferde aber vnſers Hertzogen weineten nicht/ ſondern fielen gar dahin/ vnd zwar da ſie eines Theils zum Kaͤyſer ſolten gefuͤhret werden.,dieſe pferde aber vnſers hertzogen weineten nicht ſondern fielen gar dahin vnd zwar da ſie eines theils zum kaͤyſer ſolten gefuͤhret werden,diese pferde aber unsers hertzogen weineten nicht sondern fielen gar dahin und zwar da sie eines theils zum kayser solten gefuhret werden
micraelius_pommernland03_1639,body,202,5,True,482,Gleichwol das der Kaͤyſerliche abgefertigete nicht mit leerer Hand zu ſeinem Herren keme/ hat der Hertzog etliche Pferde der beſten Art im Lande auffgebracht/ vnd ſie dem Kaͤyſer geſchicket/ vnd dabeneben hochwichtige Vrſachen einwenden laſſen/ warumb es ſeine Landſchafft nicht fuͤr rath anſehe/ daß er Jhr Kaͤyſerl. Mayt. in ſeinen Kriegen auffwarten koͤnte/ vnd ſich deßhalben vnterthaͤnig entſchuldiget.,gleichwol das der kaͤyſerliche abgefertigete nicht mit leerer hand zu ſeinem herren keme hat der hertzog etliche pferde der beſten art im lande auffgebracht vnd ſie dem kaͤyſer geſchicket vnd dabeneben hochwichtige vrſachen einwenden laſſen warumb es ſeine landſchafft nicht fuͤr rath anſehe daß er jhr kaͤyſerl mayt in ſeinen kriegen auffwarten koͤnte vnd ſich deßhalben vnterthaͤnig entſchuldiget,gleichwol das der kayserliche abgefertigete nicht mit leerer hand zu seinem herren keme hat der hertzog etliche pferde der besten art im lande auffgebracht und sie dem kayser geschicket und dabeneben hochwichtige ursachen einwenden lassen warumb es seine landschafft nicht fur rath ansehe dass er ihr kayserl mayt in seinen kriegen auffwarten konte und sich desshalben unterthanig entschuldiget
micraelius_pommernland03_1639,body,203,0,False,482,Als nun der Hertzog gemelte Reyſe gluͤcklich abgeleget/ ſeine Gefehrten vnd andere getrewe Diener vnd Raͤhte reichlich begabet/ vnd alles im Lande beſter maſſen beſtellet/ vnd daſſelbe zu hohem auffnehmen gebracht/ auch Biſchoff Benedictum mit darzehlung einer Summa Geldes/ vnd darbietung etlicher Præbenden dazu beredet/ das er Doctori Martino Carith das Biſthumb guthwillig abtrat/ verſchrieb er darauff die Land Raͤhte/ erzehlete jhnen den Verlauff ſeiner Reyſe/ legete jhnen die Begnadungen des Kayſers vnd Bapſtes fuͤr/ vnd begehrete/ ſich darnach zu achten.,als nun der hertzog gemelte reyſe gluͤcklich abgeleget ſeine gefehrten vnd andere getrewe diener vnd raͤhte reichlich begabet vnd alles im lande beſter maſſen beſtellet vnd daſſelbe zu hohem auffnehmen gebracht auch biſchoff benedictum mit darzehlung einer summa geldes vnd darbietung etlicher præbenden dazu beredet das er doctori martino carith das biſthumb guthwillig abtrat verſchrieb er darauff die land raͤhte erzehlete jhnen den verlauff ſeiner reyſe legete jhnen die begnadungen des kayſers vnd bapſtes fuͤr vnd begehrete ſich darnach zu achten,als nun der hertzog gemelte reyse glucklich abgeleget seine gefehrten und andere getrewe diener und rahte reichlich begabet und alles im lande bester massen bestellet und dasselbe zu hohem auffnehmen gebracht auch bischoff benedictum mit darzehlung einer summa geldes und darbietung etlicher praebenden dazu beredet das er doctori martino carith das bisthumb guthwillig abtrat uerschrieb er darauff die land rahte erzehlete ihnen den uerlauff seiner reyse legete ihnen die begnadungen des kaysers und bapstes fur und begehrete sich darnach zu achten
micraelius_pommernland03_1639,body,203,1,False,483,Ob nun wol Jederman der wollabgelegten Reyſe erfrewet war/ ſo hetten dennoch die Staͤdte des einen Privilegij/ wegen verhoͤhunge der Zoͤlle zu Wollgaſt vnd Damgarten/ keinen gefallen/ vñ beriefen ſich dagegen auff jhre Gewohnheiten vnd aͤltere Privilegia.,ob nun wol jederman der wollabgelegten reyſe erfrewet war ſo hetten dennoch die staͤdte des einen privilegij wegen verhoͤhunge der zoͤlle zu wollgaſt vnd damgarten keinen gefallen vñ beriefen ſich dagegen auff jhre gewohnheiten vnd aͤltere privilegia,ob nun wol iederman der wollabgelegten reyse erfrewet war so hetten dennoch die stadte des einen priuilegii wegen uerhohunge der zolle zu wollgast und damgarten keinen gefallen und beriefen sich dagegen auff ihre gewohnheiten und altere priuilegia
micraelius_pommernland03_1639,body,203,2,False,483,Gaben gleichwol gerne zu/ daß er auff die Frembde die Zoͤlle erhoͤhen moͤchte/ wann ſie nur im Beſitz jhres Rechten gelaſſen wuͤrden.,gaben gleichwol gerne zu daß er auff die frembde die zoͤlle erhoͤhen moͤchte wann ſie nur im beſitz jhres rechten gelaſſen wuͤrden,gaben gleichwol gerne zu dass er auff die frembde die zolle erhohen mochte wann sie nur im besitz ihres rechten gelassen wurden
micraelius_pommernland03_1639,body,203,3,True,483,Aber da der Hertzog bey andern benachbarten Fuͤrſten ſich Rahts erholete/ vnd von etlichen Vniverſiteten ſolche Belehrungen erhielt/ das er nichtes vngebuͤhrliches an ſeine Vnterthanen begehrete/ haben endlich die Staͤdte den Zoll eingehen muͤſſen/ vnd weil eben etliche frembde Kaufleute aus Niederland in etlichen Saͤcken heimlich guͤldene vnd ſilberne Kuchen vnd etliche andere Wahren fuͤhreten/ die ſie nicht verzolleten/ vnd wol auff xij. tauſend Guͤlden wehrt waren/ als ließ der Hertzog auff eines getaufeten Juden von Collberg/ mit Nahmen Fahrenholtzes/ anzeigen/ ſolche Kauffleute anhalten/ vnd was ſie im Zolle nicht angezeiget/ jhnen nehmen/ vnd davon die erſte Reiniſche Goldmuͤntze/ die man Bogislaffen Goldguͤlden nennete/ pregen.,aber da der hertzog bey andern benachbarten fuͤrſten ſich rahts erholete vnd von etlichen vniverſiteten ſolche belehrungen erhielt das er nichtes vngebuͤhrliches an ſeine vnterthanen begehrete haben endlich die staͤdte den zoll eingehen muͤſſen vnd weil eben etliche frembde kaufleute aus niederland in etlichen saͤcken heimlich guͤldene vnd ſilberne kuchen vnd etliche andere wahren fuͤhreten die ſie nicht verzolleten vnd wol auff xij tauſend guͤlden wehrt waren als ließ der hertzog auff eines getaufeten juden von collberg mit nahmen fahrenholtzes anzeigen ſolche kauffleute anhalten vnd was ſie im zolle nicht angezeiget jhnen nehmen vnd davon die erſte reiniſche goldmuͤntze die man bogislaffen goldguͤlden nennete pregen,aber da der hertzog bey andern benachbarten fursten sich rahts erholete und uon etlichen uniuersiteten solche belehrungen erhielt das er nichtes ungebuhrliches an seine unterthanen begehrete haben endlich die stadte den zoll eingehen mussen und weil eben etliche frembde kaufleute aus niederland in etlichen sacken heimlich guldene und silberne kuchen und etliche andere wahren fuhreten die sie nicht uerzolleten und wol auff xii tausend gulden wehrt waren als liess der hertzog auff eines getaufeten iuden uon collberg mit nahmen fahrenholtzes anzeigen solche kauffleute anhalten und was sie im zolle nicht angezeiget ihnen nehmen und dauon die erste reinische goldmuntze die man bogislaffen goldgulden nennete pregen
micraelius_pommernland03_1639,body,204,0,False,484,Etliche Jahr nach Bogiſlai Wiederkunfft vom heiligen Grabe/ verſtarb Churfuͤrſt Johannes von Brandenburg/ vnd als ſein Sohn Joachimus nach jhme zur Chur gelangete/ ward zwiſchen jhme vnd dem Hertzogen/ zu Paſewalck/ im Jahr mdj. eine ſolche Verſchreibunge auffgerichtet/ daruͤber hernach viel diſputierens entſtanden iſt: Dann darin bekennet der Hertzog/ das alle Pommeriſche Laͤnder mit allen Herꝛligkeiten von dem Churfuͤrſtlichen Hauſe Brandenburg aus Kayſerlichen begnadungen zur Lehen herruͤhren/ vnd das Churfuͤrſt Johannes dieſelbe Empfahung der Lehen jhme vertragen habe/ nach inhalt der Briefe daruͤber auffgerichtet.,etliche jahr nach bogiſlai wiederkunfft vom heiligen grabe verſtarb churfuͤrſt johannes von brandenburg vnd als ſein sohn joachimus nach jhme zur chur gelangete ward zwiſchen jhme vnd dem hertzogen zu paſewalck im jahr mdj eine ſolche verſchreibunge auffgerichtet daruͤber hernach viel diſputierens entſtanden iſt dann darin bekennet der hertzog das alle pommeriſche laͤnder mit allen herꝛligkeiten von dem churfuͤrſtlichen hauſe brandenburg aus kayſerlichen begnadungen zur lehen herruͤhren vnd das churfuͤrſt johannes dieſelbe empfahung der lehen jhme vertragen habe nach inhalt der briefe daruͤber auffgerichtet,etliche iahr nach bogislai wiederkunfft uom heiligen grabe uerstarb churfurst iohannes uon brandenburg und als sein sohn ioachimus nach ihme zur chur gelangete ward zwischen ihme und dem hertzogen zu pasewalck im iahr mdi eine solche uerschreibunge auffgerichtet daruber hernach uiel disputierens entstanden ist dann darin bekennet der hertzog das alle pommerische lander mit allen herligkeiten uon dem churfurstlichen hause brandenburg aus kayserlichen begnadungen zur lehen herruhren und das churfurst iohannes dieselbe empfahung der lehen ihme uertragen habe nach inhalt der briefe daruber auffgerichtet
micraelius_pommernland03_1639,body,204,1,False,484,Vnd nach deme ſolche Briefe mitbringen/ das man ſie ernewren ſol/ nach abgang eines jeglichen Churfuͤrſten oder Hertzogen/ ſo hat Churfuͤrſt Joachimus nach ſeines Vatern Todte Hertzog Bogislao alle Pommerſche Hertzog- vnd Fuͤrſtenthuͤmber vnd Laͤnder zur Lehen zu empfahen auch vertragen nach laut des Briefes.,vnd nach deme ſolche briefe mitbringen das man ſie ernewren ſol nach abgang eines jeglichen churfuͤrſten oder hertzogen ſo hat churfuͤrſt joachimus nach ſeines vatern todte hertzog bogislao alle pommerſche hertzog vnd fuͤrſtenthuͤmber vnd laͤnder zur lehen zu empfahen auch vertragen nach laut des briefes,und nach deme solche briefe mitbringen das man sie ernewren sol nach abgang eines ieglichen churfursten oder hertzogen so hat churfurst ioachimus nach seines uatern todte hertzog bogislao alle pommersche hertzog und furstenthumber und lander zur lehen zu empfahen auch uertragen nach laut des briefes
micraelius_pommernland03_1639,body,204,2,False,484,Auff das aber auff der Churfuͤrſten erlangete hergebrachte Kaͤyſerliche Begifftunge an dem Entfang der Lande kein Abbruch geſchehe/ haben alle Prælaten/ Mann/ Staͤdte vnd Vnterthanen der Pommerſchen Laͤnder an Eydes ſtatt vnterſchrieben/ ob es zum Falle keme/ alſo das keine Erben von Hertzog Bogislao uͤberig weren/ das ſie alsdann die Churfuͤrſten von Brandenburg zu jhren Erbherren vnd Landesfuͤrſten auffnehmen vnd entfangen wollen.,auff das aber auff der churfuͤrſten erlangete hergebrachte kaͤyſerliche begifftunge an dem entfang der lande kein abbruch geſchehe haben alle prælaten mann staͤdte vnd vnterthanen der pommerſchen laͤnder an eydes ſtatt vnterſchrieben ob es zum falle keme alſo das keine erben von hertzog bogislao uͤberig weren das ſie alsdann die churfuͤrſten von brandenburg zu jhren erbherren vnd landesfuͤrſten auffnehmen vnd entfangen wollen,auff das aber auff der churfursten erlangete hergebrachte kayserliche begifftunge an dem entfang der lande kein abbruch geschehe haben alle praelaten mann stadte und unterthanen der pommerschen lander an eydes statt unterschrieben ob es zum falle keme also das keine erben uon hertzog bogislao uberig weren das sie alsdann die churfursten uon brandenburg zu ihren erbherren und landesfursten auffnehmen und entfangen wollen
micraelius_pommernland03_1639,body,204,3,False,484,Vnter des ſaget ſich der Churfuͤrſt in gemeltem Briefe aller Herꝛſchafft/ Obrigkeit/ Regiments/ Gebots vnd Gebietes der Lande vor dem Falle gantz ab/ nichtes davon zubehalten.,vnter des ſaget ſich der churfuͤrſt in gemeltem briefe aller herꝛſchafft obrigkeit regiments gebots vnd gebietes der lande vor dem falle gantz ab nichtes davon zubehalten,unter des saget sich der churfurst in gemeltem briefe aller herschafft obrigkeit regiments gebots und gebietes der lande uor dem falle gantz ab nichtes dauon zubehalten
micraelius_pommernland03_1639,body,204,4,True,485,Vnd wann nach dem Falle er vnd ſeine Erben zur Regierung der Lande kommen werden/ wollen ſie die Einwohner alle bey allen Privilegien/ Gnaden vnd Gerechtigkeiten zu ewigen Zeiten laſſen/ vnd ehe die Pflicht geleiſtet wird/ dieſelbe alle confirmleren.,vnd wann nach dem falle er vnd ſeine erben zur regierung der lande kommen werden wollen ſie die einwohner alle bey allen privilegien gnaden vnd gerechtigkeiten zu ewigen zeiten laſſen vnd ehe die pflicht geleiſtet wird dieſelbe alle confirmleren,und wann nach dem falle er und seine erben zur regierung der lande kommen werden wollen sie die einwohner alle bey allen priuilegien gnaden und gerechtigkeiten zu ewigen zeiten lassen und ehe die pflicht geleistet wird dieselbe alle confirmleren
micraelius_pommernland03_1639,body,205,0,False,485,Nach dieſem iſt der Zwiſt zwiſchen dem Hertzogen vnd der Stadt Stettin/ daruͤber der Hertzog die eine ſeite des Oltboͤterbergers einbekommen/ wie wir vermeldet/ vorgelauffen.,nach dieſem iſt der zwiſt zwiſchen dem hertzogen vnd der stadt stettin daruͤber der hertzog die eine ſeite des oltboͤterbergers einbekommen wie wir vermeldet vorgelauffen,nach diesem ist der zwist zwischen dem hertzogen und der stadt stettin daruber der hertzog die eine seite des oltboterbergers einbekommen wie wir uermeldet uorgelauffen
micraelius_pommernland03_1639,body,205,1,False,485,Aber mit den Sundiſchen hat ſich ein haͤrterer Streit im Jahr meiv. erhoben.,aber mit den sundiſchen hat ſich ein haͤrterer streit im jahr meiv erhoben,aber mit den sundischen hat sich ein harterer streit im iahr meiu erhoben
micraelius_pommernland03_1639,body,205,2,False,485,Dieſelbe wolten nicht fuͤr den Fuͤrſten/ ſondern fuͤr Luͤbeck in appellation Sachen zu Rechte ſtehen: Wandten auch ein Privilegium fuͤr/ daß wann einer vom Adel ſich bey jhnen in der Stadt zu wohnen niederließ/ nach ſeinem Abſterben ſeine Lehne jhrem Eigenthumb/ den Erbguͤtern gleich muͤſte einverleibet werden.,dieſelbe wolten nicht fuͤr den fuͤrſten ſondern fuͤr luͤbeck in appellation sachen zu rechte ſtehen wandten auch ein privilegium fuͤr daß wann einer vom adel ſich bey jhnen in der stadt zu wohnen niederließ nach ſeinem abſterben ſeine lehne jhrem eigenthumb den erbguͤtern gleich muͤſte einverleibet werden,dieselbe wolten nicht fur den fursten sondern fur lubeck in appellation sachen zu rechte stehen wandten auch ein priuilegium fur dass wann einer uom adel sich bey ihnen in der stadt zu wohnen niederliess nach seinem absterben seine lehne ihrem eigenthumb den erbgutern gleich muste einuerleibet werden
micraelius_pommernland03_1639,body,205,3,False,485,Wolten endlich in die erhoͤhung der Zoͤlle zu Wollgaſt vnd Damgarten nicht willigen/ auch den grad des Fuͤrſten im Muͤntzen nicht halten.,wolten endlich in die erhoͤhung der zoͤlle zu wollgaſt vnd damgarten nicht willigen auch den grad des fuͤrſten im muͤntzen nicht halten,wolten endlich in die erhohung der zolle zu wollgast und damgarten nicht willigen auch den grad des fursten im muntzen nicht halten
micraelius_pommernland03_1639,body,205,4,False,485,Hiedurch/ meinete der Hertzog/ were ſeiner Fuͤrſtlichen Hoheit zu nahe getreten/ vnd wolte jhnen jhre Privilegia ſtreitig machen/ als die nicht billiger maſſen erhalten/ ſondern/ wie er etwa moͤchte von ſeinem Vetter Wartislaffen gehoͤret haben/ ehrmahlen von den Landsfuͤrſten erzwungen waren.,hiedurch meinete der hertzog were ſeiner fuͤrſtlichen hoheit zu nahe getreten vnd wolte jhnen jhre privilegia ſtreitig machen als die nicht billiger maſſen erhalten ſondern wie er etwa moͤchte von ſeinem vetter wartislaffen gehoͤret haben ehrmahlen von den landsfuͤrſten erzwungen waren,hiedurch meinete der hertzog were seiner furstlichen hoheit zu nahe getreten und wolte ihnen ihre priuilegia streitig machen als die nicht billiger massen erhalten sondern wie er etwa mochte uon seinem uetter wartislaffen gehoret haben ehrmahlen uon den landsfursten erzwungen waren
micraelius_pommernland03_1639,body,205,5,True,485,Vnd da ſein newer Saͤchſiſcher Rath Doctor Kitſcher zu ſcharff rieth/ folgete er demſelben mehr/ als ſeinem alten Warner von der Schulenburg/ der des Krieges Gelegenheit wider den Sund beſſer/ als Kitſcher/ verſtand.,vnd da ſein newer saͤchſiſcher rath doctor kitſcher zu ſcharff rieth folgete er demſelben mehr als ſeinem alten warner von der schulenburg der des krieges gelegenheit wider den sund beſſer als kitſcher verſtand,und da sein newer sachsischer rath doctor kitscher zu scharff rieth folgete er demselben mehr als seinem alten warner uon der schulenburg der des krieges gelegenheit wider den sund besser als kitscher uerstand
micraelius_pommernland03_1639,body,206,0,False,486,Vnd alſo ward der Stadt Strallſundt alle Zufuhr benom̃en/ vnd gefangen geleget/ was man von Buͤrgern ertappen konte.,vnd alſo ward der stadt strallſundt alle zufuhr benom̃en vnd gefangen geleget was man von buͤrgern ertappen konte,und also ward der stadt strallsundt alle zufuhr benommen und gefangen geleget was man uon burgern ertappen konte
micraelius_pommernland03_1639,body,206,1,False,486,Daruͤber wurden die in der Gemeine ſehr rege/ vnd konten kaum von Buͤrgermeiſter Zabel Oſeborn gehalten werden/ daß ſie den Hertzogen nicht zu Bahrt in der Nacht vberfielen/ vnd an jhme jhr Gluͤck verſucheten.,daruͤber wurden die in der gemeine ſehr rege vnd konten kaum von buͤrgermeiſter zabel oſeborn gehalten werden daß ſie den hertzogen nicht zu bahrt in der nacht vberfielen vnd an jhme jhr gluͤck verſucheten,daruber wurden die in der gemeine sehr rege und konten kaum uon burgermeister zabel oseborn gehalten werden dass sie den hertzogen nicht zu bahrt in der nacht uberfielen und an ihme ihr gluck uersucheten
micraelius_pommernland03_1639,body,206,2,False,486,Gleichwol ſielen ſie in das Land zu Ruͤgen/ brachten etliche Edlen in jhre Gewalt/ nahmen die Flecken vnd Bawren dem Hertzogen zuſtendig in jhre pflicht/ vnd wolten damit bezeigen/ das ſie auch Zaͤhne jm Maul hetten/ vnd Widerſtand zuthun macht hetten.,gleichwol ſielen ſie in das land zu ruͤgen brachten etliche edlen in jhre gewalt nahmen die flecken vnd bawren dem hertzogen zuſtendig in jhre pflicht vnd wolten damit bezeigen das ſie auch zaͤhne jm maul hetten vnd widerſtand zuthun macht hetten,gleichwol sielen sie in das land zu rugen brachten etliche edlen in ihre gewalt nahmen die flecken und bawren dem hertzogen zustendig in ihre pflicht und wolten damit bezeigen das sie auch zahne im maul hetten und widerstand zuthun macht hetten
micraelius_pommernland03_1639,body,206,3,False,486,Als deßwegen der Hertzog im Zweifel ſtand/ was weiters vorzunehmen were/ vnd Doctor Kitſcher nicht mehr Raht zugeben wuſte/ der nun erſt nach der Rede Peter Podewilſen erfuhr/ das Sund nicht ein Ochſen Auge were/ ſondern das ſie/ als die Bienen aus dem Rumpe/ herauß zogen/ ward Warner von der Schulenburg von Loͤkenitz/ dahin er ſich/ auff den Außgang dieſes Handels zuwarten/ begeben hette/ wiederumb zum Hertzogen beruffen.,als deßwegen der hertzog im zweifel ſtand was weiters vorzunehmen were vnd doctor kitſcher nicht mehr raht zugeben wuſte der nun erſt nach der rede peter podewilſen erfuhr das sund nicht ein ochſen auge were ſondern das ſie als die bienen aus dem rumpe herauß zogen ward warner von der schulenburg von loͤkenitz dahin er ſich auff den außgang dieſes handels zuwarten begeben hette wiederumb zum hertzogen beruffen,als desswegen der hertzog im zweifel stand was weiters uorzunehmen were und doctor kitscher nicht mehr raht zugeben wuste der nun erst nach der rede peter podewilsen erfuhr das sund nicht ein ochsen auge were sondern das sie als die bienen aus dem rumpe herauss zogen ward warner uon der schulenburg uon lokenitz dahin er sich auff den aussgang dieses handels zuwarten begeben hette wiederumb zum hertzogen beruffen
micraelius_pommernland03_1639,body,206,4,False,486,Welches dann dem Saͤchſiſchen Doctor ſo vbel gefiel/ das er den Karren im Koth ſtecken ließ/ vnd ſich in ſein Meiſſen wiederumb heimlich hinein machete.,welches dann dem saͤchſiſchen doctor ſo vbel gefiel das er den karren im koth ſtecken ließ vnd ſich in ſein meiſſen wiederumb heimlich hinein machete,welches dann dem sachsischen doctor so ubel gefiel das er den karren im koth stecken liess und sich in sein meissen wiederumb heimlich hinein machete
micraelius_pommernland03_1639,body,206,5,False,486,Der von Schulenburg aber griff dem Hertzogen nach ſeiner Beſcheidenheit beſſer vnter die Arme/ vnd kartete das Spiel auff eine andere Art/ vnd brachte ein Geruͤchte vberall aus/ als wañ aus der Marck/ Braunſchweig/ Mechelnburg/ vnd der Cron Dennemarck ein groß Volck wider die Stadt vnterwegens were/ lies auch etliche gefangene Buͤrger auff Ranzun mit ſolchen Aviſen loß/ die ein groß Geſchrey in der Stadt macheten.,der von schulenburg aber griff dem hertzogen nach ſeiner beſcheidenheit beſſer vnter die arme vnd kartete das spiel auff eine andere art vnd brachte ein geruͤchte vberall aus als wañ aus der marck braunſchweig mechelnburg vnd der cron dennemarck ein groß volck wider die stadt vnterwegens were lies auch etliche gefangene buͤrger auff ranzun mit ſolchen aviſen loß die ein groß geſchrey in der stadt macheten,der uon schulenburg aber griff dem hertzogen nach seiner bescheidenheit besser unter die arme und kartete das spiel auff eine andere art und brachte ein geruchte uberall aus als wann aus der marck braunschweig mechelnburg und der cron dennemarck ein gross uolck wider die stadt unterwegens were lies auch etliche gefangene burger auff ranzun mit solchen auisen loss die ein gross geschrey in der stadt macheten
micraelius_pommernland03_1639,body,206,6,False,487,Daruͤber wurden die Buͤrger beſtuͤrtzet/ fertigten jhren Buͤrgermeiſter Oſeborn nebeſt Johann Trittelvitzen/ vnd andere zum Hertzogen nach Bahrt ab/ das ſie vmb Frieden werben ſolten/ erſucheten auch die Hanſee Staͤdte/ ſolchen zu befordern.,daruͤber wurden die buͤrger beſtuͤrtzet fertigten jhren buͤrgermeiſter oſeborn nebeſt johann trittelvitzen vnd andere zum hertzogen nach bahrt ab das ſie vmb frieden werben ſolten erſucheten auch die hanſee staͤdte ſolchen zu befordern,daruber wurden die burger besturtzet fertigten ihren burgermeister oseborn nebest iohann tritteluitzen und andere zum hertzogen nach bahrt ab das sie umb frieden werben solten ersucheten auch die hansee stadte solchen zu befordern
micraelius_pommernland03_1639,body,206,7,False,487,Vnd ob wol die Sache anfaͤnglich viele behindernis fuͤhlete/ ſo haben ſie dennoch erſtlich einen Stillſtand/ vnd hernach/ auff vnterhandlung der Hertzogen aus Mechelnburg Balthaſars vnd Heinrichs/ vnd der Hanſee Staͤdte eine Tagefahrt zu Roſtock erhalten.,vnd ob wol die sache anfaͤnglich viele behindernis fuͤhlete ſo haben ſie dennoch erſtlich einen stillſtand vnd hernach auff vnterhandlung der hertzogen aus mechelnburg balthaſars vnd heinrichs vnd der hanſee staͤdte eine tagefahrt zu roſtock erhalten,und ob wol die sache anfanglich uiele behindernis fuhlete so haben sie dennoch erstlich einen stillstand und hernach auff unterhandlung der hertzogen aus mechelnburg balthasars und heinrichs und der hansee stadte eine tagefahrt zu rostock erhalten
micraelius_pommernland03_1639,body,206,8,False,487,Daſelbſt iſt auch ſo viele in den Weg geworffen worden/ das faſt alle Handlunge ohne Frucht zerſchlagen were.,daſelbſt iſt auch ſo viele in den weg geworffen worden das faſt alle handlunge ohne frucht zerſchlagen were,daselbst ist auch so uiele in den weg geworffen worden das fast alle handlunge ohne frucht zerschlagen were
micraelius_pommernland03_1639,body,206,9,False,487,Da aber endlich Doctor Borwin Ronnegarve mit guter Beſcheidenheit im Schertze zum Hertzogen ſagete: Er ſolte nicht ſo hart auff die vom Sunde dringen/ als wenn er mit jhnen gar wolte geſchlichtet ſein/ ſie theten noch wol eine Thorheit/ daruͤber S. Fuͤrſtl.,da aber endlich doctor borwin ronnegarve mit guter beſcheidenheit im schertze zum hertzogen ſagete er ſolte nicht ſo hart auff die vom sunde dringen als wenn er mit jhnen gar wolte geſchlichtet ſein ſie theten noch wol eine thorheit daruͤber s fuͤrſtl,da aber endlich doctor borwin ronnegarue mit guter bescheidenheit im schertze zum hertzogen sagete er solte nicht so hart auff die uom sunde dringen als wenn er mit ihnen gar wolte geschlichtet sein sie theten noch wol eine thorheit daruber s furstl
micraelius_pommernland03_1639,body,206,10,False,487,Gn. hernacher weiter Handlungen mit jhnen bekeme/ vnd das erlangete/ was jetzund geſuchet wuͤrde: Hat endlich der Hertzog ſich durch ſolchen Glimpff bewegen laſſen/ vnd dieſen Vertrag/ den man ſonſten den Roſtocker Receß nennet/ mit den Sundiſchen gemachet/ das ein Rath ſolte/ vnangeſehen der Sundiſchen Privilegien/ vorm Hertzogen zu Rechte ſtehen/ die Privat Perſohnen aber nirgends anders als fuͤr dem Rath in Recht gezogen werden/ vnd die Appellation ſolte jhn gegen Luͤbeck frey bleiben.,gn hernacher weiter handlungen mit jhnen bekeme vnd das erlangete was jetzund geſuchet wuͤrde hat endlich der hertzog ſich durch ſolchen glimpff bewegen laſſen vnd dieſen vertrag den man ſonſten den roſtocker receß nennet mit den sundiſchen gemachet das ein rath ſolte vnangeſehen der sundiſchen privilegien vorm hertzogen zu rechte ſtehen die privat perſohnen aber nirgends anders als fuͤr dem rath in recht gezogen werden vnd die appellation ſolte jhn gegen luͤbeck frey bleiben,gn hernacher weiter handlungen mit ihnen bekeme und das erlangete was ietzund gesuchet wurde hat endlich der hertzog sich durch solchen glimpff bewegen lassen und diesen uertrag den man sonsten den rostocker recess nennet mit den sundischen gemachet das ein rath solte unangesehen der sundischen priuilegien uorm hertzogen zu rechte stehen die priuat persohnen aber nirgends anders als fur dem rath in recht gezogen werden und die appellation solte ihn gegen lubeck frey bleiben
micraelius_pommernland03_1639,body,206,11,False,487,Wegen der Lehenguͤter ſolte der Stadt Eigenthumb bleiben/ was ſie bißher beſeſſen/ vnd an ſich gekaͤuffet.,wegen der lehenguͤter ſolte der stadt eigenthumb bleiben was ſie bißher beſeſſen vnd an ſich gekaͤuffet,wegen der lehenguter solte der stadt eigenthumb bleiben was sie bissher besessen und an sich gekauffet
micraelius_pommernland03_1639,body,206,12,False,487,Pfandguͤter ſolten wider zur loͤſung geſtattet werden/ entweder denen/ die ſie verpfaͤndet/ oder dem Landsfuͤrſten/ ſo der Verpfaͤnder nicht mittel hette/ ſie wider zu loͤſen.,pfandguͤter ſolten wider zur loͤſung geſtattet werden entweder denen die ſie verpfaͤndet oder dem landsfuͤrſten ſo der verpfaͤnder nicht mittel hette ſie wider zu loͤſen,pfandguter solten wider zur losung gestattet werden entweder denen die sie uerpfandet oder dem landsfursten so der uerpfander nicht mittel hette sie wider zu losen
micraelius_pommernland03_1639,body,206,13,False,488,Die Sundiſchen aber ſolten hinfort keine Lehnguͤter an ſich bringen/ ohne des Landesfuͤrſten willen/ bey verluſt des Kauffgeldes.,die sundiſchen aber ſolten hinfort keine lehnguͤter an ſich bringen ohne des landesfuͤrſten willen bey verluſt des kauffgeldes,die sundischen aber solten hinfort keine lehnguter an sich bringen ohne des landesfursten willen bey uerlust des kauffgeldes
micraelius_pommernland03_1639,body,206,14,False,488,Des Zolles wegen ſolten ſie zu Damgarten frey ſein/ aber den zu Wolgaſt/ vnd die alten Zoͤlle/ wie ſie die Fuͤrſten hergebracht/ vnd im gebrauch haben/ erlegen.,des zolles wegen ſolten ſie zu damgarten frey ſein aber den zu wolgaſt vnd die alten zoͤlle wie ſie die fuͤrſten hergebracht vnd im gebrauch haben erlegen,des zolles wegen solten sie zu damgarten frey sein aber den zu wolgast und die alten zolle wie sie die fursten hergebracht und im gebrauch haben erlegen
micraelius_pommernland03_1639,body,206,15,True,488,Die Muͤntze endlich ſolten ſie auff den Grad des Fuͤrſten muͤntzen/ doch auch mit dem Muͤntzen einhalten/ wenn des Fuͤrſten Hammer ſtehet: Weiter die Gefangene loß geben/ den Ruͤgianern jhren Eyd erlaſſen/ vnd dem Fuͤrſten bey freyer Ausrichtung Abbitte thun/ vnd eine Geldſtraffe erlegen/ vnd hernacher jhre Privilegia in jhren Wuͤrden behalten.,die muͤntze endlich ſolten ſie auff den grad des fuͤrſten muͤntzen doch auch mit dem muͤntzen einhalten wenn des fuͤrſten hammer ſtehet weiter die gefangene loß geben den ruͤgianern jhren eyd erlaſſen vnd dem fuͤrſten bey freyer ausrichtung abbitte thun vnd eine geldſtraffe erlegen vnd hernacher jhre privilegia in jhren wuͤrden behalten,die muntze endlich solten sie auff den grad des fursten muntzen doch auch mit dem muntzen einhalten wenn des fursten hammer stehet weiter die gefangene loss geben den rugianern ihren eyd erlassen und dem fursten bey freyer ausrichtung abbitte thun und eine geldstraffe erlegen und hernacher ihre priuilegia in ihren wurden behalten
micraelius_pommernland03_1639,body,207,0,False,488,Kaum verfloſſen ſechs oder ſieben Jahr/ ſo bekam der Hertzog auffs newe mit den Sundiſchen zu thun: Denn da ſie vnterſchiedlicher Fuͤrſtlichen Abmahnungen vngeachtet/ der Luͤbiſchen Huͤlffe/ als drey Krieges Schiffe/ vñ zwey Barcken mit Geſchuͤtz/ vnd cccc. Mann wieder Koͤnig Johanſen in Dennemarck zuſchicketen/ vnd etlich Korn/ das der Hertzog ſchiffen lies/ dafuͤr aus Niederland/ zur Nothdurfft ſeiner Hoffſtat/ Gewand/ Wein vnd Gewuͤrtze/ vnd andere Wahren bringen zu laſſen/ auch ſechſte halb Laſt Hering/ auffhielten/ mit dem fuͤrgeben/ die Staͤdte ſolten ſchiffen vnd handeln/ vnd nicht die Fuͤrſten/ begehrete der Hertzog zu vnterſchiedlichen mahlen jhme ſein Korn/ wie auch die andere Guͤter/ ſo ſie ſeinen Vnterthanen gleichsfals angehalten/ folgen zu laſſen/ vnd wegen bewieſener Schmach jhme Abtrag zu thun.,kaum verfloſſen ſechs oder ſieben jahr ſo bekam der hertzog auffs newe mit den sundiſchen zu thun denn da ſie vnterſchiedlicher fuͤrſtlichen abmahnungen vngeachtet der luͤbiſchen huͤlffe als drey krieges schiffe vñ zwey barcken mit geſchuͤtz vnd cccc mann wieder koͤnig johanſen in dennemarck zuſchicketen vnd etlich korn das der hertzog ſchiffen lies dafuͤr aus niederland zur nothdurfft ſeiner hoffſtat gewand wein vnd gewuͤrtze vnd andere wahren bringen zu laſſen auch ſechſte halb laſt hering auffhielten mit dem fuͤrgeben die staͤdte ſolten ſchiffen vnd handeln vnd nicht die fuͤrſten begehrete der hertzog zu vnterſchiedlichen mahlen jhme ſein korn wie auch die andere guͤter ſo ſie ſeinen vnterthanen gleichsfals angehalten folgen zu laſſen vnd wegen bewieſener schmach jhme abtrag zu thun,kaum uerflossen sechs oder sieben iahr so bekam der hertzog auffs newe mit den sundischen zu thun denn da sie unterschiedlicher furstlichen abmahnungen ungeachtet der lubischen hulffe als drey krieges schiffe und zwey barcken mit geschutz und cccc mann wieder konig iohansen in dennemarck zuschicketen und etlich korn das der hertzog schiffen lies dafur aus niederland zur nothdurfft seiner hoffstat gewand wein und gewurtze und andere wahren bringen zu lassen auch sechste halb last hering auffhielten mit dem furgeben die stadte solten schiffen und handeln und nicht die fursten begehrete der hertzog zu unterschiedlichen mahlen ihme sein korn wie auch die andere guter so sie seinen unterthanen gleichsfals angehalten folgen zu lassen und wegen bewiesener schmach ihme abtrag zu thun
micraelius_pommernland03_1639,body,207,1,False,489,Sie berieffen ſich aber auff der von Luͤbeck Erkandnus/ vnd die ſchrieben auch an den Hertzog/ vnd wolten/ Er ſolte die Sundiſchen/ wo er etwas an ſie in einer Sache/ ſo die gantze Haͤnſe belangete/ hette/ fuͤr ſie beſprechen.,sie berieffen ſich aber auff der von luͤbeck erkandnus vnd die ſchrieben auch an den hertzog vnd wolten er ſolte die sundiſchen wo er etwas an ſie in einer sache ſo die gantze haͤnſe belangete hette fuͤr ſie beſprechen,sie berieffen sich aber auff der uon lubeck erkandnus und die schrieben auch an den hertzog und wolten er solte die sundischen wo er etwas an sie in einer sache so die gantze hanse belangete hette fur sie besprechen
micraelius_pommernland03_1639,body,207,2,False,489,Er aber antwortete kurtz/ er wolte vber die Seinen ohne ſie wol Recht bekom̃en: Sie aber/ die Luͤbeckiſchen/ ſolten dieſes jhres Schreibens eingedenck ſein/ vnd acht haben/ weil ſie jhre Haͤnde in frembde Aſche ſtecketen/ das ſie die nicht verbraͤndten: Sie hetten bereits mehr eingebrocket/ als ſie vermoͤchten auszueſſen.,er aber antwortete kurtz er wolte vber die seinen ohne ſie wol recht bekom̃en sie aber die luͤbeckiſchen ſolten dieſes jhres schreibens eingedenck ſein vnd acht haben weil ſie jhre haͤnde in frembde aſche ſtecketen das ſie die nicht verbraͤndten sie hetten bereits mehr eingebrocket als ſie vermoͤchten auszueſſen,er aber antwortete kurtz er wolte uber die seinen ohne sie wol recht bekommen sie aber die lubeckischen solten dieses ihres schreibens eingedenck sein und acht haben weil sie ihre hande in frembde asche stecketen das sie die nicht uerbrandten sie hetten bereits mehr eingebrocket als sie uermochten auszuessen
micraelius_pommernland03_1639,body,207,3,False,489,Verſchrieb darauff ſeine Landſchafft/ vnd wolte wider die Strallſundiſchen eines groͤſſeren Ernſtes gebrauchen/ als zuvor/ inſonderheit weil der Koͤnig von Dennemarck/ guthwillig Hand wider ſie anzuſchlagen ſich erbotten hette.,verſchrieb darauff ſeine landſchafft vnd wolte wider die strallſundiſchen eines groͤſſeren ernſtes gebrauchen als zuvor inſonderheit weil der koͤnig von dennemarck guthwillig hand wider ſie anzuſchlagen ſich erbotten hette,uerschrieb darauff seine landschafft und wolte wider die strallsundischen eines grosseren ernstes gebrauchen als zuuor insonderheit weil der konig uon dennemarck guthwillig hand wider sie anzuschlagen sich erbotten hette
micraelius_pommernland03_1639,body,207,4,False,489,Aber die Sundiſchen wolten die Scherffe nicht verſuchen/ lieſſen ſich abermahl durch den von der Schulenburg auſſoͤhnen/ thaten bey freyer Außrichtunge dem Hertzogen abbitte/ vnd erhielten es/ das/ da der Hertzog eine newe Huldigung begehrete/ ers bey der Huldigung/ die ſie jhm anfaͤnglich gethan/ bleiben ließ.,aber die sundiſchen wolten die scherffe nicht verſuchen lieſſen ſich abermahl durch den von der schulenburg auſſoͤhnen thaten bey freyer außrichtunge dem hertzogen abbitte vnd erhielten es das da der hertzog eine newe huldigung begehrete ers bey der huldigung die ſie jhm anfaͤnglich gethan bleiben ließ,aber die sundischen wolten die scherffe nicht uersuchen liessen sich abermahl durch den uon der schulenburg aussohnen thaten bey freyer aussrichtunge dem hertzogen abbitte und erhielten es das da der hertzog eine newe huldigung begehrete ers bey der huldigung die sie ihm anfanglich gethan bleiben liess
micraelius_pommernland03_1639,body,207,5,False,489,Vber dieſes traten ſie das hoͤchſte vnd nidrigſte Gericht in ſieben Doͤrffern/ als Parſin/ Kummerow/ Nipars/ Wuͤſtenhagen/ Leſſentin/ Sanzebur/ vnd Duvendick dem Hertzogen ab/ doch das ſie die Hebungen/ die jhnen daraus zuſtendig/ genieſſen moͤchten.,vber dieſes traten ſie das hoͤchſte vnd nidrigſte gericht in ſieben doͤrffern als parſin kummerow nipars wuͤſtenhagen leſſentin sanzebur vnd duvendick dem hertzogen ab doch das ſie die hebungen die jhnen daraus zuſtendig genieſſen moͤchten,uber dieses traten sie das hochste und nidrigste gericht in sieben dorffern als parsin kummerow nipars wustenhagen lessentin sanzebur und duuendick dem hertzogen ab doch das sie die hebungen die ihnen daraus zustendig geniessen mochten
micraelius_pommernland03_1639,body,207,6,False,489,Vnd bezahleten nicht alleine das angehaltene Guth tewer genug/ ſondern erlegeten auch iij. tauſend Reinſche Guͤlden Strafe/ vnd ſtelleten es hinfort jhren Buͤrgern frey/ wann ſie vom Rath appelliren wolten/ das es jhnen ſolte frey vnd vngewegert ſein/ entweder an den Hertzog als jhren Landesfuͤrſten/ oder an die von Luͤbeck/ wie ſie bißher gewohnet geweſen/ ſolches zu thun.,vnd bezahleten nicht alleine das angehaltene guth tewer genug ſondern erlegeten auch iij tauſend reinſche guͤlden strafe vnd ſtelleten es hinfort jhren buͤrgern frey wann ſie vom rath appelliren wolten das es jhnen ſolte frey vnd vngewegert ſein entweder an den hertzog als jhren landesfuͤrſten oder an die von luͤbeck wie ſie bißher gewohnet geweſen ſolches zu thun,und bezahleten nicht alleine das angehaltene guth tewer genug sondern erlegeten auch iii tausend reinsche gulden strafe und stelleten es hinfort ihren burgern frey wann sie uom rath appelliren wolten das es ihnen solte frey und ungewegert sein entweder an den hertzog als ihren landesfursten oder an die uon lubeck wie sie bissher gewohnet gewesen solches zu thun
micraelius_pommernland03_1639,body,207,7,False,490,Ob nun wol durch ſolche Vertraͤge die Jrrunge gehoben/ ſo iſt doch jmmerfort ein diſputat aus vorgeſagten der Sundiſchen Privilegien vnd jetztgemeldten Vertraͤgen geblieben.,ob nun wol durch ſolche vertraͤge die jrrunge gehoben ſo iſt doch jmmerfort ein diſputat aus vorgeſagten der sundiſchen privilegien vnd jetztgemeldten vertraͤgen geblieben,ob nun wol durch solche uertrage die irrunge gehoben so ist doch immerfort ein disputat aus uorgesagten der sundischen priuilegien und ietztgemeldten uertragen geblieben
micraelius_pommernland03_1639,body,207,8,True,490,Denn der Zoll zu Wolgaſt dauchte den Strallſundiſchen zu hoch/ vnd iſt derſelbe endlich jhnen zur helffte gelaſſen.,denn der zoll zu wolgaſt dauchte den strallſundiſchen zu hoch vnd iſt derſelbe endlich jhnen zur helffte gelaſſen,denn der zoll zu wolgast dauchte den strallsundischen zu hoch und ist derselbe endlich ihnen zur helffte gelassen
micraelius_pommernland03_1639,body,208,0,False,490,So ſein auch newe Zwiſtigkeiten wegen der geſtrandeten Guͤter/ des Zolles/ apprehenſion des Adels/ ſo auff Straſſenraub vnd Diebſtall betroffen/ Jtem wegen der Folge vnd Dienſte/ damit ſie dem Landsfuͤrſten verwand/ entſtanden.,so ſein auch newe zwiſtigkeiten wegen der geſtrandeten guͤter des zolles apprehenſion des adels ſo auff straſſenraub vnd diebſtall betroffen jtem wegen der folge vnd dienſte damit ſie dem landsfuͤrſten verwand entſtanden,so sein auch newe zwistigkeiten wegen der gestrandeten guter des zolles apprehension des adels so auff strassenraub und diebstall betroffen item wegen der folge und dienste damit sie dem landsfursten uerwand entstanden
micraelius_pommernland03_1639,body,208,1,False,490,Vnd weil vnter andern Privilegien auch befindlich/ das die vom Sunde auſſerhalb der Stadt in frembde Gerichte nicht ſolten gefordert werden/ haben ſie ſolchen Punct auch ſo weit außgedaͤhnet/ das ſie/ wann Jemand von jhnen/ als ein Zeuge/ Kundſchafft zugeben/ vor das Fuͤrſtliche Hoffgerichte gefordert worden/ denſelben zuerſcheinen gehindert.,vnd weil vnter andern privilegien auch befindlich das die vom sunde auſſerhalb der stadt in frembde gerichte nicht ſolten gefordert werden haben ſie ſolchen punct auch ſo weit außgedaͤhnet das ſie wann jemand von jhnen als ein zeuge kundſchafft zugeben vor das fuͤrſtliche hoffgerichte gefordert worden denſelben zuerſcheinen gehindert,und weil unter andern priuilegien auch befindlich das die uom sunde ausserhalb der stadt in frembde gerichte nicht solten gefordert werden haben sie solchen punct auch so weit aussgedahnet das sie wann iemand uon ihnen als ein zeuge kundschafft zugeben uor das furstliche hoffgerichte gefordert worden denselben zuerscheinen gehindert
micraelius_pommernland03_1639,body,208,2,False,490,Wolten haben/ der Landsfuͤrſte ſolte dißfals in Subſidium vor jhnen in der Stadt auff zugeſchickete Artikul vnd Fragſtuͤck die Zeugen verhoͤren laſſen.,wolten haben der landsfuͤrſte ſolte dißfals in subſidium vor jhnen in der stadt auff zugeſchickete artikul vnd fragſtuͤck die zeugen verhoͤren laſſen,wolten haben der landsfurste solte dissfals in subsidium uor ihnen in der stadt auff zugeschickete artikul und fragstuck die zeugen uerhoren lassen
micraelius_pommernland03_1639,body,208,3,False,490,Welches aber die Hertzogen fuͤr eine Verſchmelerung jhrer Hoheit geachtet/ vnd der Stadt nicht geſtanden/ das jhr Hoffgericht ein frembd Gericht ſolte geheiſſen/ oder das Privilegium wider der Fuͤrſten Hoheit/ von denen es herruͤhrete/ extendiret werden.,welches aber die hertzogen fuͤr eine verſchmelerung jhrer hoheit geachtet vnd der stadt nicht geſtanden das jhr hoffgericht ein frembd gericht ſolte geheiſſen oder das privilegium wider der fuͤrſten hoheit von denen es herruͤhrete extendiret werden,welches aber die hertzogen fur eine uerschmelerung ihrer hoheit geachtet und der stadt nicht gestanden das ihr hoffgericht ein frembd gericht solte geheissen oder das priuilegium wider der fursten hoheit uon denen es herruhrete extendiret werden
micraelius_pommernland03_1639,body,208,4,False,490,Wie dieſe vnd andere Streitigkeiten/ die zwiſchen den Stralſundiſchen/ vnd der Ritterſchafft ſich eraͤuget/ (weil bißweilen etliche von Adel vnd jhre Vnterthanen in der Stadt in Schuldſachen arreſtieret vnd angehalten warden/ biß ſie bezahlet/ vnd die Buͤrger bißweilen/ den Landvoygt in Ruͤgen vnerſuchet/ ausfielen/ vnd die Leute pfaͤndeten) bis ins mdcxv. Jahr gewehret/ vnd damahls erſtlich aus dem grunde gehoben vnd beygeleget ſein/ wollen wir als dann ſagen/ wenn wir bis an die Beſchreibung ſolcher Zeit kommen.,wie dieſe vnd andere streitigkeiten die zwiſchen den stralſundiſchen vnd der ritterſchafft ſich eraͤuget weil bißweilen etliche von adel vnd jhre vnterthanen in der stadt in schuldſachen arreſtieret vnd angehalten warden biß ſie bezahlet vnd die buͤrger bißweilen den landvoygt in ruͤgen vnerſuchet ausfielen vnd die leute pfaͤndeten bis ins mdcxv jahr gewehret vnd damahls erſtlich aus dem grunde gehoben vnd beygeleget ſein wollen wir als dann ſagen wenn wir bis an die beſchreibung ſolcher zeit kommen,wie diese und andere streitigkeiten die zwischen den stralsundischen und der ritterschafft sich erauget weil bissweilen etliche uon adel und ihre unterthanen in der stadt in schuldsachen arrestieret und angehalten warden biss sie bezahlet und die burger bissweilen den landuoygt in rugen unersuchet ausfielen und die leute pfandeten bis ins mdcxu iahr gewehret und damahls erstlich aus dem grunde gehoben und beygeleget sein wollen wir als dann sagen wenn wir bis an die beschreibung solcher zeit kommen
micraelius_pommernland03_1639,body,208,5,False,491,Mit gemelter Transaction aber zwiſchen dem Fuͤrſten vnd der Stadt war der Koͤnig aus Dennemarck noch nicht geſaͤttiget/ ſondern nam erſtlich den Sundiſchen zwey jhrer vornehmſten Kriegesſchiffe mit Geſchuͤtz vnd Volck woll beladen.,mit gemelter transaction aber zwiſchen dem fuͤrſten vnd der stadt war der koͤnig aus dennemarck noch nicht geſaͤttiget ſondern nam erſtlich den sundiſchen zwey jhrer vornehmſten kriegesſchiffe mit geſchuͤtz vnd volck woll beladen,mit gemelter transaction aber zwischen dem fursten und der stadt war der konig aus dennemarck noch nicht gesattiget sondern nam erstlich den sundischen zwey ihrer uornehmsten kriegesschiffe mit geschutz und uolck woll beladen
micraelius_pommernland03_1639,body,208,6,False,491,Hernach ſchickete er v. tauſend Mann auff das Land zu Ruͤgen/ vnd lies alle Sundiſche Guͤter auspochen vnd pluͤndern/ vnd da der Sundiſchen etwa tauſend Buͤrger ausfielen/ vnwiſſend/ wie ſtarck der Feind were/ hetten ſie faſt alle einbuͤſſen muͤſſen/ wann nicht Godeke von der Oſten/ jhnen die Bothe/ Kahne/ vnd Schuten/ die ſie aus gar zu groſſer Hoffnung zum Siege/ vnd jhre Volck zum fechten tapferer dadurch zu machen/ zu ruͤcke ſollen geſchicket haben/ wiederumb zur Hand geſchaffet hette/ darauff ſie ſich in der Flucht mit hinterlaſſung xx. Buͤrger/ vnd etlicher Stuͤcke Geſchuͤtzes ſalvieret haben.,hernach ſchickete er v tauſend mann auff das land zu ruͤgen vnd lies alle sundiſche guͤter auspochen vnd pluͤndern vnd da der sundiſchen etwa tauſend buͤrger ausfielen vnwiſſend wie ſtarck der feind were hetten ſie faſt alle einbuͤſſen muͤſſen wann nicht godeke von der oſten jhnen die bothe kahne vnd schuten die ſie aus gar zu groſſer hoffnung zum siege vnd jhre volck zum fechten tapferer dadurch zu machen zu ruͤcke ſollen geſchicket haben wiederumb zur hand geſchaffet hette darauff ſie ſich in der flucht mit hinterlaſſung xx buͤrger vnd etlicher stuͤcke geſchuͤtzes ſalvieret haben,hernach schickete er u tausend mann auff das land zu rugen und lies alle sundische guter auspochen und plundern und da der sundischen etwa tausend burger ausfielen unwissend wie starck der feind were hetten sie fast alle einbussen mussen wann nicht godeke uon der osten ihnen die bothe kahne und schuten die sie aus gar zu grosser hoffnung zum siege und ihre uolck zum fechten tapferer dadurch zu machen zu rucke sollen geschicket haben wiederumb zur hand geschaffet hette darauff sie sich in der flucht mit hinterlassung xx burger und etlicher stucke geschutzes saluieret haben
micraelius_pommernland03_1639,body,208,7,False,491,Solchen Schaden erſetzeten ſie an etlichen Hollaͤndiſchen/ Stetiniſchen/ vnd Koͤnigsbergiſchen Schiffen/ die den Dennemaͤrckern/ als den domahligen Sundiſchen vnd Hanſeeſtaͤtiſchen Feinden/ Proviant vnd Wahre zufuͤhreten/ vnd bekamen alſo an Korn/ Hering/ Hopfen/ Laken/ Bier/ auch etlichen Silberkuchen/ zimlichen Vorrath.,solchen schaden erſetzeten ſie an etlichen hollaͤndiſchen stetiniſchen vnd koͤnigsbergiſchen schiffen die den dennemaͤrckern als den domahligen sundiſchen vnd hanſeeſtaͤtiſchen feinden proviant vnd wahre zufuͤhreten vnd bekamen alſo an korn hering hopfen laken bier auch etlichen silberkuchen zimlichen vorrath,solchen schaden ersetzeten sie an etlichen hollandischen stetinischen und konigsbergischen schiffen die den dennemarckern als den domahligen sundischen und hanseestatischen feinden prouiant und wahre zufuhreten und bekamen also an korn hering hopfen laken bier auch etlichen silberkuchen zimlichen uorrath
micraelius_pommernland03_1639,body,208,8,False,492,Endlich als die Luͤbecker zweymahl wider des Koͤniges aus Dennemarck Schiffe/ vnter Bornholm vnd Keyle/ geſieget/ vnd ſie in die Flucht gebracht/ iſt auch dieſe Fehde zu Flensburg beygeleget/ vnd den Staͤdten vom Koͤnige jhre alte Gerechtigkeit gelaſſen worden.,endlich als die luͤbecker zweymahl wider des koͤniges aus dennemarck schiffe vnter bornholm vnd keyle geſieget vnd ſie in die flucht gebracht iſt auch dieſe fehde zu flensburg beygeleget vnd den staͤdten vom koͤnige jhre alte gerechtigkeit gelaſſen worden,endlich als die lubecker zweymahl wider des koniges aus dennemarck schiffe unter bornholm und keyle gesieget und sie in die flucht gebracht ist auch diese fehde zu flensburg beygeleget und den stadten uom konige ihre alte gerechtigkeit gelassen worden
micraelius_pommernland03_1639,body,208,9,True,492,Wie vmb dieſe Zeit ein Crucifix/ das ein Weib/ vnd jhre Sohn/ ein Prieſter/ mit Huͤnerblut gefuͤllet/ das es durch die Wurmſtichige Loͤcher durchdringen muſte/ Erſtlich als ein Wunderzeichen von den Muͤnchen angenommen/ vnd hernach der Betrug offenbahret iſt/ erzehlet Cramerus/ bey deme man alles leſen mag.,wie vmb dieſe zeit ein crucifix das ein weib vnd jhre sohn ein prieſter mit huͤnerblut gefuͤllet das es durch die wurmſtichige loͤcher durchdringen muſte erſtlich als ein wunderzeichen von den muͤnchen angenommen vnd hernach der betrug offenbahret iſt erzehlet cramerus bey deme man alles leſen mag,wie umb diese zeit ein crucifix das ein weib und ihre sohn ein priester mit hunerblut gefullet das es durch die wurmstichige locher durchdringen muste erstlich als ein wunderzeichen uon den munchen angenommen und hernach der betrug offenbahret ist erzehlet cramerus bey deme man alles lesen mag
micraelius_pommernland03_1639,body,209,0,False,492,Hertzog Bogislaffen aber wuchs kurtz hernach im mdxij. Jahr eine Gelegenheit in die Hand/ den Luͤbeckern zu weiſen/ wie groſſe Herren lange Haͤnde haben.,hertzog bogislaffen aber wuchs kurtz hernach im mdxij jahr eine gelegenheit in die hand den luͤbeckern zu weiſen wie groſſe herren lange haͤnde haben,hertzog bogislaffen aber wuchs kurtz hernach im mdxii iahr eine gelegenheit in die hand den lubeckern zu weisen wie grosse herren lange hande haben
micraelius_pommernland03_1639,body,209,1,True,492,Denn da ein Luͤbiſch Schiff mit koͤſtlichen Rauch- vnd anderen Wahren beladen/ das man wol auff lxxx. tauſend Guͤlden ſchaͤtzete/ durch ein Vngewitter an den Strand bey Stolp geſchlagen war/ hielt er ſolches an/ vnd wolte nichts davon loß geben/ biß die von Luͤbeck auff einen angeſetzten Tag zu Greiffswald ſich ſtelleten/ vnd jhme xx. Jahr lang/ alle Jahr cc. etliche ſagen nur c. Goldguͤlden zu geben ſich verpflichteten/ vnd dabeneben ſich abſageten/ dergleichen Stuͤcke/ wie zuvor in der Sundiſchen Sache geſchehen war/ nicht mehr wider die Pommerſche Fuͤrſten vorzunehmen.,denn da ein luͤbiſch schiff mit koͤſtlichen rauch vnd anderen wahren beladen das man wol auff lxxx tauſend guͤlden ſchaͤtzete durch ein vngewitter an den strand bey stolp geſchlagen war hielt er ſolches an vnd wolte nichts davon loß geben biß die von luͤbeck auff einen angeſetzten tag zu greiffswald ſich ſtelleten vnd jhme xx jahr lang alle jahr cc etliche ſagen nur c goldguͤlden zu geben ſich verpflichteten vnd dabeneben ſich abſageten dergleichen stuͤcke wie zuvor in der sundiſchen sache geſchehen war nicht mehr wider die pommerſche fuͤrſten vorzunehmen,denn da ein lubisch schiff mit kostlichen rauch und anderen wahren beladen das man wol auff lxxx tausend gulden schatzete durch ein ungewitter an den strand bey stolp geschlagen war hielt er solches an und wolte nichts dauon loss geben biss die uon lubeck auff einen angesetzten tag zu greiffswald sich stelleten und ihme xx iahr lang alle iahr cc etliche sagen nur c goldgulden zu geben sich uerpflichteten und dabeneben sich absageten dergleichen stucke wie zuuor in der sundischen sache geschehen war nicht mehr wider die pommersche fursten uorzunehmen
micraelius_pommernland03_1639,body,210,0,False,492,Als nun Hertzog Bogislaff vberall in ſeinem Alter Ruhe zu haben vermeinete/ auch die Zwiſtigkeiten zwiſchen jhm vnd der Cron Polen/ vnd inſonderheit der Stadt Dantzig wegen der verloffenen Bawren vnd Straſſenraͤuber durch Doͤring Ramel/ vnd Georg Kleiſt zu Coͤnitz im mdv. Jahr nach Wunſch beygeleget/ imgleichen ſeine zwo Toͤchter wol ausgeſtewret/ vnd ſeinem aͤltiſten Sohne Hertzog Georgio ein Fraͤwlein aus der Pfaltz beygeleget hette/ vnd durch denſelben ſchon Gros Vater war/ vnd ſeine Frewde an den Jungen Herrlein Philippo I. ſahe/ ſiehe/ ſo muſte er noch fuͤr ſeinem Ende allerley Vngemach erfahren.,als nun hertzog bogislaff vberall in ſeinem alter ruhe zu haben vermeinete auch die zwiſtigkeiten zwiſchen jhm vnd der cron polen vnd inſonderheit der stadt dantzig wegen der verloffenen bawren vnd straſſenraͤuber durch doͤring ramel vnd georg kleiſt zu coͤnitz im mdv jahr nach wunſch beygeleget imgleichen ſeine zwo toͤchter wol ausgeſtewret vnd ſeinem aͤltiſten sohne hertzog georgio ein fraͤwlein aus der pfaltz beygeleget hette vnd durch denſelben ſchon gros vater war vnd ſeine frewde an den jungen herrlein philippo i ſahe ſiehe ſo muſte er noch fuͤr ſeinem ende allerley vngemach erfahren,als nun hertzog bogislaff uberall in seinem alter ruhe zu haben uermeinete auch die zwistigkeiten zwischen ihm und der cron polen und insonderheit der stadt dantzig wegen der uerloffenen bawren und strassenrauber durch doring ramel und georg kleist zu conitz im mdu iahr nach wunsch beygeleget imgleichen seine zwo tochter wol ausgestewret und seinem altisten sohne hertzog georgio ein frawlein aus der pfaltz beygeleget hette und durch denselben schon gros uater war und seine frewde an den iungen herrlein philippo i sahe siehe so muste er noch fur seinem ende allerley ungemach erfahren
micraelius_pommernland03_1639,body,210,1,False,493,Erſtlich ſtuͤrtzet ſein Sohn Caſimirus der Achte/ ſonſt ein ſehr anſehnlicher Herr/ aber der dem Vater wegen gar zu groſſer Beliebung des Geſoͤffes nicht gefallen wolte/ im xxiv. Jahr ſeines Alters/ eine Steige bey Abends zeit herunter/ vnd nimpt den Todt davon.,erſtlich ſtuͤrtzet ſein sohn caſimirus der achte ſonſt ein ſehr anſehnlicher herr aber der dem vater wegen gar zu groſſer beliebung des geſoͤffes nicht gefallen wolte im xxiv jahr ſeines alters eine steige bey abends zeit herunter vnd nimpt den todt davon,erstlich sturtzet sein sohn casimirus der achte sonst ein sehr ansehnlicher herr aber der dem uater wegen gar zu grosser beliebung des gesoffes nicht gefallen wolte im xxiu iahr seines alters eine steige bey abends zeit herunter und nimpt den todt dauon
micraelius_pommernland03_1639,body,210,2,False,493,Folgends im mdxviij. Jahr giengen jhm ſeine liebſte Raͤthe Werner von der Schulenburg/ vnd Georg Kleiſt/ vnd Hennig Steinweer kurtz nach einander ab/ vnd ſchlichen bey jhm ſolche Venusbruͤder ein/ die jhme anlaß zur Buhlerey vnd einem weitlaͤufftigen Leben gaben.,folgends im mdxviij jahr giengen jhm ſeine liebſte raͤthe werner von der schulenburg vnd georg kleiſt vnd hennig steinweer kurtz nach einander ab vnd ſchlichen bey jhm ſolche venusbruͤder ein die jhme anlaß zur buhlerey vnd einem weitlaͤufftigen leben gaben,folgends im mdxuiii iahr giengen ihm seine liebste rathe werner uon der schulenburg und georg kleist und hennig steinweer kurtz nach einander ab und schlichen bey ihm solche uenusbruder ein die ihme anlass zur buhlerey und einem weitlaufftigen leben gaben
micraelius_pommernland03_1639,body,210,3,False,493,Druͤber blieb das Juſtitien Werck beliegen/ vnd ward allerley Vngemach faſt auff eine Zeit auff allen ſeiten gaͤnge.,druͤber blieb das juſtitien werck beliegen vnd ward allerley vngemach faſt auff eine zeit auff allen ſeiten gaͤnge,druber blieb das iustitien werck beliegen und ward allerley ungemach fast auff eine zeit auff allen seiten gange
micraelius_pommernland03_1639,body,210,4,False,493,Erſtlich hauſiereten die Straſſen Raͤuber vnd Puſch Reuter vbel im Land/ die Greger Matern/ der in Dantzig wegen deſſen/ das er einen Schiffer auff oͤffentlicher Gaſſen vberfallen/ vnd verwundet hette/ nicht kommen durffte/ den Dantzigkern zu wider geſamlet/ vnd mit jhnen alle Straſſen vnſicher gemachet/ auch durch Mordbrenner Fewr angeleget hette.,erſtlich hauſiereten die straſſen raͤuber vnd puſch reuter vbel im land die greger matern der in dantzig wegen deſſen das er einen schiffer auff oͤffentlicher gaſſen vberfallen vnd verwundet hette nicht kommen durffte den dantzigkern zu wider geſamlet vnd mit jhnen alle straſſen vnſicher gemachet auch durch mordbrenner fewr angeleget hette,erstlich hausiereten die strassen rauber und pusch reuter ubel im land die greger matern der in dantzig wegen dessen das er einen schiffer auff offentlicher gassen uberfallen und uerwundet hette nicht kommen durffte den dantzigkern zu wider gesamlet und mit ihnen alle strassen unsicher gemachet auch durch mordbrenner fewr angeleget hette
micraelius_pommernland03_1639,body,210,5,False,493,Als aber derſelbe/ nach deme er vij. Jahr ſolch Handwerck getrieben hette/ endlich in der Schleſien gefangen/ vnd als ein Friedbrecher gerichtet ward/ warff ſich ſein Bruder Simon Matern den Dantzigkern zum Feinde auff/ raubete auff ſie/ wo er koͤnte/ hielt ſich gemeiniglich im Stifft zu Cam̃in/ vnd in der Marck auff/ vnd brachte etliche Junge Adelburſche an ſich/ vnd ſtreiffetenun nicht mehr auff die Dantziger Kaufleute allein/ ſondern nam/ was jhme im Felde vorkam/ mit groſſem Schaden der Reiſenden.,als aber derſelbe nach deme er vij jahr ſolch handwerck getrieben hette endlich in der schleſien gefangen vnd als ein friedbrecher gerichtet ward warff ſich ſein bruder simon matern den dantzigkern zum feinde auff raubete auff ſie wo er koͤnte hielt ſich gemeiniglich im stifft zu cam̃in vnd in der marck auff vnd brachte etliche junge adelburſche an ſich vnd ſtreiffetenun nicht mehr auff die dantziger kaufleute allein ſondern nam was jhme im felde vorkam mit groſſem schaden der reiſenden,als aber derselbe nach deme er uii iahr solch handwerck getrieben hette endlich in der schlesien gefangen und als ein friedbrecher gerichtet ward warff sich sein bruder simon matern den dantzigkern zum feinde auff raubete auff sie wo er konte hielt sich gemeiniglich im stifft zu cammin und in der marck auff und brachte etliche iunge adelbursche an sich und streiffetenun nicht mehr auff die dantziger kaufleute allein sondern nam was ihme im felde uorkam mit grossem schaden der reisenden
micraelius_pommernland03_1639,body,210,6,False,494,Zu jhm ſchlug ſich auch Hennig Loͤde wegen deſſen/ das die Collbergiſchen wegen bey gemeſſener Puſch Reuterey ſeinen Bruder Simon hatten hinrichten laſſen/ vnd da jhm deßwegen der Biſchoff ſein Guth Bublitz/ das er ſenem Bruder zuvor verkauffet hatte/ einziehen ließ/ vñ es anderweit Jacob Kleiſten verkaͤuffete/ fiel er dieſem Kleiſten ein/ nam jhn gefangen/ vnd beſchaͤtzete jhn hoch.,zu jhm ſchlug ſich auch hennig loͤde wegen deſſen das die collbergiſchen wegen bey gemeſſener puſch reuterey ſeinen bruder simon hatten hinrichten laſſen vnd da jhm deßwegen der biſchoff ſein guth bublitz das er ſenem bruder zuvor verkauffet hatte einziehen ließ vñ es anderweit jacob kleiſten verkaͤuffete fiel er dieſem kleiſten ein nam jhn gefangen vnd beſchaͤtzete jhn hoch,zu ihm schlug sich auch hennig lode wegen dessen das die collbergischen wegen bey gemessener pusch reuterey seinen bruder simon hatten hinrichten lassen und da ihm desswegen der bischoff sein guth bublitz das er senem bruder zuuor uerkauffet hatte einziehen liess und es anderweit iacob kleisten uerkauffete fiel er diesem kleisten ein nam ihn gefangen und beschatzete ihn hoch
micraelius_pommernland03_1639,body,210,7,False,494,Vnd ſolches that er auch bey den Collbergiſchen Buͤrgern.,vnd ſolches that er auch bey den collbergiſchen buͤrgern,und solches that er auch bey den collbergischen burgern
micraelius_pommernland03_1639,body,210,8,False,494,Die beyde vornembſte Capitaine vnter dieſen Puſch Reutern/ ſonſten von Adel/ haben ſich Hertzog Lollo/ vnd Hertzog Boreveit genennet: Die andere haben auch jhre ſonderbahre Zunahmen/ vnd Abzeichen gehabt/ vnd ſich den Bapſt/ Prieſter Johan/ vnd ſonſten genennet/ vnd viel vnſchuldige Leute betruͤbet.,die beyde vornembſte capitaine vnter dieſen puſch reutern ſonſten von adel haben ſich hertzog lollo vnd hertzog boreveit genennet die andere haben auch jhre ſonderbahre zunahmen vnd abzeichen gehabt vnd ſich den bapſt prieſter johan vnd ſonſten genennet vnd viel vnſchuldige leute betruͤbet,die beyde uornembste capitaine unter diesen pusch reutern sonsten uon adel haben sich hertzog lollo und hertzog boreueit genennet die andere haben auch ihre sonderbahre zunahmen und abzeichen gehabt und sich den bapst priester iohan und sonsten genennet und uiel unschuldige leute betrubet
micraelius_pommernland03_1639,body,210,9,False,494,Vnd ob wol der Hertzog jhrer viele erwiſchete/ ſie auch ſelbſt ſich vntereinander anfielen/ vnd ermordeten/ vnd theils durch Gottes ſonderliche Rache erſoffen/ theils ſonſten ſchaͤndlich vmbkamen/ ſo hat doch ſolch Vngeziefer bey des Hertzogen Leben nicht koͤnnen außgerottet werden/ vnd ſind die Straſſen vnd Zoͤlle wuͤſte worden/ vnd haben die Handelsleute vmb ſicherung willen newe Straſſen durch die Marck geſuchet/ dahin auch der Handel zu gleich in etwas eingefloſſen iſt.,vnd ob wol der hertzog jhrer viele erwiſchete ſie auch ſelbſt ſich vntereinander anfielen vnd ermordeten vnd theils durch gottes ſonderliche rache erſoffen theils ſonſten ſchaͤndlich vmbkamen ſo hat doch ſolch vngeziefer bey des hertzogen leben nicht koͤnnen außgerottet werden vnd ſind die straſſen vnd zoͤlle wuͤſte worden vnd haben die handelsleute vmb ſicherung willen newe straſſen durch die marck geſuchet dahin auch der handel zu gleich in etwas eingefloſſen iſt,und ob wol der hertzog ihrer uiele erwischete sie auch selbst sich untereinander anfielen und ermordeten und theils durch gottes sonderliche rache ersoffen theils sonsten schandlich umbkamen so hat doch solch ungeziefer bey des hertzogen leben nicht konnen aussgerottet werden und sind die strassen und zolle wuste worden und haben die handelsleute umb sicherung willen newe strassen durch die marck gesuchet dahin auch der handel zu gleich in etwas eingeflossen ist
micraelius_pommernland03_1639,body,210,10,False,495,Zu ſolcher Zeit ward auch ein vnſeglicher Muthwille von etlichen Kirchenbrechern/ in dieſen vnd benachbarten Laͤndern geuͤbet.,zu ſolcher zeit ward auch ein vnſeglicher muthwille von etlichen kirchenbrechern in dieſen vnd benachbarten laͤndern geuͤbet,zu solcher zeit ward auch ein unseglicher muthwille uon etlichen kirchenbrechern in diesen und benachbarten landern geubet
micraelius_pommernland03_1639,body,210,11,False,495,Der eine hieß Stortebeke/ der ander Clawes Wernicke/ die vhrigen zweene Clawes vnd Hans Damelaw.,der eine hieß stortebeke der ander clawes wernicke die vhrigen zweene clawes vnd hans damelaw,der eine hiess stortebeke der ander clawes wernicke die uhrigen zweene clawes und hans damelaw
micraelius_pommernland03_1639,body,210,12,False,495,Dieſe haben/ als ſie zu Stettin ergriffen/ bekand/ das ſie aus den Kirchen mdcxxxj. Kelche/ mit jhren Patenen/ xij. Monſtrantzen/ ix. ſilbern Olebuͤchſen geſtohlen/ iij. Muͤnche vnd ſo viel Prieſter vnd Knechte/ xij. Maͤnner/ viij. Frawen vnd Jungfrawen/ iiij. Schuͤler/ xxvij. Juden vmbbracht/ Jtem ſieben Maͤnner vnd vier Kinder in jhren Hauſe verbrand hetten.,dieſe haben als ſie zu stettin ergriffen bekand das ſie aus den kirchen mdcxxxj kelche mit jhren patenen xij monſtrantzen ix ſilbern olebuͤchſen geſtohlen iij muͤnche vnd ſo viel prieſter vnd knechte xij maͤnner viij frawen vnd jungfrawen iiij schuͤler xxvij juden vmbbracht jtem ſieben maͤnner vnd vier kinder in jhren hauſe verbrand hetten,diese haben als sie zu stettin ergriffen bekand das sie aus den kirchen mdcxxxi kelche mit ihren patenen xii monstrantzen ix silbern olebuchsen gestohlen iii munche und so uiel priester und knechte xii manner uiii frawen und iungfrawen iiii schuler xxuii iuden umbbracht item sieben manner und uier kinder in ihren hause uerbrand hetten
micraelius_pommernland03_1639,body,210,13,False,495,Vmb jhrentwillen ſind lxxx. Maͤnner/ iij. Prieſter/ xvij. Kuͤſter/ xviij. Frawen vnd Jungfrawen vnſchuldig gerichtet worden: Welches zweiffels ohne inſonderheit daher entſtanden iſt/ weil die Perſonen auff die wegen des Kirchen Raubes der Verdacht gefallen/ vnbedaͤchtlich auff die Folter gebracht ſein/ vnd in der Tortur vnd Marter lieber ſich in jhrer Vnſchuld ſchuldig machen wolten/ als ſich noch weiter peinigen laſſen.,vmb jhrentwillen ſind lxxx maͤnner iij prieſter xvij kuͤſter xviij frawen vnd jungfrawen vnſchuldig gerichtet worden welches zweiffels ohne inſonderheit daher entſtanden iſt weil die perſonen auff die wegen des kirchen raubes der verdacht gefallen vnbedaͤchtlich auff die folter gebracht ſein vnd in der tortur vnd marter lieber ſich in jhrer vnſchuld ſchuldig machen wolten als ſich noch weiter peinigen laſſen,umb ihrentwillen sind lxxx manner iii priester xuii kuster xuiii frawen und iungfrawen unschuldig gerichtet worden welches zweiffels ohne insonderheit daher entstanden ist weil die personen auff die wegen des kirchen raubes der uerdacht gefallen unbedachtlich auff die folter gebracht sein und in der tortur und marter lieber sich in ihrer unschuld schuldig machen wolten als sich noch weiter peinigen lassen
micraelius_pommernland03_1639,body,210,14,False,495,Dieſe Buben aber haben es mehrentheils alſo practiſieret/ das ſie mit Wagen vnd Pferden in den Laͤndern herumb fuhren/ vnd in ein Kramfaß einen vnter ſich verſchloͤſſen/ vnd als dann ſolch Faß mit der Kirchen Vorſteher wille/ in die Kirchen einſetzeten/ mit dem vorwenden/ es were in den Kruͤgen vnd Wirtshaͤuſern vnſicher.,dieſe buben aber haben es mehrentheils alſo practiſieret das ſie mit wagen vnd pferden in den laͤndern herumb fuhren vnd in ein kramfaß einen vnter ſich verſchloͤſſen vnd als dann ſolch faß mit der kirchen vorſteher wille in die kirchen einſetzeten mit dem vorwenden es were in den kruͤgen vnd wirtshaͤuſern vnſicher,diese buben aber haben es mehrentheils also practisieret das sie mit wagen und pferden in den landern herumb fuhren und in ein kramfass einen unter sich uerschlossen und als dann solch fass mit der kirchen uorsteher wille in die kirchen einsetzeten mit dem uorwenden es were in den krugen und wirtshausern unsicher
micraelius_pommernland03_1639,body,210,15,False,495,Alſo wahren jhnen nun keine Kirche zu feſte verſperret.,alſo wahren jhnen nun keine kirche zu feſte verſperret,also wahren ihnen nun keine kirche zu feste uersperret
micraelius_pommernland03_1639,body,210,16,False,495,Denn der im Kramfaſſe machete ſich des Nachtes heraus/ namb was jhm geliebete/ vnd ließ auch das Faß alſo gebrochen ſtehen.,denn der im kramfaſſe machete ſich des nachtes heraus namb was jhm geliebete vnd ließ auch das faß alſo gebrochen ſtehen,denn der im kramfasse machete sich des nachtes heraus namb was ihm geliebete und liess auch das fass also gebrochen stehen
micraelius_pommernland03_1639,body,210,17,False,495,Die andere beſchwerten ſich denn des Morgens mehr/ als die/ denen jhre Kirche beſtohlen war/ vnd ſtelleten ſich gar vngehalten/ daß jhnen das jhrige erbrochen/ vnd entfuͤhret were.,die andere beſchwerten ſich denn des morgens mehr als die denen jhre kirche beſtohlen war vnd ſtelleten ſich gar vngehalten daß jhnen das jhrige erbrochen vnd entfuͤhret were,die andere beschwerten sich denn des morgens mehr als die denen ihre kirche bestohlen war und stelleten sich gar ungehalten dass ihnen das ihrige erbrochen und entfuhret were
micraelius_pommernland03_1639,body,210,18,False,496,Einer vnter jhnen war ein Goldſchmid: Der ſetzete ſich bißweilen in eine Stadt/ als ein Zuckerſieder/ da er zugleich mit handelte/ vnd ſchmeltzete vnter ſolchem Deckel dz geſtohlene Silber nach ſeinem belieben/ vñ verhandelte es hernach.,einer vnter jhnen war ein goldſchmid der ſetzete ſich bißweilen in eine stadt als ein zuckerſieder da er zugleich mit handelte vnd ſchmeltzete vnter ſolchem deckel dz geſtohlene silber nach ſeinem belieben vñ verhandelte es hernach,einer unter ihnen war ein goldschmid der setzete sich bissweilen in eine stadt als ein zuckersieder da er zugleich mit handelte und schmeltzete unter solchem deckel dz gestohlene silber nach seinem belieben und uerhandelte es hernach
micraelius_pommernland03_1639,body,210,19,False,496,Endlich da ſie den Scheffel jhrer Boßheit gnugſam gefuͤllet hetten/ iſt in der Marck ein Schuͤler von Stettin Johannes an ſie gerathen/ der ſie doch nicht kante/ vnd als ſie nach verrichteter Dieberey dieſen im Stiche lieſſen/ iſt er auch zwar auff die Folter gekom̃en/ aber durch gewiſſere Nachricht wider loßgelaſſen.,endlich da ſie den scheffel jhrer boßheit gnugſam gefuͤllet hetten iſt in der marck ein schuͤler von stettin johannes an ſie gerathen der ſie doch nicht kante vnd als ſie nach verrichteter dieberey dieſen im stiche lieſſen iſt er auch zwar auff die folter gekom̃en aber durch gewiſſere nachricht wider loßgelaſſen,endlich da sie den scheffel ihrer bossheit gnugsam gefullet hetten ist in der marck ein schuler uon stettin iohannes an sie gerathen der sie doch nicht kante und als sie nach uerrichteter dieberey diesen im stiche liessen ist er auch zwar auff die folter gekommen aber durch gewissere nachricht wider lossgelassen
micraelius_pommernland03_1639,body,210,20,True,496,Derſelbe hat ſie endlich/ da ſie auch nach Stettin angelanget/ vnd allda die S. Peters Kirche beym Thor brechen wolten/ gekennet/ ſie angegeben/ vnd alſo befordert/ das ſie jhren Lohn bekommen haben.,derſelbe hat ſie endlich da ſie auch nach stettin angelanget vnd allda die s peters kirche beym thor brechen wolten gekennet ſie angegeben vnd alſo befordert das ſie jhren lohn bekommen haben,derselbe hat sie endlich da sie auch nach stettin angelanget und allda die s peters kirche beym thor brechen wolten gekennet sie angegeben und also befordert das sie ihren lohn bekommen haben
micraelius_pommernland03_1639,body,211,0,False,496,Dabeneben fiel auch die beſchwerliche Zwietracht mit Graff Wolffen von Newgarten ein.,dabeneben fiel auch die beſchwerliche zwietracht mit graff wolffen von newgarten ein,dabeneben fiel auch die beschwerliche zwietracht mit graff wolffen uon newgarten ein
micraelius_pommernland03_1639,body,211,1,False,496,Derſelbe hette durch ſeinen Bruder Graff Georgen/ der beym Churfuͤrſten Joachimo von Brandenburg zu Hofe dienete/ durch Kaͤyſerliche vnd anderer Fuͤrſten Vorſchrifften beym Bapſt erhalten/ das er Biſchoff Martino Carith/ der nunmehr alt war/ im Biſthumb folgen ſolte.,derſelbe hette durch ſeinen bruder graff georgen der beym churfuͤrſten joachimo von brandenburg zu hofe dienete durch kaͤyſerliche vnd anderer fuͤrſten vorſchrifften beym bapſt erhalten das er biſchoff martino carith der nunmehr alt war im biſthumb folgen ſolte,derselbe hette durch seinen bruder graff georgen der beym churfursten ioachimo uon brandenburg zu hofe dienete durch kayserliche und anderer fursten uorschrifften beym bapst erhalten das er bischoff martino carith der nunmehr alt war im bisthumb folgen solte
micraelius_pommernland03_1639,body,211,2,True,496,Solches koͤnte der Hertzog/ als des Stifftes Patron/ nicht guth heiſſen noch geſtaten/ vnd hat Eraſmum Manteuffeln ſeinen Hoffrath/ der zuvor ſeines Sohnes Georgii Præceptor geweſen/ zum Coadjutoren geordnet/ vnd durch ſeinen Land Rentmeiſter Niclas Garvin viij. tauſend Guͤlden dem Bapſt/ das er damit zu frieden were/ in den Rachen geſchoben; Die Graffen aber mit dem Staͤdlein Maſſow/ vnd des Stifftes antheil an der Quarckenburg beguͤtiget.,solches koͤnte der hertzog als des stifftes patron nicht guth heiſſen noch geſtaten vnd hat eraſmum manteuffeln ſeinen hoffrath der zuvor ſeines sohnes georgii præceptor geweſen zum coadjutoren geordnet vnd durch ſeinen land rentmeiſter niclas garvin viij tauſend guͤlden dem bapſt das er damit zu frieden were in den rachen geſchoben die graffen aber mit dem staͤdlein maſſow vnd des stifftes antheil an der quarckenburg beguͤtiget,solches konte der hertzog als des stifftes patron nicht guth heissen noch gestaten und hat erasmum manteuffeln seinen hoffrath der zuuor seines sohnes georgii praeceptor gewesen zum coadiutoren geordnet und durch seinen land rentmeister niclas garuin uiii tausend gulden dem bapst das er damit zu frieden were in den rachen geschoben die graffen aber mit dem stadlein massow und des stifftes antheil an der quarckenburg begutiget
micraelius_pommernland03_1639,body,212,0,False,497,Endlich ließ ſich auch ein Vnwille vnd Mißverſtand auffs newe zwiſchen dem Churfuͤrſten vnd dem Hertzogen blicken/ vnd die alte verlegene Streitigkeiten warden wiederumb herfuͤr geſuchet/ vnd newe mit vntergemiſchet/ daruͤber auch der Pomeriſche Adel faſt ſchwuͤrig ward/ vnd alle Dinge ein weit Auſſehen gewonnen.,endlich ließ ſich auch ein vnwille vnd mißverſtand auffs newe zwiſchen dem churfuͤrſten vnd dem hertzogen blicken vnd die alte verlegene streitigkeiten warden wiederumb herfuͤr geſuchet vnd newe mit vntergemiſchet daruͤber auch der pomeriſche adel faſt ſchwuͤrig ward vnd alle dinge ein weit auſſehen gewonnen,endlich liess sich auch ein unwille und missuerstand auffs newe zwischen dem churfursten und dem hertzogen blicken und die alte uerlegene streitigkeiten warden wiederumb herfur gesuchet und newe mit untergemischet daruber auch der pomerische adel fast schwurig ward und alle dinge ein weit aussehen gewonnen
micraelius_pommernland03_1639,body,212,1,False,497,Als aber im Jahr mdxxj. Kaͤyſer Carl der Fuͤnffte einen Reichstag nach Wormbs außſchrieb/ auff welchen lxxx. Fuͤrſten/ cxxx. Graffen/ xv. vornehmer Provinzen Legaten/ vnd der Freyherren vnd des Adels eine trefliche Menge ſollen beyeinander geweſen ſein/ hat ſich daſelbſt auch vnſer Bogislaff mit ſeinem Sohne Georgio geſtellet/ vnd die Lehen von Kayſ. Mayt. vnd dem Roͤmiſchen Reiche/ wie ſeine Vorfahren/ entpfangen/ vnd im folgenden Reichstag zu Nuͤrnberg ſeine ordinar Seſsion/ vnter den Staͤnden des Reiches eingenommen.,als aber im jahr mdxxj kaͤyſer carl der fuͤnffte einen reichstag nach wormbs außſchrieb auff welchen lxxx fuͤrſten cxxx graffen xv vornehmer provinzen legaten vnd der freyherren vnd des adels eine trefliche menge ſollen beyeinander geweſen ſein hat ſich daſelbſt auch vnſer bogislaff mit ſeinem sohne georgio geſtellet vnd die lehen von kayſ mayt vnd dem roͤmiſchen reiche wie ſeine vorfahren entpfangen vnd im folgenden reichstag zu nuͤrnberg ſeine ordinar seſsion vnter den staͤnden des reiches eingenommen,als aber im iahr mdxxi kayser carl der funffte einen reichstag nach wormbs aussschrieb auff welchen lxxx fursten cxxx graffen xu uornehmer prouinzen legaten und der freyherren und des adels eine trefliche menge sollen beyeinander gewesen sein hat sich daselbst auch unser bogislaff mit seinem sohne georgio gestellet und die lehen uon kays mayt und dem romischen reiche wie seine uorfahren entpfangen und im folgenden reichstag zu nurnberg seine ordinar session unter den standen des reiches eingenommen
micraelius_pommernland03_1639,body,212,2,False,497,Dagegen brachte der Churfuͤrſt von Brandenburg/ der dasmahl/ als der Hertzog die Lehen vber Pommern erhielt/ abweſend war/ ſeine Anſprach an Pommern fuͤr/ vnd da jhme das Haus Pommern ſolche nicht geſtendig war/ ward die gantze Sache zu einer Commiſſion gegen Nuͤrnberg verabſcheidet.,dagegen brachte der churfuͤrſt von brandenburg der dasmahl als der hertzog die lehen vber pommern erhielt abweſend war ſeine anſprach an pommern fuͤr vnd da jhme das haus pommern ſolche nicht geſtendig war ward die gantze sache zu einer commiſſion gegen nuͤrnberg verabſcheidet,dagegen brachte der churfurst uon brandenburg der dasmahl als der hertzog die lehen uber pommern erhielt abwesend war seine ansprach an pommern fur und da ihme das haus pommern solche nicht gestendig war ward die gantze sache zu einer commission gegen nurnberg uerabscheidet
micraelius_pommernland03_1639,body,212,3,False,497,Ehe aber dieſelbe vorgenommen ward/ iſt der Handel in einem guͤtlichen Tage vnd Verhoͤr zu Prentzlow eroͤrtert worden.,ehe aber dieſelbe vorgenommen ward iſt der handel in einem guͤtlichen tage vnd verhoͤr zu prentzlow eroͤrtert worden,ehe aber dieselbe uorgenommen ward ist der handel in einem gutlichen tage und uerhor zu prentzlow erortert worden
micraelius_pommernland03_1639,body,212,4,False,497,Aber ſolche Tagefahrt zergieng vnfruchtbarlich/ vnd alſo ſetzeten ſich/ nach dem die Tageſetzung der Commiſſion ſchon dreymahl verhindert war/ Don Fendinand Kaͤyſ. Mayt.,aber ſolche tagefahrt zergieng vnfruchtbarlich vnd alſo ſetzeten ſich nach dem die tageſetzung der commiſſion ſchon dreymahl verhindert war don fendinand kaͤyſ mayt,aber solche tagefahrt zergieng unfruchtbarlich und also setzeten sich nach dem die tagesetzung der commission schon dreymahl uerhindert war don fendinand kays mayt
micraelius_pommernland03_1639,body,212,5,False,498,Bruder vnd Statthalter/ vnd die andere Chur- vnd Fuͤrſten/ ſo zum Kaͤyſerlichen Regiment im Reich gehoͤrig/ zu Nuͤrnberg den xvj. Martij im mdxxiij. Jahr zu Commiſſarien nieder/ vnd Doctor Johan Zaͤch Magdeburgiſcher Cantzler fieng an im Namen des Churfuͤrſten/ das Wort zu fuͤhren/ vnd berieff ſich auff die zwiſchen beyden Haͤuſern auffgerichtete Vertraͤge vnnd Kaͤyſerliche Begnadungen/ darauß befindlich/ das alle Pommerſche Laͤnder dem Marggraͤflichen Hauſe mit allen Herꝛligkeiten zuſtehen/ vnd die Lehen von demſelben herruͤhren.,bruder vnd statthalter vnd die andere chur vnd fuͤrſten ſo zum kaͤyſerlichen regiment im reich gehoͤrig zu nuͤrnberg den xvj martij im mdxxiij jahr zu commiſſarien nieder vnd doctor johan zaͤch magdeburgiſcher cantzler fieng an im namen des churfuͤrſten das wort zu fuͤhren vnd berieff ſich auff die zwiſchen beyden haͤuſern auffgerichtete vertraͤge vnnd kaͤyſerliche begnadungen darauß befindlich das alle pommerſche laͤnder dem marggraͤflichen hauſe mit allen herꝛligkeiten zuſtehen vnd die lehen von demſelben herruͤhren,bruder und statthalter und die andere chur und fursten so zum kayserlichen regiment im reich gehorig zu nurnberg den xui martii im mdxxiii iahr zu commissarien nieder und doctor iohan zach magdeburgischer cantzler fieng an im namen des churfursten das wort zu fuhren und berieff sich auff die zwischen beyden hausern auffgerichtete uertrage unnd kayserliche begnadungen darauss befindlich das alle pommersche lander dem marggraflichen hause mit allen herligkeiten zustehen und die lehen uon demselben herruhren
micraelius_pommernland03_1639,body,212,6,False,498,Zog zum beweis an/ daß das Churfuͤrſtliche Haus ſolche Gerechtigkeit geruhiglich bis daher beſeſſen; Das die Hertzogen ſolches in dem Vertrage zu Prentzlow im Jahr mdj. offentlich bekennet/ das ſie auch ſolche Lehen von den Churfuͤrſten vnterſchiedliche mahl geſuchet vnd empfangen/ das die Landſchafft in Pommern daruͤber Bekentnis außgegeben/ vnd endlich das gegenwertiger Hertzog ſelbſt ſich verbuͤmdlich gemachet/ von niemand anders/ als vom Hauſe Brandenburg die Lehen zu empfangen.,zog zum beweis an daß das churfuͤrſtliche haus ſolche gerechtigkeit geruhiglich bis daher beſeſſen das die hertzogen ſolches in dem vertrage zu prentzlow im jahr mdj offentlich bekennet das ſie auch ſolche lehen von den churfuͤrſten vnterſchiedliche mahl geſuchet vnd empfangen das die landſchafft in pommern daruͤber bekentnis außgegeben vnd endlich das gegenwertiger hertzog ſelbſt ſich verbuͤmdlich gemachet von niemand anders als vom hauſe brandenburg die lehen zu empfangen,zog zum beweis an dass das churfurstliche haus solche gerechtigkeit geruhiglich bis daher besessen das die hertzogen solches in dem uertrage zu prentzlow im iahr mdi offentlich bekennet das sie auch solche lehen uon den churfursten unterschiedliche mahl gesuchet und empfangen das die landschafft in pommern daruber bekentnis aussgegeben und endlich das gegenwertiger hertzog selbst sich uerbumdlich gemachet uon niemand anders als uom hause brandenburg die lehen zu empfangen
micraelius_pommernland03_1639,body,212,7,False,498,Weil den nun derſelbe/ ſolches vngeachtet/ die Lehen vber Pommern von Kaͤyſ. Mayt. auff dem juͤngſt gehaltenen Reichstag zu Wormbs in abweſen des Churfuͤrſten erhalten/ auch darauff eine Seſsion im folgenden Reichstag zu Nurnberg/ vnter den Staͤnden des Reiches genommen; Als bat obgemelter Magdeburgiſcher Cantzler ſeines Churfuͤrſten Reicht zu ſchuͤtzen.,weil den nun derſelbe ſolches vngeachtet die lehen vber pommern von kaͤyſ mayt auff dem juͤngſt gehaltenen reichstag zu wormbs in abweſen des churfuͤrſten erhalten auch darauff eine seſsion im folgenden reichstag zu nurnberg vnter den staͤnden des reiches genommen als bat obgemelter magdeburgiſcher cantzler ſeines churfuͤrſten reicht zu ſchuͤtzen,weil den nun derselbe solches ungeachtet die lehen uber pommern uon kays mayt auff dem iungst gehaltenen reichstag zu wormbs in abwesen des churfursten erhalten auch darauff eine session im folgenden reichstag zu nurnberg unter den standen des reiches genommen als bat obgemelter magdeburgischer cantzler seines churfursten reicht zu schutzen
micraelius_pommernland03_1639,body,212,8,False,498,Nun hette der Hertzog ſich bey Koͤmigen/ vnd anderen vielen vmb Advocaten vnd Redner beworben.,nun hette der hertzog ſich bey koͤmigen vnd anderen vielen vmb advocaten vnd redner beworben,nun hette der hertzog sich bey komigen und anderen uielen umb aduocaten und redner beworben
micraelius_pommernland03_1639,body,212,9,False,499,Dieſelbe aber waren theils durch Leibsbloͤdigkeit/ theils aus Ehehafften ausgeblieben/ theils noch vnterwegens/ theils auch/ denen er ſchon Beſoldung zugeſtellet/ jhme abgewand/ das er alſo faſt niemand bey ſich hette/ der des Handels etwas berichtet were/ vnd davon Vortrag thun koͤnte.,dieſelbe aber waren theils durch leibsbloͤdigkeit theils aus ehehafften ausgeblieben theils noch vnterwegens theils auch denen er ſchon beſoldung zugeſtellet jhme abgewand das er alſo faſt niemand bey ſich hette der des handels etwas berichtet were vnd davon vortrag thun koͤnte,dieselbe aber waren theils durch leibsblodigkeit theils aus ehehafften ausgeblieben theils noch unterwegens theils auch denen er schon besoldung zugestellet ihme abgewand das er also fast niemand bey sich hette der des handels etwas berichtet were und dauon uortrag thun konte
micraelius_pommernland03_1639,body,212,10,True,499,Doch vnternahm ſich D. Florentz von Femmingen/ des Pfalzgraͤfiſchen Churfuͤrſten Cantzler/ als Beyſtand/ von wegen jetztgenandten Churfuͤrſten/ des Handels/ begehrete Abſchrifft des Vertrages/ den der Churfuͤrſt aus Brandenburg hette thun laſſen/ bat etliche Tage Termin zulaſſen/ damit der Hertzog ſich moͤchte weiter vmb Jemand darzu geſchicket vmbthun/ vnd denſelbigen des Handels berichten/ auch wie der Churfuͤrſt gethan/ ſeine Nothturfft muͤndlich vnd ſchrifftlich fuͤrtragen laſſen.,doch vnternahm ſich d florentz von femmingen des pfalzgraͤfiſchen churfuͤrſten cantzler als beyſtand von wegen jetztgenandten churfuͤrſten des handels begehrete abſchrifft des vertrages den der churfuͤrſt aus brandenburg hette thun laſſen bat etliche tage termin zulaſſen damit der hertzog ſich moͤchte weiter vmb jemand darzu geſchicket vmbthun vnd denſelbigen des handels berichten auch wie der churfuͤrſt gethan ſeine nothturfft muͤndlich vnd ſchrifftlich fuͤrtragen laſſen,doch unternahm sich d florentz uon femmingen des pfalzgrafischen churfursten cantzler als beystand uon wegen ietztgenandten churfursten des handels begehrete abschrifft des uertrages den der churfurst aus brandenburg hette thun lassen bat etliche tage termin zulassen damit der hertzog sich mochte weiter umb iemand darzu geschicket umbthun und denselbigen des handels berichten auch wie der churfurst gethan seine nothturfft mundlich und schrifftlich furtragen lassen
micraelius_pommernland03_1639,body,213,0,False,499,Als nun der Termin bis auff den xxj. Martij auffgeſchoben ward/ vnd gleichwol die Botſchafften noch nicht alle angekommen/ auch die Redener ausgeblieben waren/ brachte der Pfaltzgraͤfiſche Cantzler fuͤr: Der Hertzog von Pommern hette nie wider Zuſage gethan: Verdienete viel mehr wegen deſſen/ das ſeine Vorfahren/ vnd er/ dem Churfuͤrſten ſo ſtattliche Angefaͤlle/ die wol mit einem kleinen Koͤnigreiche zuvergleichen/ verſchrieben/ lauter Vndanck/ vnd wuͤrde daruͤber außgetragen/ als wenn er wider Brieff vnd Siegel gehandelt hette.,als nun der termin bis auff den xxj martij auffgeſchoben ward vnd gleichwol die botſchafften noch nicht alle angekommen auch die redener ausgeblieben waren brachte der pfaltzgraͤfiſche cantzler fuͤr der hertzog von pommern hette nie wider zuſage gethan verdienete viel mehr wegen deſſen das ſeine vorfahren vnd er dem churfuͤrſten ſo ſtattliche angefaͤlle die wol mit einem kleinen koͤnigreiche zuvergleichen verſchrieben lauter vndanck vnd wuͤrde daruͤber außgetragen als wenn er wider brieff vnd siegel gehandelt hette,als nun der termin bis auff den xxi martii auffgeschoben ward und gleichwol die botschafften noch nicht alle angekommen auch die redener ausgeblieben waren brachte der pfaltzgrafische cantzler fur der hertzog uon pommern hette nie wider zusage gethan uerdienete uiel mehr wegen dessen das seine uorfahren und er dem churfursten so stattliche angefalle die wol mit einem kleinen konigreiche zuuergleichen uerschrieben lauter undanck und wurde daruber aussgetragen als wenn er wider brieff und siegel gehandelt hette
micraelius_pommernland03_1639,body,213,1,False,499,Folgends bewies gemelter Cantzler fuͤnff Punct/ als 1. das der Hertzog viel mehr Vrſach wider den Churfuͤrſten/ Brieff vnd Siegel halben/ zu klagen hette/ weil der Churfuͤrſt ſich zwar nichtes wider Pommern zuthun/ vnd wo ja Jrrungen zuwuͤchſen/ ſolche/ laut gewiſſer Außtraͤge/ beyzulegen verbunden hette/ vnd doch nichtes deſtoweniger Handlunge wider Pommern fuͤrnehme/ auch nach deſſelben Schloſſer/ Land vnd Leute ſtuͤnde/ vnd derer etliche noch innen hette/ ja auch an dem hoͤchſten Cleinod der Ehren jhn antaſtete.,folgends bewies gemelter cantzler fuͤnff punct als das der hertzog viel mehr vrſach wider den churfuͤrſten brieff vnd siegel halben zu klagen hette weil der churfuͤrſt ſich zwar nichtes wider pommern zuthun vnd wo ja jrrungen zuwuͤchſen ſolche laut gewiſſer außtraͤge beyzulegen verbunden hette vnd doch nichtes deſtoweniger handlunge wider pommern fuͤrnehme auch nach deſſelben schloſſer land vnd leute ſtuͤnde vnd derer etliche noch innen hette ja auch an dem hoͤchſten cleinod der ehren jhn antaſtete,folgends bewies gemelter cantzler funff punct als das der hertzog uiel mehr ursach wider den churfursten brieff und siegel halben zu klagen hette weil der churfurst sich zwar nichtes wider pommern zuthun und wo ia irrungen zuwuchsen solche laut gewisser ausstrage beyzulegen uerbunden hette und doch nichtes destoweniger handlunge wider pommern furnehme auch nach desselben schlosser land und leute stunde und derer etliche noch innen hette ia auch an dem hochsten cleinod der ehren ihn antastete
micraelius_pommernland03_1639,body,213,2,False,500,Vbergab hiebey ein Claglibel/ darin ſich der Hertzog beklagete/ das der Churfuͤrſt etliche Kaͤyſ.,vbergab hiebey ein claglibel darin ſich der hertzog beklagete das der churfuͤrſt etliche kaͤyſ,ubergab hiebey ein claglibel darin sich der hertzog beklagete das der churfurst etliche kays
micraelius_pommernland03_1639,body,213,3,False,500,Briefe/ ſo an den Hertzogen von Stettin vnd Pommern abgegangen/ von den Kaͤyſerlichen Boten erfordert/ vnd angehalten/ vnd ſich dabey hoͤren laſſen/ Er ſey allein der Hertzog von Stettin vnd Pommern: Jtem/ das er ſich vnterſtunde/ den Hertzogen an ſeiner ſchuldigen Empfaͤngnus des Reiches Lehen vnd Regalien/ vnd an ſeiner Seßion/ vnd alſo Fuͤrſtlichen Ehren vnd Wuͤrden zu verhindern/ das er auch viele newe Zoͤlle auffrichtete/ die gemeine Straſſen/ ſo aus Polen auff Stettin als eine Niderlage giengen/ abtriebe/ vnd/ die Niderlage nach Franckfurt an der Oder zuwenden/ etliche Bruͤcken auff den gewoͤhnlichen Straſſen erbreche/ Straſſen Raͤuber in der Marck Vnterſchleiff vergoͤnnete.,briefe ſo an den hertzogen von stettin vnd pommern abgegangen von den kaͤyſerlichen boten erfordert vnd angehalten vnd ſich dabey hoͤren laſſen er ſey allein der hertzog von stettin vnd pommern jtem das er ſich vnterſtunde den hertzogen an ſeiner ſchuldigen empfaͤngnus des reiches lehen vnd regalien vnd an ſeiner seßion vnd alſo fuͤrſtlichen ehren vnd wuͤrden zu verhindern das er auch viele newe zoͤlle auffrichtete die gemeine straſſen ſo aus polen auff stettin als eine niderlage giengen abtriebe vnd die niderlage nach franckfurt an der oder zuwenden etliche bruͤcken auff den gewoͤhnlichen straſſen erbreche straſſen raͤuber in der marck vnterſchleiff vergoͤnnete,briefe so an den hertzogen uon stettin und pommern abgegangen uon den kayserlichen boten erfordert und angehalten und sich dabey horen lassen er sey allein der hertzog uon stettin und pommern item das er sich unterstunde den hertzogen an seiner schuldigen empfangnus des reiches lehen und regalien und an seiner session und also furstlichen ehren und wurden zu uerhindern das er auch uiele newe zolle auffrichtete die gemeine strassen so aus polen auff stettin als eine niderlage giengen abtriebe und die niderlage nach franckfurt an der oder zuwenden etliche brucken auff den gewohnlichen strassen erbreche strassen rauber in der marck unterschleiff uergonnete
micraelius_pommernland03_1639,body,213,4,False,500,II. Das Pommern anfaͤnglich gantz freye eigene Hertzog: vnd Fuͤrſtenthuͤme/ dem Reiche weder mit Dienſten/ noch ſonſt verwand geweſen/ vnd erſtlich Kaͤyſer Friderico dem Erſten vnd dem Roͤmiſche Reiche auffgetragen/ vnd von demſelben wider zu Lehen empfangen weren.,ii das pommern anfaͤnglich gantz freye eigene hertzog vnd fuͤrſtenthuͤme dem reiche weder mit dienſten noch ſonſt verwand geweſen vnd erſtlich kaͤyſer friderico dem erſten vnd dem roͤmiſche reiche auffgetragen vnd von demſelben wider zu lehen empfangen weren,ii das pommern anfanglich gantz freye eigene hertzog und furstenthume dem reiche weder mit diensten noch sonst uerwand gewesen und erstlich kayser friderico dem ersten und dem romische reiche auffgetragen und uon demselben wider zu lehen empfangen weren
micraelius_pommernland03_1639,body,213,5,False,500,III. Das die Pomriſche Lande drauff fuͤr vnd fuͤr vom Roͤmiſchen Reich zu Lehen getragen/ vnd empfangen weren/ außgenommen/ was man zuweilen mit gewaltſahmer Hand dagegen fuͤrgenommen hette.,iii das die pomriſche lande drauff fuͤr vnd fuͤr vom roͤmiſchen reich zu lehen getragen vnd empfangen weren außgenommen was man zuweilen mit gewaltſahmer hand dagegen fuͤrgenommen hette,iii das die pomrische lande drauff fur und fur uom romischen reich zu lehen getragen und empfangen weren aussgenommen was man zuweilen mit gewaltsahmer hand dagegen furgenommen hette
micraelius_pommernland03_1639,body,213,6,False,501,Vnd ob wol vom Kaͤyſer Friderico dem Dritten/ kein Lehens Brieff oder Ernewerung der Privilegien verhanden/ ſo habe zwar der Hertzog durch werbende Bottſchafften/ vnd ſonſten/ offt anwerbung thun laſſen: Sey aber jmmer aus verhinderung der Marggraffen verſchoben worden: Doch were endlich dem Hertzogen/ als er ſteiff bey gemeltem Kaͤyſer angehalten/ die Antwort geworden/ Jhr Kaͤyſerl. Mayt. wolle den Hertzogen belehnen: Ehe aber der Brieff verfertiget/ were der Kaͤyſer verſtorben.,vnd ob wol vom kaͤyſer friderico dem dritten kein lehens brieff oder ernewerung der privilegien verhanden ſo habe zwar der hertzog durch werbende bottſchafften vnd ſonſten offt anwerbung thun laſſen sey aber jmmer aus verhinderung der marggraffen verſchoben worden doch were endlich dem hertzogen als er ſteiff bey gemeltem kaͤyſer angehalten die antwort geworden jhr kaͤyſerl mayt wolle den hertzogen belehnen ehe aber der brieff verfertiget were der kaͤyſer verſtorben,und ob wol uom kayser friderico dem dritten kein lehens brieff oder ernewerung der priuilegien uerhanden so habe zwar der hertzog durch werbende bottschafften und sonsten offt anwerbung thun lassen sey aber immer aus uerhinderung der marggraffen uerschoben worden doch were endlich dem hertzogen als er steiff bey gemeltem kayser angehalten die antwort geworden ihr kayserl mayt wolle den hertzogen belehnen ehe aber der brieff uerfertiget were der kayser uerstorben
micraelius_pommernland03_1639,body,213,7,False,501,IV. Das der Hertzog nie wider die beſchriebene Vertraͤge gehandelt.,iv das der hertzog nie wider die beſchriebene vertraͤge gehandelt,iu das der hertzog nie wider die beschriebene uertrage gehandelt
micraelius_pommernland03_1639,body,213,8,False,501,Denn er hette gar einen andern Verſtand der Wort/ als der Churfuͤrſt.,denn er hette gar einen andern verſtand der wort als der churfuͤrſt,denn er hette gar einen andern uerstand der wort als der churfurst
micraelius_pommernland03_1639,body,213,9,False,501,Geſtehe den Poſſes demſelben nicht/ vnd ob ſchon der Churfuͤrſt eins an demſelben gehabt/ ſo hette er ſich doch deſſen begeben/ vnd den Anfall behalten.,geſtehe den poſſes demſelben nicht vnd ob ſchon der churfuͤrſt eins an demſelben gehabt ſo hette er ſich doch deſſen begeben vnd den anfall behalten,gestehe den posses demselben nicht und ob schon der churfurst eins an demselben gehabt so hette er sich doch dessen begeben und den anfall behalten
micraelius_pommernland03_1639,body,213,10,False,501,Vnd ob gleich die Wort in etlichen Vertraͤgen ſtuͤnden/ das die Lande vom Churfuͤrſten zu Lehen ruͤhren/ ſo ſeye doch der Hertzog damit nicht von deme/ was zuvor gehandelt/ abgegangen; Eine abgenoͤtigete Bekentnus/ vnd alſo der gantze Soldiniſche Vertrag/ ſey gar nichtig; Der Hertzog/ als dem Reiche verwand/ hette demſelben zu Nachtheil nichtes handeln koͤnnen/ vnd wo etwas geſchehen/ were es durch einen Jrꝛthumb vnnd Vnwiſſenheit geſchehen: Muͤſſen derowegen alle Wort der Vertraͤge nichtes auff ſich tragen/ als was von Rechten zu halten billig: Man geſtehe auch nicht/ das die Hertzogen von den Marggraffen Lehen empfangen haben.,vnd ob gleich die wort in etlichen vertraͤgen ſtuͤnden das die lande vom churfuͤrſten zu lehen ruͤhren ſo ſeye doch der hertzog damit nicht von deme was zuvor gehandelt abgegangen eine abgenoͤtigete bekentnus vnd alſo der gantze soldiniſche vertrag ſey gar nichtig der hertzog als dem reiche verwand hette demſelben zu nachtheil nichtes handeln koͤnnen vnd wo etwas geſchehen were es durch einen jrꝛthumb vnnd vnwiſſenheit geſchehen muͤſſen derowegen alle wort der vertraͤge nichtes auff ſich tragen als was von rechten zu halten billig man geſtehe auch nicht das die hertzogen von den marggraffen lehen empfangen haben,und ob gleich die wort in etlichen uertragen stunden das die lande uom churfursten zu lehen ruhren so seye doch der hertzog damit nicht uon deme was zuuor gehandelt abgegangen eine abgenotigete bekentnus und also der gantze soldinische uertrag sey gar nichtig der hertzog als dem reiche uerwand hette demselben zu nachtheil nichtes handeln konnen und wo etwas geschehen were es durch einen irthumb unnd unwissenheit geschehen mussen derowegen alle wort der uertrage nichtes auff sich tragen als was uon rechten zu halten billig man gestehe auch nicht das die hertzogen uon den marggraffen lehen empfangen haben
micraelius_pommernland03_1639,body,213,11,False,501,Man were wol damit vmbgangen/ aber Hertzog Bogiſtaus hette es verwehret/ vnd druͤber viele Schaden erlitten.,man were wol damit vmbgangen aber hertzog bogiſtaus hette es verwehret vnd druͤber viele schaden erlitten,man were wol damit umbgangen aber hertzog bogistaus hette es uerwehret und druber uiele schaden erlitten
micraelius_pommernland03_1639,body,213,12,False,502,Drumb muͤſſe auch alles/ was ſich die Landſchafft verſchrieben/ vom Angefell verſtanden werden: Vnd die Wort (von niemand zu Lehen zu empfahen) haben nicht die meinung/ das man ſie nicht vom Reiche entpfangen ſolte/ ſondern/ weil zu der Zeit/ als der Brieff auffgerichtet/ der Churfuͤrſt keine groͤſſere Fuͤrſorge getragen/ denn das die Pommerſche Lande moͤchten dem Koͤnige von Polen/ oder Boͤhmen/ oder Dennemarck außgegeben werden/ als hette er wollen fuͤrkom̃en/ vnd die Clauſul ſetzen (von niemand zu Lehen zu empfahen) Dann ja der Hertzog vorbehalten/ ſich gegen Kaͤyſerl. Mayt. gehorſamlich zuhalten; Vnd habe drumb ſich vom Reich nicht abſtricken koͤnnen/ habe auch die Lehen vom Reich erlanget/ dem Churfuͤrſten in petitorio vnd poſſeſſorio vnſchaͤdlich/ vnd allein zu ſeiner Gerechtigkeit.,drumb muͤſſe auch alles was ſich die landſchafft verſchrieben vom angefell verſtanden werden vnd die wort von niemand zu lehen zu empfahen haben nicht die meinung das man ſie nicht vom reiche entpfangen ſolte ſondern weil zu der zeit als der brieff auffgerichtet der churfuͤrſt keine groͤſſere fuͤrſorge getragen denn das die pommerſche lande moͤchten dem koͤnige von polen oder boͤhmen oder dennemarck außgegeben werden als hette er wollen fuͤrkom̃en vnd die clauſul ſetzen von niemand zu lehen zu empfahen dann ja der hertzog vorbehalten ſich gegen kaͤyſerl mayt gehorſamlich zuhalten vnd habe drumb ſich vom reich nicht abſtricken koͤnnen habe auch die lehen vom reich erlanget dem churfuͤrſten in petitorio vnd poſſeſſorio vnſchaͤdlich vnd allein zu ſeiner gerechtigkeit,drumb musse auch alles was sich die landschafft uerschrieben uom angefell uerstanden werden und die wort uon niemand zu lehen zu empfahen haben nicht die meinung das man sie nicht uom reiche entpfangen solte sondern weil zu der zeit als der brieff auffgerichtet der churfurst keine grossere fursorge getragen denn das die pommersche lande mochten dem konige uon polen oder bohmen oder dennemarck aussgegeben werden als hette er wollen furkommen und die clausul setzen uon niemand zu lehen zu empfahen dann ia der hertzog uorbehalten sich gegen kayserl mayt gehorsamlich zuhalten und habe drumb sich uom reich nicht abstricken konnen habe auch die lehen uom reich erlanget dem churfursten in petitorio und possessorio unschadlich und allein zu seiner gerechtigkeit
micraelius_pommernland03_1639,body,213,13,False,502,Vnd ſo er vom Kaͤyſer nicht ſolte die Lehen empfangen/ wer wolte jhme dann die Jurisdiction/ Obrigkeit/ vnd Gerechtigkeit zu richten zu ſtellen?,vnd ſo er vom kaͤyſer nicht ſolte die lehen empfangen wer wolte jhme dann die jurisdiction obrigkeit vnd gerechtigkeit zu richten zu ſtellen,und so er uom kayser nicht solte die lehen empfangen wer wolte ihme dann die iurisdiction obrigkeit und gerechtigkeit zu richten zu stellen
micraelius_pommernland03_1639,body,213,14,False,502,Das koͤnte von niemand anders/ als vom Kaͤyſer/ als vom Brunnen/ wo es Lehen iſt/ herruͤhren/ oder es muͤſte eigen ſeyn.,das koͤnte von niemand anders als vom kaͤyſer als vom brunnen wo es lehen iſt herruͤhren oder es muͤſte eigen ſeyn,das konte uon niemand anders als uom kayser als uom brunnen wo es lehen ist herruhren oder es muste eigen seyn
micraelius_pommernland03_1639,body,213,15,False,502,Vom Marggraffen koͤnne es nicht kommen/ denn derſelbe habe ſelbſt keine daran.,vom marggraffen koͤnne es nicht kommen denn derſelbe habe ſelbſt keine daran,uom marggraffen konne es nicht kommen denn derselbe habe selbst keine daran
micraelius_pommernland03_1639,body,213,16,False,502,V. Endlich das der Hertzog vnd ſeine Vor Eltern ſich allewege gegen Roͤm.,v endlich das der hertzog vnd ſeine vor eltern ſich allewege gegen roͤm,u endlich das der hertzog und seine uor eltern sich allewege gegen rom
micraelius_pommernland03_1639,body,213,17,False,502,Kaͤyſ. Mayt. vnd das Roͤmiſche Reich/ auch gegen Chur: vnd Fuͤrſten/ vnd maͤnniglichen/ beſonderlich gegen den Churfuͤrſten aus Brandenburg erbarlich verhalten/ vnd dannenher ein Fuͤrſte des Reichs in ſeiner Sesſion muͤſſe gelaſſen werden.,kaͤyſ mayt vnd das roͤmiſche reich auch gegen chur vnd fuͤrſten vnd maͤnniglichen beſonderlich gegen den churfuͤrſten aus brandenburg erbarlich verhalten vnd dannenher ein fuͤrſte des reichs in ſeiner sesſion muͤſſe gelaſſen werden,kays mayt und das romische reich auch gegen chur und fursten und manniglichen besonderlich gegen den churfursten aus brandenburg erbarlich uerhalten und dannenher ein furste des reichs in seiner session musse gelassen werden
micraelius_pommernland03_1639,body,213,18,True,502,Jm widrigen Falle koͤnne man leichtlich ermeſſen/ wohin er ſein Gemuͤth ſetzen werde.,jm widrigen falle koͤnne man leichtlich ermeſſen wohin er ſein gemuͤth ſetzen werde,im widrigen falle konne man leichtlich ermessen wohin er sein gemuth setzen werde
micraelius_pommernland03_1639,body,214,0,False,503,Auff dieſe Punct hat Doctor Zaͤch ordentlich geantwortet/ 1. Weſſen ſich der Churfuͤrſt in gewiſſen Verbuͤndniſſen vnd Schreiben verpflichtet/ beruͤhre nicht die Hertzogen von Wolgaſt/ vnd alſo nicht Hertzog Bogiſlaum/ ſondern die Stetiniſche Hertzoge/ derer Familij nach Abſterben Ottonis des Dritten verloſchen were.,auff dieſe punct hat doctor zaͤch ordentlich geantwortet weſſen ſich der churfuͤrſt in gewiſſen verbuͤndniſſen vnd schreiben verpflichtet beruͤhre nicht die hertzogen von wolgaſt vnd alſo nicht hertzog bogiſlaum ſondern die stetiniſche hertzoge derer familij nach abſterben ottonis des dritten verloſchen were,auff diese punct hat doctor zach ordentlich geantwortet wessen sich der churfurst in gewissen uerbundnissen und schreiben uerpflichtet beruhre nicht die hertzogen uon wolgast und also nicht hertzog bogislaum sondern die stetinische hertzoge derer familii nach absterben ottonis des dritten uerloschen were
micraelius_pommernland03_1639,body,214,1,False,503,Nach ſolcher Zeit weren andere Vertraͤge zwiſchen des Hertzogen vnd des Churfuͤrſten Vorfahren/ vnd jhnen ſelbſt auffgerichtet/ vnter des hette der Churfuͤrſt nichtes gehandelt/ das nicht mit Rechte geſchehen were.,nach ſolcher zeit weren andere vertraͤge zwiſchen des hertzogen vnd des churfuͤrſten vorfahren vnd jhnen ſelbſt auffgerichtet vnter des hette der churfuͤrſt nichtes gehandelt das nicht mit rechte geſchehen were,nach solcher zeit weren andere uertrage zwischen des hertzogen und des churfursten uorfahren und ihnen selbst auffgerichtet unter des hette der churfurst nichtes gehandelt das nicht mit rechte geschehen were
micraelius_pommernland03_1639,body,214,2,False,503,Er geſtehe zwar/ was im Claglibell verhalten/ das er habe Kaͤyſerlich Mandat vnd Briefe/ darin die Hertzogen von Stettin Pommern zu den Reichstagen erfordert waren/ auffgehalten/ aber das hette er aus Erlaubnis Kaͤyſer Maximiliani gethan/ der jhme zugeſaget/ das keine Briefe zur erfoͤrderung vnter die Staͤnde des Reichs an Pommern ſolten geſchrieben werden/ wo es aber geſchehe/ moͤchte er ſolche Briefe frey zu ſich nehmen vnd enthalten.,er geſtehe zwar was im claglibell verhalten das er habe kaͤyſerlich mandat vnd briefe darin die hertzogen von stettin pommern zu den reichstagen erfordert waren auffgehalten aber das hette er aus erlaubnis kaͤyſer maximiliani gethan der jhme zugeſaget das keine briefe zur erfoͤrderung vnter die staͤnde des reichs an pommern ſolten geſchrieben werden wo es aber geſchehe moͤchte er ſolche briefe frey zu ſich nehmen vnd enthalten,er gestehe zwar was im claglibell uerhalten das er habe kayserlich mandat und briefe darin die hertzogen uon stettin pommern zu den reichstagen erfordert waren auffgehalten aber das hette er aus erlaubnis kayser maximiliani gethan der ihme zugesaget das keine briefe zur erforderung unter die stande des reichs an pommern solten geschrieben werden wo es aber geschehe mochte er solche briefe frey zu sich nehmen und enthalten
micraelius_pommernland03_1639,body,214,3,False,503,Vnterdeſſen hette er die Mandata/ ſo der Dienſte/ vnd des Reichs Anſchlags halben ausgegangen waren/ vnverhindert folgen laſſen.,vnterdeſſen hette er die mandata ſo der dienſte vnd des reichs anſchlags halben ausgegangen waren vnverhindert folgen laſſen,unterdessen hette er die mandata so der dienste und des reichs anschlags halben ausgegangen waren unuerhindert folgen lassen
micraelius_pommernland03_1639,body,214,4,False,503,Pommern ſolle nicht das Lehen vom Reiche ſuchen/ auch keine Sesſion im Reiche haben/ laut der Kaͤyſerl.,pommern ſolle nicht das lehen vom reiche ſuchen auch keine sesſion im reiche haben laut der kaͤyſerl,pommern solle nicht das lehen uom reiche suchen auch keine session im reiche haben laut der kayserl
micraelius_pommernland03_1639,body,214,5,False,503,Begnadung/ vnd was wegen der Zoͤlle/ vnd ſchlieſſung etlicher Straſſen geſchehen/ were mit Kaͤyſerlicher Bewilligung geſchehen.,begnadung vnd was wegen der zoͤlle vnd ſchlieſſung etlicher straſſen geſchehen were mit kaͤyſerlicher bewilligung geſchehen,begnadung und was wegen der zolle und schliessung etlicher strassen geschehen were mit kayserlicher bewilligung geschehen
micraelius_pommernland03_1639,body,214,6,False,503,Vnd ob er ſchon den Golzen wegen einer Straſſen Raͤuberey Geleyt gegeben/ ſo were doch ſolches geſchehen/ weil ſie ſich erboten/ fuͤr dem Churfuͤrſten zu Gleich vnd Recht zuſtehen.,vnd ob er ſchon den golzen wegen einer straſſen raͤuberey geleyt gegeben ſo were doch ſolches geſchehen weil ſie ſich erboten fuͤr dem churfuͤrſten zu gleich vnd recht zuſtehen,und ob er schon den golzen wegen einer strassen rauberey geleyt gegeben so were doch solches geschehen weil sie sich erboten fur dem churfursten zu gleich und recht zustehen
micraelius_pommernland03_1639,body,214,7,False,504,II. Solcher Artikul were zu dieſer Sache vndienlich/ vnd die Chroniken/ die der Hertzog zum behulff angezogen/ weren nicht geſchicket/ das ſie zum Rechten gnugſahmen Beweisthumb geben koͤnten.,ii solcher artikul were zu dieſer sache vndienlich vnd die chroniken die der hertzog zum behulff angezogen weren nicht geſchicket das ſie zum rechten gnugſahmen beweisthumb geben koͤnten,ii solcher artikul were zu dieser sache undienlich und die chroniken die der hertzog zum behulff angezogen weren nicht geschicket das sie zum rechten gnugsahmen beweisthumb geben konten
micraelius_pommernland03_1639,body,214,8,False,504,Jhre Vnbeſtaͤndigkeit erhellete daraus/ das drin angezeiget wuͤrde/ als ſolten die Hertzogen von Pommern von Kaͤyſerlicher Mayeſtaͤt mit dem Wapen der Adler begabet ſein/ das doch nie ein Fuͤrſt gebrauchet.,jhre vnbeſtaͤndigkeit erhellete daraus das drin angezeiget wuͤrde als ſolten die hertzogen von pommern von kaͤyſerlicher mayeſtaͤt mit dem wapen der adler begabet ſein das doch nie ein fuͤrſt gebrauchet,ihre unbestandigkeit erhellete daraus das drin angezeiget wurde als solten die hertzogen uon pommern uon kayserlicher mayestat mit dem wapen der adler begabet sein das doch nie ein furst gebrauchet
micraelius_pommernland03_1639,body,214,9,False,504,Vberdas/ wovon die Chroniken reden/ das hette Bogislaus ſich nicht anzuziehen/ als ob es von ſeinen Vorfahren gehandelt were: Denn dieſelbe Linie were gantz verſtorben.,vberdas wovon die chroniken reden das hette bogislaus ſich nicht anzuziehen als ob es von ſeinen vorfahren gehandelt were denn dieſelbe linie were gantz verſtorben,uberdas wouon die chroniken reden das hette bogislaus sich nicht anzuziehen als ob es uon seinen uorfahren gehandelt were denn dieselbe linie were gantz uerstorben
micraelius_pommernland03_1639,body,214,10,False,504,III. Weil der Fall beruͤhrter Pommerſchen Laͤnder von Kaͤyſer Ludewig dem Brandenburgiſchen Hauſe heimbgeſtellet/ vnd durch den Todtsfall Ottonis des Dritten dieſelbe erledigt/ vnd frey/ loß vnd ledig geſtorben weren/ als hette Kaͤyſer Friderich auff ſolchen erledigten fall/ das Land dem Brandenburgiſchen Hauſe zu erkand.,iii weil der fall beruͤhrter pommerſchen laͤnder von kaͤyſer ludewig dem brandenburgiſchen hauſe heimbgeſtellet vnd durch den todtsfall ottonis des dritten dieſelbe erledigt vnd frey loß vnd ledig geſtorben weren als hette kaͤyſer friderich auff ſolchen erledigten fall das land dem brandenburgiſchen hauſe zu erkand,iii weil der fall beruhrter pommerschen lander uon kayser ludewig dem brandenburgischen hause heimbgestellet und durch den todtsfall ottonis des dritten dieselbe erledigt und frey loss und ledig gestorben weren als hette kayser friderich auff solchen erledigten fall das land dem brandenburgischen hause zu erkand
micraelius_pommernland03_1639,body,214,11,False,504,Erich vnd Wartislaus aber hetten ſich in des Chur Fuͤrſten abweſen mit der That hinein gedrungen/ vnd als ſie deßwegen durch eine peremtori Citaz geheiſchen vñ geladen/ weren ſie vngehorſamlich ansgeblieben: Drauff hette Kaͤyſer Friederich den Churfuͤrſten mit Pom̃ern belehnet/ vnd der Churfuͤrſt den Nahmen/ Titul vnd Wapen/ des Pommerlandes angenommen: Doch hette er wegen Einnehmung der Poſſeſsion/ daran er thaͤtlich von den Hertzogen von Barth vnd Wolgaſt verhindert were/ Erico vnd Wartislao nachgelaſſen/ das ſie die eingenommene Lande im Gebrauch behielten/ auff ſolche Pflicht vnd Zuſage/ das ſie ſolche Lande von dem Churfuͤrſtlichen Hauſe zu Lehen ſuchen vnd empfahen/ auch gebraͤuchliche Lehenpflicht dargegen thun ſolten/ laut des Vertrages zu Soldin auffgerichtet.,erich vnd wartislaus aber hetten ſich in des chur fuͤrſten abweſen mit der that hinein gedrungen vnd als ſie deßwegen durch eine peremtori citaz geheiſchen vñ geladen weren ſie vngehorſamlich ansgeblieben drauff hette kaͤyſer friederich den churfuͤrſten mit pom̃ern belehnet vnd der churfuͤrſt den nahmen titul vnd wapen des pommerlandes angenommen doch hette er wegen einnehmung der poſſeſsion daran er thaͤtlich von den hertzogen von barth vnd wolgaſt verhindert were erico vnd wartislao nachgelaſſen das ſie die eingenommene lande im gebrauch behielten auff ſolche pflicht vnd zuſage das ſie ſolche lande von dem churfuͤrſtlichen hauſe zu lehen ſuchen vnd empfahen auch gebraͤuchliche lehenpflicht dargegen thun ſolten laut des vertrages zu soldin auffgerichtet,erich und wartislaus aber hetten sich in des chur fursten abwesen mit der that hinein gedrungen und als sie desswegen durch eine peremtori citaz geheischen und geladen weren sie ungehorsamlich ansgeblieben drauff hette kayser friederich den churfursten mit pommern belehnet und der churfurst den nahmen titul und wapen des pommerlandes angenommen doch hette er wegen einnehmung der possession daran er thatlich uon den hertzogen uon barth und wolgast uerhindert were erico und wartislao nachgelassen das sie die eingenommene lande im gebrauch behielten auff solche pflicht und zusage das sie solche lande uon dem churfurstlichen hause zu lehen suchen und empfahen auch gebrauchliche lehenpflicht dargegen thun solten laut des uertrages zu soldin auffgerichtet
micraelius_pommernland03_1639,body,214,12,False,505,Vnd ob wol gemelte Fuͤrſten/ krafft deſſen/ die gebuͤhrliche Lehenspflicht gethan/ ſo hetten ſie doch deme zu widern/ nach ableiben Churfuͤrſt Friederichen/ von Churfuͤrſt Alberto die Lehen zu empfahen/ ſich verweigert.,vnd ob wol gemelte fuͤrſten krafft deſſen die gebuͤhrliche lehenspflicht gethan ſo hetten ſie doch deme zu widern nach ableiben churfuͤrſt friederichen von churfuͤrſt alberto die lehen zu empfahen ſich verweigert,und ob wol gemelte fursten krafft dessen die gebuhrliche lehenspflicht gethan so hetten sie doch deme zu widern nach ableiben churfurst friederichen uon churfurst alberto die lehen zu empfahen sich uerweigert
micraelius_pommernland03_1639,body,214,13,False,505,Drauff were es erſtlich zum Kriege/ vnd endlich zum Prentzlowiſchen Vertrage durch vnterhandlung Hertzog Heinrichs von Mechelenburg gerathen/ das die Hertzogen die Lehenſchafft der Lande empfahen/ vnd Lehenpflicht thun ſolten/ woruͤber auch Kaͤyſerliche Confirmation erfolget.,drauff were es erſtlich zum kriege vnd endlich zum prentzlowiſchen vertrage durch vnterhandlung hertzog heinrichs von mechelenburg gerathen das die hertzogen die lehenſchafft der lande empfahen vnd lehenpflicht thun ſolten woruͤber auch kaͤyſerliche confirmation erfolget,drauff were es erstlich zum kriege und endlich zum prentzlowischen uertrage durch unterhandlung hertzog heinrichs uon mechelenburg gerathen das die hertzogen die lehenschafft der lande empfahen und lehenpflicht thun solten woruber auch kayserliche confirmation erfolget
micraelius_pommernland03_1639,body,214,14,False,505,Bogislaus X. hette drauff nach ſeines Vatern Todte dem Vertrag nachzuſetzen ſich auch gewiedert/ Es were aber durch vnterhandlung Hertzog Albrechten vnd Magnuſſen/ Hertzogen von Mechelnburg/ abermahl zu Prentzlow ein Vertrag bethedingt vnd vollenzogen/ darin Bogislaus von Churfuͤrſt Albrechten die Lehen gleichmeſſig/ wie vor durch ſeinen Vater vnd Vetter geſchehen/ ein pfangen/ wie aus Hand vnd Siegel gemelter Me chelburgiſchen Fuͤrſten erſcheine.,bogislaus x hette drauff nach ſeines vatern todte dem vertrag nachzuſetzen ſich auch gewiedert es were aber durch vnterhandlung hertzog albrechten vnd magnuſſen hertzogen von mechelnburg abermahl zu prentzlow ein vertrag bethedingt vnd vollenzogen darin bogislaus von churfuͤrſt albrechten die lehen gleichmeſſig wie vor durch ſeinen vater vnd vetter geſchehen ein pfangen wie aus hand vnd siegel gemelter me chelburgiſchen fuͤrſten erſcheine,bogislaus x hette drauff nach seines uatern todte dem uertrag nachzusetzen sich auch gewiedert es were aber durch unterhandlung hertzog albrechten und magnussen hertzogen uon mechelnburg abermahl zu prentzlow ein uertrag bethedingt und uollenzogen darin bogislaus uon churfurst albrechten die lehen gleichmessig wie uor durch seinen uater und uetter geschehen ein pfangen wie aus hand und siegel gemelter me chelburgischen fursten erscheine
micraelius_pommernland03_1639,body,214,15,False,505,Johañes/ Albrech ten Sohn/ habe bey angehender Chur ſolche Lehenspflicht Bogiſlao freundlich erlaſſen/ auff ſolche maſſe/ das er an ſtatt derſelben eine Verſchreibung auffrichtete/ vnd darin bekandte/ wie die Lehen der Pommerſchen Lande vom Churfuͤrſtlichen Hauſe ruͤhre/ vnd ſich verpflichtete/ ſo offt ein Churfuͤrſt oder Hertzog abgieng/ ſolche Bekaͤntnus der Lehen zu ernewern/ vnd alſo von Niemand anders/ als vom Churfuͤrſten die Lehenſchafft aller ſeiner Laͤnder zu ſuchen.,johañes albrech ten sohn habe bey angehender chur ſolche lehenspflicht bogiſlao freundlich erlaſſen auff ſolche maſſe das er an ſtatt derſelben eine verſchreibung auffrichtete vnd darin bekandte wie die lehen der pommerſchen lande vom churfuͤrſtlichen hauſe ruͤhre vnd ſich verpflichtete ſo offt ein churfuͤrſt oder hertzog abgieng ſolche bekaͤntnus der lehen zu ernewern vnd alſo von niemand anders als vom churfuͤrſten die lehenſchafft aller ſeiner laͤnder zu ſuchen,iohannes albrech ten sohn habe bey angehender chur solche lehenspflicht bogislao freundlich erlassen auff solche masse das er an statt derselben eine uerschreibung auffrichtete und darin bekandte wie die lehen der pommerschen lande uom churfurstlichen hause ruhre und sich uerpflichtete so offt ein churfurst oder hertzog abgieng solche bekantnus der lehen zu ernewern und also uon niemand anders als uom churfursten die lehenschafft aller seiner lander zu suchen
micraelius_pommernland03_1639,body,214,16,False,506,Welcher Vertrag dann nicht alleine von Kaͤyſer Maximiliano beſtetiget/ vnd von der Landſchafft guth geheiſſen vnd vnterſchrieben/ ſondern auch an ſtatt der Jnveſtitur/ in angehender Regierung Churfuͤrſt Joachimi/ durch den Hertzogen vnd die Landſchafft zu Prentzlow im Jahr mdj. ernewret were.,welcher vertrag dann nicht alleine von kaͤyſer maximiliano beſtetiget vnd von der landſchafft guth geheiſſen vnd vnterſchrieben ſondern auch an ſtatt der jnveſtitur in angehender regierung churfuͤrſt joachimi durch den hertzogen vnd die landſchafft zu prentzlow im jahr mdj ernewret were,welcher uertrag dann nicht alleine uon kayser maximiliano bestetiget und uon der landschafft guth geheissen und unterschrieben sondern auch an statt der inuestitur in angehender regierung churfurst ioachimi durch den hertzogen und die landschafft zu prentzlow im iahr mdi ernewret were
micraelius_pommernland03_1639,body,214,17,False,506,Wie dann auch der Churfuͤrſt drauff alle Gerechtigkeiten/ Lehenſchafften vnd Herꝛligkeiten aller Pommerſchen Laͤnder/ von Kaͤyſer Carolo dem Fuͤnfften/ offentlich zu Wormbs vnter der Fahnen mit gebuͤhrender Solennitaͤt empfangen/ das dannenher der Hertzog deſtoweniger fug habe/ die Lehenſchafften vber Pommern von Kaͤyſ. Mayt. zuſuchen oder zu empfangen.,wie dann auch der churfuͤrſt drauff alle gerechtigkeiten lehenſchafften vnd herꝛligkeiten aller pommerſchen laͤnder von kaͤyſer carolo dem fuͤnfften offentlich zu wormbs vnter der fahnen mit gebuͤhrender solennitaͤt empfangen das dannenher der hertzog deſtoweniger fug habe die lehenſchafften vber pommern von kaͤyſ mayt zuſuchen oder zu empfangen,wie dann auch der churfurst drauff alle gerechtigkeiten lehenschafften und herligkeiten aller pommerschen lander uon kayser carolo dem funfften offentlich zu wormbs unter der fahnen mit gebuhrender solennitat empfangen das dannenher der hertzog destoweniger fug habe die lehenschafften uber pommern uon kays mayt zusuchen oder zu empfangen
micraelius_pommernland03_1639,body,214,18,False,506,IV. Der Churfuͤrſt habe die Poſſesſion ſchon mit Siegeln vnd Briefen bewieſen; Es ſeye nur die Form vnd Art der Jnveſtitur veraͤndert.,iv der churfuͤrſt habe die poſſesſion ſchon mit siegeln vnd briefen bewieſen es ſeye nur die form vnd art der jnveſtitur veraͤndert,iu der churfurst habe die possession schon mit siegeln und briefen bewiesen es seye nur die form und art der inuestitur uerandert
micraelius_pommernland03_1639,body,214,19,False,506,Vnter deß were der Vertrag/ darin die Bekentnus der Lehenſchafft/ ſo wol vom Hertzogen/ als von der Landſchafft verfaſſet/ mit guten bedacht ohne Zwang vollenzogen/ ernewert/ vnd mit gedoppeltem Conſens vernewert/ vnd beſtuͤnde in duͤrren klaren Worten/ vnd were weder ein vnwiſſend Jrꝛthumb drin/ noch etwas/ das dem Kaͤyſer oder Reiche nachtheilig were: Dann der Kaͤyſer hette jhn ja confirmieret/ vnd der Churfuͤrſt entzoͤge drin nichtes dem Reiche/ weil er die Pommerſche Lande vom Kaͤyſer zu Lehen truͤge/ vnd der Hertzog/ deme der Gebrauch deroſelben nachgelaſſen were/ mit den Dienſten/ von ſolchem Gebrauch dem Reiche zu thun/ an das Reich verweiſet wuͤrde.,vnter deß were der vertrag darin die bekentnus der lehenſchafft ſo wol vom hertzogen als von der landſchafft verfaſſet mit guten bedacht ohne zwang vollenzogen ernewert vnd mit gedoppeltem conſens vernewert vnd beſtuͤnde in duͤrren klaren worten vnd were weder ein vnwiſſend jrꝛthumb drin noch etwas das dem kaͤyſer oder reiche nachtheilig were dann der kaͤyſer hette jhn ja confirmieret vnd der churfuͤrſt entzoͤge drin nichtes dem reiche weil er die pommerſche lande vom kaͤyſer zu lehen truͤge vnd der hertzog deme der gebrauch deroſelben nachgelaſſen were mit den dienſten von ſolchem gebrauch dem reiche zu thun an das reich verweiſet wuͤrde,unter dess were der uertrag darin die bekentnus der lehenschafft so wol uom hertzogen als uon der landschafft uerfasset mit guten bedacht ohne zwang uollenzogen ernewert und mit gedoppeltem consens uernewert und bestunde in durren klaren worten und were weder ein unwissend irthumb drin noch etwas das dem kayser oder reiche nachtheilig were dann der kayser hette ihn ia confirmieret und der churfurst entzoge drin nichtes dem reiche weil er die pommersche lande uom kayser zu lehen truge und der hertzog deme der gebrauch deroselben nachgelassen were mit den diensten uon solchem gebrauch dem reiche zu thun an das reich uerweiset wurde
micraelius_pommernland03_1639,body,214,20,False,507,V. Es gezieme dem Hertzogen nicht ſich draͤwlich vernehmen zulaſſen/ wo man jhn beym Reich fuͤr einen Lehen Mann nicht leiden wolte/ das er ſein Fuͤrſtenthumb wider frey an ſich nehmen/ oder ſeines gefallens anderer Obrigkeit zuwenden wolle.,v es gezieme dem hertzogen nicht ſich draͤwlich vernehmen zulaſſen wo man jhn beym reich fuͤr einen lehen mann nicht leiden wolte das er ſein fuͤrſtenthumb wider frey an ſich nehmen oder ſeines gefallens anderer obrigkeit zuwenden wolle,u es gezieme dem hertzogen nicht sich drawlich uernehmen zulassen wo man ihn beym reich fur einen lehen mann nicht leiden wolte das er sein furstenthumb wider frey an sich nehmen oder seines gefallens anderer obrigkeit zuwenden wolle
micraelius_pommernland03_1639,body,214,21,False,507,Als der Churfuͤrſt alſo/ vber das/ daß er den Hertzogen von Pommern nicht fuͤr einen Fuͤrſten des Reichs erkennete/ jhn auch nunmehr nicht einen Fuͤrſten zu Stettin wolte ſein laſſen/ fieng Doctor Florentz an; Es were zu Rom einer geweſen/ der in dreyßig Jahren nicht habe reden koͤnnen: Seye aber/ da er viel vngereimbtes Dinges gehoͤret/ redend worden.,als der churfuͤrſt alſo vber das daß er den hertzogen von pommern nicht fuͤr einen fuͤrſten des reichs erkennete jhn auch nunmehr nicht einen fuͤrſten zu stettin wolte ſein laſſen fieng doctor florentz an es were zu rom einer geweſen der in dreyßig jahren nicht habe reden koͤnnen seye aber da er viel vngereimbtes dinges gehoͤret redend worden,als der churfurst also uber das dass er den hertzogen uon pommern nicht fur einen fursten des reichs erkennete ihn auch nunmehr nicht einen fursten zu stettin wolte sein lassen fieng doctor florentz an es were zu rom einer gewesen der in dreyssig iahren nicht habe reden konnen seye aber da er uiel ungereimbtes dinges gehoret redend worden
micraelius_pommernland03_1639,body,214,22,False,507,Er achtete auch/ wenn derſelbe Stumme hie were/ er wuͤrde auch redend werden/ vnd ein Blinder ſehend.,er achtete auch wenn derſelbe stumme hie were er wuͤrde auch redend werden vnd ein blinder ſehend,er achtete auch wenn derselbe stumme hie were er wurde auch redend werden und ein blinder sehend
micraelius_pommernland03_1639,body,214,23,False,507,Dann der Churfuͤrſt wolte nun auch/ vber das/ daß er den Hertzogen nicht hatte fuͤr einen Fuͤrſten des Reichs erkennet/ jhn auch nunmehr nicht fuͤr einen Fuͤrſten zu Stettin ſein laſſen/ vnd jhme gar nach ſeinen Ehren/ Wuͤrden/ vnd Stande ſtehen/ alſo das jhme faſt in ſolchem Wege noch wuͤrde ſein zu beweiſen/ ob er ein Thier oder Chriſten Menſch were.,dann der churfuͤrſt wolte nun auch vber das daß er den hertzogen nicht hatte fuͤr einen fuͤrſten des reichs erkennet jhn auch nunmehr nicht fuͤr einen fuͤrſten zu stettin ſein laſſen vnd jhme gar nach ſeinen ehren wuͤrden vnd stande ſtehen alſo das jhme faſt in ſolchem wege noch wuͤrde ſein zu beweiſen ob er ein thier oder chriſten menſch were,dann der churfurst wolte nun auch uber das dass er den hertzogen nicht hatte fur einen fursten des reichs erkennet ihn auch nunmehr nicht fur einen fursten zu stettin sein lassen und ihme gar nach seinen ehren wurden und stande stehen also das ihme fast in solchem wege noch wurde sein zu beweisen ob er ein thier oder christen mensch were
micraelius_pommernland03_1639,body,214,24,False,507,Bemuͤhete ſich darauff mit vielen/ vnd wol mit xx. oder xxj. gruͤnden zubeweiſen/ das Hertzog Bogiſlaus ein rechter geborner Fuͤrſt/ des Hauſes zu Stettin Pommern/ vnd einerley Stammes mit Hertzog Ottone dem Dritten ſeye.,bemuͤhete ſich darauff mit vielen vnd wol mit xx oder xxj gruͤnden zubeweiſen das hertzog bogiſlaus ein rechter geborner fuͤrſt des hauſes zu stettin pommern vnd einerley stammes mit hertzog ottone dem dritten ſeye,bemuhete sich darauff mit uielen und wol mit xx oder xxi grunden zubeweisen das hertzog bogislaus ein rechter geborner furst des hauses zu stettin pommern und einerley stammes mit hertzog ottone dem dritten seye
micraelius_pommernland03_1639,body,214,25,False,507,Hernach antwortete er auff die fuͤnff vorerwehnete Puncta/ vnd faſſete die Replica auff das Claglibel in eine Schrifft: Bewies/ das es weder in Kaͤyſerlichen Canzleyen befohlen/ noch vom Roͤmiſchen Kaͤyſer guth geheiſſen worden/ das Kaͤyſerliche Briefe an den Hertzogen gefertiget/ mit Gewalt den Boten abgenommen weren/ beſchwerte ſich nochmahln/ das der Churfuͤrſt den Hertzogen an empfahung der Lehen vnd Regalien/ vnd an der Seſſion verhinderte/ vnd die Briefe/ damit er dem Reiche vnd Kaͤyſer zun Ehren/ in ſeiner Seſſion auffzuwarten/ beruffen war/ hinterhalten hette: Geſtand auch nicht/ das die Newen Zoͤlle vnd ſchlieſſungen der Alten Straſſen mit verwilligung des Kaͤyſers geſchehen weren/ vnd wenn gleich der Kaͤyſer drin gewilliget/ das es dennoch wider die Vertraͤge vnd Verſchreibungen liefe.,hernach antwortete er auff die fuͤnff vorerwehnete puncta vnd faſſete die replica auff das claglibel in eine schrifft bewies das es weder in kaͤyſerlichen canzleyen befohlen noch vom roͤmiſchen kaͤyſer guth geheiſſen worden das kaͤyſerliche briefe an den hertzogen gefertiget mit gewalt den boten abgenommen weren beſchwerte ſich nochmahln das der churfuͤrſt den hertzogen an empfahung der lehen vnd regalien vnd an der seſſion verhinderte vnd die briefe damit er dem reiche vnd kaͤyſer zun ehren in ſeiner seſſion auffzuwarten beruffen war hinterhalten hette geſtand auch nicht das die newen zoͤlle vnd ſchlieſſungen der alten straſſen mit verwilligung des kaͤyſers geſchehen weren vnd wenn gleich der kaͤyſer drin gewilliget das es dennoch wider die vertraͤge vnd verſchreibungen liefe,hernach antwortete er auff die funff uorerwehnete puncta und fassete die replica auff das claglibel in eine schrifft bewies das es weder in kayserlichen canzleyen befohlen noch uom romischen kayser guth geheissen worden das kayserliche briefe an den hertzogen gefertiget mit gewalt den boten abgenommen weren beschwerte sich nochmahln das der churfurst den hertzogen an empfahung der lehen und regalien und an der session uerhinderte und die briefe damit er dem reiche und kayser zun ehren in seiner session auffzuwarten beruffen war hinterhalten hette gestand auch nicht das die newen zolle und schliessungen der alten strassen mit uerwilligung des kaysers geschehen weren und wenn gleich der kayser drin gewilliget das es dennoch wider die uertrage und uerschreibungen liefe
micraelius_pommernland03_1639,body,214,26,False,508,Sagte endlich/ das es ja vnleugbar were/ das Alexander von Goltzen etliche tauſend Guͤlden werth den Nuͤrnbergiſchen auff des Hertzogen Straſſen abgenommen/ vnd gleichwol Gelayt bekommen hette.,sagte endlich das es ja vnleugbar were das alexander von goltzen etliche tauſend guͤlden werth den nuͤrnbergiſchen auff des hertzogen straſſen abgenommen vnd gleichwol gelayt bekommen hette,sagte endlich das es ia unleugbar were das alexander uon goltzen etliche tausend gulden werth den nurnbergischen auff des hertzogen strassen abgenommen und gleichwol gelayt bekommen hette
micraelius_pommernland03_1639,body,214,27,False,508,Weiters bemuͤhet er ſich/ der Chroniken Glauben beyzubehalten/ vnd ſagete/ das Kaͤyſer Friderich der Erſte den Hertzogen wol habe einen Adler ins Wapen gegeben/ den ſie doch nicht haben wollen annehmen/ ſondern mit dem Greiffen zu frieden ſeyn.,weiters bemuͤhet er ſich der chroniken glauben beyzubehalten vnd ſagete das kaͤyſer friderich der erſte den hertzogen wol habe einen adler ins wapen gegeben den ſie doch nicht haben wollen annehmen ſondern mit dem greiffen zu frieden ſeyn,weiters bemuhet er sich der chroniken glauben beyzubehalten und sagete das kayser friderich der erste den hertzogen wol habe einen adler ins wapen gegeben den sie doch nicht haben wollen annehmen sondern mit dem greiffen zu frieden seyn
micraelius_pommernland03_1639,body,214,28,False,508,Er fuͤhrete ferner weitleufftigen/ vnd wol mit zwantzig Gruͤnden bewehrten Beweiß/ daß des Churfuͤrſten Briefe/ des Hertzogen Briefen nichtes entziehen/ vnd das Kaͤyſer Friederichs Briefe/ als vnbeſtaͤndig/ krafftlos/ vnnichtig/ vnd von einem/ der vnrecht berichtet were/ herruͤhrend/ dem Hertzogen nicht vmb einen Pfennig Nachtheil gebehren koͤnnen.,er fuͤhrete ferner weitleufftigen vnd wol mit zwantzig gruͤnden bewehrten beweiß daß des churfuͤrſten briefe des hertzogen briefen nichtes entziehen vnd das kaͤyſer friederichs briefe als vnbeſtaͤndig krafftlos vnnichtig vnd von einem der vnrecht berichtet were herruͤhrend dem hertzogen nicht vmb einen pfennig nachtheil gebehren koͤnnen,er fuhrete ferner weitleufftigen und wol mit zwantzig grunden bewehrten beweiss dass des churfursten briefe des hertzogen briefen nichtes entziehen und das kayser friederichs briefe als unbestandig krafftlos unnichtig und uon einem der unrecht berichtet were herruhrend dem hertzogen nicht umb einen pfennig nachtheil gebehren konnen
micraelius_pommernland03_1639,body,214,29,False,508,Setzete auch dieſes hinan/ das man es aus den Lehen Rechten darthun koͤnte/ wann ſchon der Stam̃ vnd Haus Stettin ausſtuͤrbe/ vnd die auffgerichteten Vertraͤge nicht weren/ das die Toͤchter auch erben moͤchten: Denn es were das Land der Vorfahren Eigenthumb geweſen/ vnd guthwillig auffgetragen/ vnd wider zu Lehen empfangen.,setzete auch dieſes hinan das man es aus den lehen rechten darthun koͤnte wann ſchon der stam̃ vnd haus stettin ausſtuͤrbe vnd die auffgerichteten vertraͤge nicht weren das die toͤchter auch erben moͤchten denn es were das land der vorfahren eigenthumb geweſen vnd guthwillig auffgetragen vnd wider zu lehen empfangen,setzete auch dieses hinan das man es aus den lehen rechten darthun konte wann schon der stamm und haus stettin aussturbe und die auffgerichteten uertrage nicht weren das die tochter auch erben mochten denn es were das land der uorfahren eigenthumb gewesen und guthwillig auffgetragen und wider zu lehen empfangen
micraelius_pommernland03_1639,body,214,30,False,509,Endlich antwortet er auff die Briefe/ ſo zwiſchen dem Churfuͤrſten vnd Hertzogen zu Prentzlow im Jahr mdj. auffgerichtet ſein/ vnd vermeldet/ das ob wol drin ſtehe/ das der Hertzog von Niemand anders die Lehen empfahen ſol/ dennoch auch dabeneben gemeldet were/ das der Hertzog mit allen ſeinen Landen vnd Leuten der Lehen halben ſol gefreyet ſeyn/ vnd am Reiche bleiben/ vnd auff erforderen des Kaͤyſers ſich gehorſamlich erzeigen/ das iſt/ ein Fuͤrſt des Reiches verbleiben/ vnd nicht als ein Stubenhitzer/ wie die Wort D. Florentzen lauten/ erſcheinen.,endlich antwortet er auff die briefe ſo zwiſchen dem churfuͤrſten vnd hertzogen zu prentzlow im jahr mdj auffgerichtet ſein vnd vermeldet das ob wol drin ſtehe das der hertzog von niemand anders die lehen empfahen ſol dennoch auch dabeneben gemeldet were das der hertzog mit allen ſeinen landen vnd leuten der lehen halben ſol gefreyet ſeyn vnd am reiche bleiben vnd auff erforderen des kaͤyſers ſich gehorſamlich erzeigen das iſt ein fuͤrſt des reiches verbleiben vnd nicht als ein stubenhitzer wie die wort d florentzen lauten erſcheinen,endlich antwortet er auff die briefe so zwischen dem churfursten und hertzogen zu prentzlow im iahr mdi auffgerichtet sein und uermeldet das ob wol drin stehe das der hertzog uon niemand anders die lehen empfahen sol dennoch auch dabeneben gemeldet were das der hertzog mit allen seinen landen und leuten der lehen halben sol gefreyet seyn und am reiche bleiben und auff erforderen des kaysers sich gehorsamlich erzeigen das ist ein furst des reiches uerbleiben und nicht als ein stubenhitzer wie die wort d florentzen lauten erscheinen
micraelius_pommernland03_1639,body,214,31,True,509,Geſtand derowegen nicht/ das die vernewerunge der Vertraͤge ſolte an ſtatt der Empfengnuͤs ſein/ vnd hette ſich der Churfuͤrſt ein mehrers behalten.,geſtand derowegen nicht das die vernewerunge der vertraͤge ſolte an ſtatt der empfengnuͤs ſein vnd hette ſich der churfuͤrſt ein mehrers behalten,gestand derowegen nicht das die uernewerunge der uertrage solte an statt der empfengnus sein und hette sich der churfurst ein mehrers behalten
micraelius_pommernland03_1639,body,215,0,False,509,"Hierauff hat D. Zaͤch ſeines Churfuͤrſten Nothturfft vnd Duplica ſchrifftlich vbergeben vnd verleſen laſſen/ vnd ſchlechter Dinge darauff gedrungen/ der Churfuͤrſt ſtehe in causâ retinendæ poſſeſſionis, vel quaſi, zu handhabung etlicher Vertraͤge vnd Verſchreibungen/ vnd were alſo gantz vnnoth/ von der Sippzahl oder der Succeſsion zu diſputiren.",hierauff hat d zaͤch ſeines churfuͤrſten nothturfft vnd duplica ſchrifftlich vbergeben vnd verleſen laſſen vnd ſchlechter dinge darauff gedrungen der churfuͤrſt ſtehe in causâ retinendæ poſſeſſionis vel quaſi zu handhabung etlicher vertraͤge vnd verſchreibungen vnd were alſo gantz vnnoth von der sippzahl oder der succeſsion zu diſputiren,hierauff hat d zach seines churfursten nothturfft und duplica schrifftlich ubergeben und uerlesen lassen und schlechter dinge darauff gedrungen der churfurst stehe in causa retinendae possessionis uel quasi zu handhabung etlicher uertrage und uerschreibungen und were also gantz unnoth uon der sippzahl oder der succession zu disputiren
micraelius_pommernland03_1639,body,215,1,False,509,Der Hertzog hat auch drauff ſchrifftlich in einer Triplica geantwortet/ vnd auch dieſelbe verleſen laſſen/ vnd weitlenfftig ausgefuͤhret/ das nicht der Churfuͤrſt/ ſondern der Kaͤyſer der Pommerſchen Laͤnder Proprietarius ſey/ vnd das der Hertzog mit nichten ein uſufructuarius ſeiner Lande koͤnne genennet werden.,der hertzog hat auch drauff ſchrifftlich in einer triplica geantwortet vnd auch dieſelbe verleſen laſſen vnd weitlenfftig ausgefuͤhret das nicht der churfuͤrſt ſondern der kaͤyſer der pommerſchen laͤnder proprietarius ſey vnd das der hertzog mit nichten ein uſufructuarius ſeiner lande koͤnne genennet werden,der hertzog hat auch drauff schrifftlich in einer triplica geantwortet und auch dieselbe uerlesen lassen und weitlenfftig ausgefuhret das nicht der churfurst sondern der kayser der pommerschen lander proprietarius sey und das der hertzog mit nichten ein usufructuarius seiner lande konne genennet werden
micraelius_pommernland03_1639,body,215,2,True,510,Jmgleichen auch dargethan/ daß das Recht/ ſo Churfuͤrſt Ludewig der Beyer auff Pommern etwa gehabt/ dieſem Churfuͤrſten/ als der anderes Stammes iſt/ nicht zu ſtaten komme/ inſonderheit/ weil Pommern widerumb dem Reiche von dem Beyer Fuͤrſten ſelbſt ewiglich einverliebet ſey.,jmgleichen auch dargethan daß das recht ſo churfuͤrſt ludewig der beyer auff pommern etwa gehabt dieſem churfuͤrſten als der anderes stammes iſt nicht zu ſtaten komme inſonderheit weil pommern widerumb dem reiche von dem beyer fuͤrſten ſelbſt ewiglich einverliebet ſey,imgleichen auch dargethan dass das recht so churfurst ludewig der beyer auff pommern etwa gehabt diesem churfursten als der anderes stammes ist nicht zu staten komme insonderheit weil pommern widerumb dem reiche uon dem beyer fursten selbst ewiglich einuerliebet sey
micraelius_pommernland03_1639,body,216,0,False,510,Als dieſes nun alles alſo fuͤrgetragen/ hat das Kaͤyſerliche Regiment dieſen Fuͤrſchlag gethan/ weil zweyerley Jrꝛungen zufellen weren.,als dieſes nun alles alſo fuͤrgetragen hat das kaͤyſerliche regiment dieſen fuͤrſchlag gethan weil zweyerley jrꝛungen zufellen weren,als dieses nun alles also furgetragen hat das kayserliche regiment diesen furschlag gethan weil zweyerley irungen zufellen weren
micraelius_pommernland03_1639,body,216,1,False,510,I. Das Brandenburg anzeucht/ als habe Pommern/ nach vermoͤge obgeregter Vertraͤge/ nicht gebuͤhret/ ſeine Hertzogthumbe von Kaͤyſ. Mayt. zu Lehen zu empfangen.,i das brandenburg anzeucht als habe pommern nach vermoͤge obgeregter vertraͤge nicht gebuͤhret ſeine hertzogthumbe von kaͤyſ mayt zu lehen zu empfangen,i das brandenburg anzeucht als habe pommern nach uermoge obgeregter uertrage nicht gebuhret seine hertzogthumbe uon kays mayt zu lehen zu empfangen
micraelius_pommernland03_1639,body,216,2,False,510,II. Das Pom̃ern vermeinet/ es habe Brandenburg/ nach inhalt obgemelter Vertraͤge/ nicht geziemet/ Jhme an Kaͤyſ. Mayt. erforderung durch auffhaltung vnd entwendung derſelben Kaͤyſerlichen Briefe/ vnd Fuͤrſtlichen Seßion bey Kaͤyſ. Mayt. vnd den verſamleten Reichsſtaͤnden zuverhindern.,ii das pom̃ern vermeinet es habe brandenburg nach inhalt obgemelter vertraͤge nicht geziemet jhme an kaͤyſ mayt erforderung durch auffhaltung vnd entwendung derſelben kaͤyſerlichen briefe vnd fuͤrſtlichen seßion bey kaͤyſ mayt vnd den verſamleten reichsſtaͤnden zuverhindern,ii das pommern uermeinet es habe brandenburg nach inhalt obgemelter uertrage nicht geziemet ihme an kays mayt erforderung durch auffhaltung und entwendung derselben kayserlichen briefe und furstlichen session bey kays mayt und den uersamleten reichsstanden zuuerhindern
micraelius_pommernland03_1639,body,216,3,False,510,Das Brandenburg hinfuͤhro die Hertzogen an jhrer Seßion vnd empfahung der Lehne vom Reiche nicht verhindere/ doch das die Hertzogen vber keinen Regierenden Marggraffen Seßion hetten/ vnd das dabeneben in allen Kaͤyſerlichen Lehens Briefen den Hertzogen gegeben/ klaͤrlich ausgedrucket wuͤrde/ das ſolches alles Brandenburg an jhrer hergebrachter vnd gebuͤhrender empfahung vnd belehnung von Kaͤyſ. Mayt. derſelben Hertzogthuͤmber/ Namen/ Titul/ Anfall/ vnabbruͤchig vnd vnſchaͤdlich ſey.,das brandenburg hinfuͤhro die hertzogen an jhrer seßion vnd empfahung der lehne vom reiche nicht verhindere doch das die hertzogen vber keinen regierenden marggraffen seßion hetten vnd das dabeneben in allen kaͤyſerlichen lehens briefen den hertzogen gegeben klaͤrlich ausgedrucket wuͤrde das ſolches alles brandenburg an jhrer hergebrachter vnd gebuͤhrender empfahung vnd belehnung von kaͤyſ mayt derſelben hertzogthuͤmber namen titul anfall vnabbruͤchig vnd vnſchaͤdlich ſey,das brandenburg hinfuhro die hertzogen an ihrer session und empfahung der lehne uom reiche nicht uerhindere doch das die hertzogen uber keinen regierenden marggraffen session hetten und das dabeneben in allen kayserlichen lehens briefen den hertzogen gegeben klarlich ausgedrucket wurde das solches alles brandenburg an ihrer hergebrachter und gebuhrender empfahung und belehnung uon kays mayt derselben hertzogthumber namen titul anfall unabbruchig und unschadlich sey
micraelius_pommernland03_1639,body,216,4,True,510,Das auch ſo offt eine Belehnung geſchicht/ die obgemelten Vertraͤge zwiſchen Brandenburg vnd Stettin Pommern vnd derſelben Landſchafft zuvor vernewert/ doch dieſem Regiments Vertrage nicht zu widern verſtanden werden; Das ferner Kaͤyſ. Mayt. nichtes deſtoweniger den Churfuͤrſten vnd Marggraffen neben andern jhren Regalien vnd Lehen die Pommerſche Lande fuͤro/ wie etliche Zeit hero geſchehen/ leihe/ vnd mit klaren Worten melde/ nach dem die Hertzogen von Pommern gedachtes Hertzogthumb auch vom Reiche empfangen/ das ſolches dem Churfuͤrſten an ſeiner Empfahung/ auch an Titul/ Wapen/ vnd Anfall/ vñ auch deme vom Regiment auffgerichteten Vertrage/ nicht abbruͤchig/ ſondern eine Vernewerung vnd Beſtetigung ſeye/ vnd endlich/ ſo offt die Hertzogen von jhren Vnterthanen Lehenspflicht auffnehmen/ das Churfuͤrſtliche Raͤthe durchs gantze Land mit darbey ſein/ vnd in den Lehenbriefen begriffen werde/ ſo der Fuͤrſtliche Pommerſche Stam̃ abſtuͤrbe/ das alsdann ſie niemand anders/ dann einem Chur Fuͤrſten von Brandenburg verpflichtet vnd verwand ſeyen.,das auch ſo offt eine belehnung geſchicht die obgemelten vertraͤge zwiſchen brandenburg vnd stettin pommern vnd derſelben landſchafft zuvor vernewert doch dieſem regiments vertrage nicht zu widern verſtanden werden das ferner kaͤyſ mayt nichtes deſtoweniger den churfuͤrſten vnd marggraffen neben andern jhren regalien vnd lehen die pommerſche lande fuͤro wie etliche zeit hero geſchehen leihe vnd mit klaren worten melde nach dem die hertzogen von pommern gedachtes hertzogthumb auch vom reiche empfangen das ſolches dem churfuͤrſten an ſeiner empfahung auch an titul wapen vnd anfall vñ auch deme vom regiment auffgerichteten vertrage nicht abbruͤchig ſondern eine vernewerung vnd beſtetigung ſeye vnd endlich ſo offt die hertzogen von jhren vnterthanen lehenspflicht auffnehmen das churfuͤrſtliche raͤthe durchs gantze land mit darbey ſein vnd in den lehenbriefen begriffen werde ſo der fuͤrſtliche pommerſche stam̃ abſtuͤrbe das alsdann ſie niemand anders dann einem chur fuͤrſten von brandenburg verpflichtet vnd verwand ſeyen,das auch so offt eine belehnung geschicht die obgemelten uertrage zwischen brandenburg und stettin pommern und derselben landschafft zuuor uernewert doch diesem regiments uertrage nicht zu widern uerstanden werden das ferner kays mayt nichtes destoweniger den churfursten und marggraffen neben andern ihren regalien und lehen die pommersche lande furo wie etliche zeit hero geschehen leihe und mit klaren worten melde nach dem die hertzogen uon pommern gedachtes hertzogthumb auch uom reiche empfangen das solches dem churfursten an seiner empfahung auch an titul wapen und anfall und auch deme uom regiment auffgerichteten uertrage nicht abbruchig sondern eine uernewerung und bestetigung seye und endlich so offt die hertzogen uon ihren unterthanen lehenspflicht auffnehmen das churfurstliche rathe durchs gantze land mit darbey sein und in den lehenbriefen begriffen werde so der furstliche pommersche stamm absturbe das alsdann sie niemand anders dann einem chur fursten uon brandenburg uerpflichtet und uerwand seyen
micraelius_pommernland03_1639,body,217,0,False,511,Der Fuͤrſchlag der Brandenburgiſchen Rhaͤte war aber dieſer: Das der Churfuͤrſt hinfuͤhro dem Hertzogen nicht aus pflicht/ ſondern dem Kaͤyſer zugefallen/ vnd dem Reiche zu guthe/ die Seſsion aus freundlichem willen/ doch das ſie vber keinen Regierenden Marggraffen ſitzen/ nachgebe/ vnd wenn er ſeine Lehen vom Kaͤyſer nimpt/ der Hertzog dem Kaͤyſer auch Pflicht thue/ vnd an die Fahne der Hertzogthuͤmber vnd Laͤnder in Pommern greiffe/ doch alſo/ das er den Lehenſtuel vnter der Fahnen/ oder ſonſt/ nicht berenne/ oder auch die Lehen bey Kaͤyſerl. Mayt. anderweit ſuche/ ſondern dem Churfuͤrſten/ wegen nachlaſſung der angreifung der Fahnen vnd Seſſion/ Paſewalck/ Clempenow/ Torgelow/ vnd Stoltzenburg zuſtelle/ vnd erblich vbergebe/ vnd im vbrigen ſich halte/ wie im Fuͤrſchlage des Regiments enthalten.,der fuͤrſchlag der brandenburgiſchen rhaͤte war aber dieſer das der churfuͤrſt hinfuͤhro dem hertzogen nicht aus pflicht ſondern dem kaͤyſer zugefallen vnd dem reiche zu guthe die seſsion aus freundlichem willen doch das ſie vber keinen regierenden marggraffen ſitzen nachgebe vnd wenn er ſeine lehen vom kaͤyſer nimpt der hertzog dem kaͤyſer auch pflicht thue vnd an die fahne der hertzogthuͤmber vnd laͤnder in pommern greiffe doch alſo das er den lehenſtuel vnter der fahnen oder ſonſt nicht berenne oder auch die lehen bey kaͤyſerl mayt anderweit ſuche ſondern dem churfuͤrſten wegen nachlaſſung der angreifung der fahnen vnd seſſion paſewalck clempenow torgelow vnd stoltzenburg zuſtelle vnd erblich vbergebe vnd im vbrigen ſich halte wie im fuͤrſchlage des regiments enthalten,der furschlag der brandenburgischen rhate war aber dieser das der churfurst hinfuhro dem hertzogen nicht aus pflicht sondern dem kayser zugefallen und dem reiche zu guthe die session aus freundlichem willen doch das sie uber keinen regierenden marggraffen sitzen nachgebe und wenn er seine lehen uom kayser nimpt der hertzog dem kayser auch pflicht thue und an die fahne der hertzogthumber und lander in pommern greiffe doch also das er den lehenstuel unter der fahnen oder sonst nicht berenne oder auch die lehen bey kayserl mayt anderweit suche sondern dem churfursten wegen nachlassung der angreifung der fahnen und session pasewalck clempenow torgelow und stoltzenburg zustelle und erblich ubergebe und im ubrigen sich halte wie im furschlage des regiments enthalten
micraelius_pommernland03_1639,body,217,1,True,512,Weil aber dieſe Fuͤrſchlaͤge dem Hertzogen nicht annehmlich waren/ als der vermeinete/ wañ er in Thuͤrnen oder Stecken were/ das ſie jhme nicht leichtlich koͤnten angemuthet werden/ noch zuthun ſein/ als wolte er gar nichtes davon reden/ ſondern ſchlug dieſe Mittel fuͤr/ das er die Lehensempfengnus vnd Seſsion/ wie andere Fuͤrſten/ derer Lande auff einen Fall auch anderen verſchrieben ſind/ haben vnd behalten; Den Fall aber dem Churfuͤrſten verwahren/ vnd verſichern wolle.,weil aber dieſe fuͤrſchlaͤge dem hertzogen nicht annehmlich waren als der vermeinete wañ er in thuͤrnen oder stecken were das ſie jhme nicht leichtlich koͤnten angemuthet werden noch zuthun ſein als wolte er gar nichtes davon reden ſondern ſchlug dieſe mittel fuͤr das er die lehensempfengnus vnd seſsion wie andere fuͤrſten derer lande auff einen fall auch anderen verſchrieben ſind haben vnd behalten den fall aber dem churfuͤrſten verwahren vnd verſichern wolle,weil aber diese furschlage dem hertzogen nicht annehmlich waren als der uermeinete wann er in thurnen oder stecken were das sie ihme nicht leichtlich konten angemuthet werden noch zuthun sein als wolte er gar nichtes dauon reden sondern schlug diese mittel fur das er die lehensempfengnus und session wie andere fursten derer lande auff einen fall auch anderen uerschrieben sind haben und behalten den fall aber dem churfursten uerwahren und uersichern wolle
micraelius_pommernland03_1639,body,218,0,False,512,Ob nun wol das Kaͤyſerliche Regiment/ durch muͤndliche Mittel vnd andere wege/ ſich hierauff befliſſe/ die Partheyen guͤthlich zuvertragen/ ſo hat doch ſolches alles kein ſtatt noch folge erlangen moͤgen.,ob nun wol das kaͤyſerliche regiment durch muͤndliche mittel vnd andere wege ſich hierauff befliſſe die partheyen guͤthlich zuvertragen ſo hat doch ſolches alles kein ſtatt noch folge erlangen moͤgen,ob nun wol das kayserliche regiment durch mundliche mittel und andere wege sich hierauff beflisse die partheyen guthlich zuuertragen so hat doch solches alles kein statt noch folge erlangen mogen
micraelius_pommernland03_1639,body,218,1,False,512,Vnd als endlich der Churfuͤrſt den xvij. Aprilis von Nuͤrnberg ſich anheimb begab; Bat der Hertzog folgendes Tages/ alles an Kaͤyſ. Mayt. zuſchicken/ vnd vbergab Copey aller Briefe/ die in den Actis angezogen werden.,vnd als endlich der churfuͤrſt den xvij aprilis von nuͤrnberg ſich anheimb begab bat der hertzog folgendes tages alles an kaͤyſ mayt zuſchicken vnd vbergab copey aller briefe die in den actis angezogen werden,und als endlich der churfurst den xuii aprilis uon nurnberg sich anheimb begab bat der hertzog folgendes tages alles an kays mayt zuschicken und ubergab copey aller briefe die in den actis angezogen werden
micraelius_pommernland03_1639,body,218,2,False,512,Der Churfuͤrſt aber/ als der bey dem letzten klaren vnd hellen Vertrage bleiben wolte/ achtete nicht noͤtig/ da er drumb erſuchet ward/ andere Briefe zuvbergeben/ vnd begehrete ſchrifftlich an das Regiment/ die Abſchrifft oder Copeyen vom Hertzogen nicht anzunehmen.,der churfuͤrſt aber als der bey dem letzten klaren vnd hellen vertrage bleiben wolte achtete nicht noͤtig da er drumb erſuchet ward andere briefe zuvbergeben vnd begehrete ſchrifftlich an das regiment die abſchrifft oder copeyen vom hertzogen nicht anzunehmen,der churfurst aber als der bey dem letzten klaren und hellen uertrage bleiben wolte achtete nicht notig da er drumb ersuchet ward andere briefe zuubergeben und begehrete schrifftlich an das regiment die abschrifft oder copeyen uom hertzogen nicht anzunehmen
micraelius_pommernland03_1639,body,218,3,True,512,Solches aber iſt jhme abgeſchlagen/ mit dem Vorwenden/ das Regiment koͤnte nicht vollkoͤmlichen Bericht dem Kaͤyſer thun/ wo nicht die Pommerſche Abſchifften angenommen/ vnd dem Kaͤyſer eingehaͤndiget wuͤrden.,solches aber iſt jhme abgeſchlagen mit dem vorwenden das regiment koͤnte nicht vollkoͤmlichen bericht dem kaͤyſer thun wo nicht die pommerſche abſchifften angenommen vnd dem kaͤyſer eingehaͤndiget wuͤrden,solches aber ist ihme abgeschlagen mit dem uorwenden das regiment konte nicht uollkomlichen bericht dem kayser thun wo nicht die pommersche abschifften angenommen und dem kayser eingehandiget wurden
micraelius_pommernland03_1639,body,219,0,False,513,Alſo iſt nun die koſtbahre vnd anſehenliche Nuͤrnbergiſche Kaͤyſerliche Commiſsion zwiſchen Brandenburg vnd Pommern/ nach deme ſie in die fuͤnffte Woche ſich verzogen/ vnfruchtbarlich ergangen: Welche ich deßwegen hie etwas weitleufftig/ doch aus viel weitleufftigern Actis/ nur kurtz zuſammen gefaſſet/ habe herſetzen wollen/ das man ſo wol des Churfuͤrſtlichen/ als des Pommerſchen Hauſes erhebliche vnd durchdringende Vrſachen ſehe/ warumb ſie beyderſeits offtmahln zun Wafen gegriffen haben.,alſo iſt nun die koſtbahre vnd anſehenliche nuͤrnbergiſche kaͤyſerliche commiſsion zwiſchen brandenburg vnd pommern nach deme ſie in die fuͤnffte woche ſich verzogen vnfruchtbarlich ergangen welche ich deßwegen hie etwas weitleufftig doch aus viel weitleufftigern actis nur kurtz zuſammen gefaſſet habe herſetzen wollen das man ſo wol des churfuͤrſtlichen als des pommerſchen hauſes erhebliche vnd durchdringende vrſachen ſehe warumb ſie beyderſeits offtmahln zun wafen gegriffen haben,also ist nun die kostbahre und ansehenliche nurnbergische kayserliche commission zwischen brandenburg und pommern nach deme sie in die funffte woche sich uerzogen unfruchtbarlich ergangen welche ich desswegen hie etwas weitleufftig doch aus uiel weitleufftigern actis nur kurtz zusammen gefasset habe hersetzen wollen das man so wol des churfurstlichen als des pommerschen hauses erhebliche und durchdringende ursachen sehe warumb sie beyderseits offtmahln zun wafen gegriffen haben
micraelius_pommernland03_1639,body,219,1,False,513,Gelebe ſonſt der Hoffnung/ das mir/ als einem Liebhaber der Antiquitaͤten/ vnd der die Alte Geſchichte der Pommern herfuͤr zuſuchen/ mich vnterwunden habe/ nichtes kan verdacht werden/ ſo Jch/ als ichs gefunden/ vorgebracht.,gelebe ſonſt der hoffnung das mir als einem liebhaber der antiquitaͤten vnd der die alte geſchichte der pommern herfuͤr zuſuchen mich vnterwunden habe nichtes kan verdacht werden ſo jch als ichs gefunden vorgebracht,gelebe sonst der hoffnung das mir als einem liebhaber der antiquitaten und der die alte geschichte der pommern herfur zusuchen mich unterwunden habe nichtes kan uerdacht werden so ich als ichs gefunden uorgebracht
micraelius_pommernland03_1639,body,219,2,False,513,Andere/ auch woll grim̃igere Nationen/ als wir ſein/ koͤnnen es wol leyden/ vnd nehmen es mit dancke an/ das man vorbringe/ was von Alters bey jhnen/ es ſey guth oder boͤſes/ geſchehen ſey.,andere auch woll grim̃igere nationen als wir ſein koͤnnen es wol leyden vnd nehmen es mit dancke an das man vorbringe was von alters bey jhnen es ſey guth oder boͤſes geſchehen ſey,andere auch woll grimmigere nationen als wir sein konnen es wol leyden und nehmen es mit dancke an das man uorbringe was uon alters bey ihnen es sey guth oder boses geschehen sey
micraelius_pommernland03_1639,body,219,3,True,513,So werde ja Jch auch bey denen/ ſo die Warheit/ vnd die Hiſtoriſche Erzehlungen lieb haben/ keinen Vndanck verdienen koͤnnen.,so werde ja jch auch bey denen ſo die warheit vnd die hiſtoriſche erzehlungen lieb haben keinen vndanck verdienen koͤnnen,so werde ia ich auch bey denen so die warheit und die historische erzehlungen lieb haben keinen undanck uerdienen konnen
micraelius_pommernland03_1639,body,220,0,False,513,Auff der Ruͤckreiſe von Nuͤrnberg iſt Hertzog Bogiſlaus durch Sachſen gezogen/ hat D. Martinum Lutherum predigen hoͤren/ auch mit jhme Geſpraͤch gehalten/ vnd da er ſich zur Beicht erboth/ den Schimpf vnd Ernſt von jhme gehoͤret/ weil er ein groſſer Herr were/ das er auch ein groſſer Suͤnder ſein muͤſſe.,auff der ruͤckreiſe von nuͤrnberg iſt hertzog bogiſlaus durch sachſen gezogen hat d martinum lutherum predigen hoͤren auch mit jhme geſpraͤch gehalten vnd da er ſich zur beicht erboth den schimpf vnd ernſt von jhme gehoͤret weil er ein groſſer herr were das er auch ein groſſer suͤnder ſein muͤſſe,auff der ruckreise uon nurnberg ist hertzog bogislaus durch sachsen gezogen hat d martinum lutherum predigen horen auch mit ihme gesprach gehalten und da er sich zur beicht erboth den schimpf und ernst uon ihme gehoret weil er ein grosser herr were das er auch ein grosser sunder sein musse
micraelius_pommernland03_1639,body,220,1,False,513,Jmgleichen hat Er eine Eheberedung zwiſchen ſeinem Sohn Barnimb/ vnd des Churfuͤrſten zu Sachſen Friderici Schweſter Tochter Anna/ Hertzog Heinrichs zu Luͤnenburgk Tochter befordert/ vnnd ſich alſo mit den vornembſten Chur- vnd Fuͤrſten verwand gemachet.,jmgleichen hat er eine eheberedung zwiſchen ſeinem sohn barnimb vnd des churfuͤrſten zu sachſen friderici schweſter tochter anna hertzog heinrichs zu luͤnenburgk tochter befordert vnnd ſich alſo mit den vornembſten chur vnd fuͤrſten verwand gemachet,imgleichen hat er eine eheberedung zwischen seinem sohn barnimb und des churfursten zu sachsen friderici schwester tochter anna hertzog heinrichs zu lunenburgk tochter befordert unnd sich also mit den uornembsten chur und fursten uerwand gemachet
micraelius_pommernland03_1639,body,220,2,False,514,Aber ſo bald er zu Hauſe kam/ fand er daſelbſt ſchon des Lutheri Lehr zu Treptow fuͤr ſich/ vnd hoͤrete/ wie zum Stralſund vnd Stolpa mit der Bildſtuͤrmerey gar ſchnell verfahren were.,aber ſo bald er zu hauſe kam fand er daſelbſt ſchon des lutheri lehr zu treptow fuͤr ſich vnd hoͤrete wie zum stralſund vnd stolpa mit der bildſtuͤrmerey gar ſchnell verfahren were,aber so bald er zu hause kam fand er daselbst schon des lutheri lehr zu treptow fur sich und horete wie zum stralsund und stolpa mit der bildsturmerey gar schnell uerfahren were
micraelius_pommernland03_1639,body,220,3,True,514,Was aber ſolche Sachen/ ſo die Reformation der Religion betreffen/ angehet/ hat D. Cramerus in ſeinem Kirchen Chroniko zur genuͤge beſchrieben/ vnd iſt nicht noͤtig/ allhie zu widerholen.,was aber ſolche sachen ſo die reformation der religion betreffen angehet hat d cramerus in ſeinem kirchen chroniko zur genuͤge beſchrieben vnd iſt nicht noͤtig allhie zu widerholen,was aber solche sachen so die reformation der religion betreffen angehet hat d cramerus in seinem kirchen chroniko zur genuge beschrieben und ist nicht notig allhie zu widerholen
micraelius_pommernland03_1639,body,221,0,False,514,Bald darauff hat ſich der loͤbliche Fuͤrſt vbel auff befunden/ vnd die Vhr/ derer er nach ſeinem Sprichwort allezeit erwartete/ war im Jahr mdxxiij. da. Vnd er ſtarb im lxx. Jahr ſeines Alters/ in einem Hauſe auff Marien Kirchhoff/ da er im Alter luſt hette ſich auffzuhalten/ vnd hette funffzig Jahr ſein Regiment loͤblich vnd woll verwaltet/ vnd die Luſt vnd Vnluſt dieſer Welt lange genug getragen.,bald darauff hat ſich der loͤbliche fuͤrſt vbel auff befunden vnd die vhr derer er nach ſeinem sprichwort allezeit erwartete war im jahr mdxxiij da vnd er ſtarb im lxx jahr ſeines alters in einem hauſe auff marien kirchhoff da er im alter luſt hette ſich auffzuhalten vnd hette funffzig jahr ſein regiment loͤblich vnd woll verwaltet vnd die luſt vnd vnluſt dieſer welt lange genug getragen,bald darauff hat sich der lobliche furst ubel auff befunden und die uhr derer er nach seinem sprichwort allezeit erwartete war im iahr mdxxiii da und er starb im lxx iahr seines alters in einem hause auff marien kirchhoff da er im alter lust hette sich auffzuhalten und hette funffzig iahr sein regiment loblich und woll uerwaltet und die lust und unlust dieser welt lange genug getragen
micraelius_pommernland03_1639,body,221,1,False,514,Jſt ſonſt ein feiner wol proportionirter anſehenlicher Herꝛ geweſen/ alſo/ das er vnter vielen groſſen Leuten in Pommern keinen/ der jhme an der groͤſſe vnd ſtatur gleichete/ gehabt/ ſondern fuͤr andern/ wie ein Rieſe/ anzuſehen geweſen/ vnd nach der groͤſſe des Leibes/ hat er auch ſo viele an Eſſen vnd Trincken bezwingen koͤnnen/ das er/ wenn er hungerig war/ ohne alle andere Speiſe einen gantzen Schincken oder gebratene Gans mit Luſt allein hat auffgeſſen/ vnd zu leſchung ſeines Durſtes/ ſo viele getruncken/ das andere/ die jhme beſcheid thun ſolten/ druͤber truncken geworden ſeyn.,jſt ſonſt ein feiner wol proportionirter anſehenlicher herꝛ geweſen alſo das er vnter vielen groſſen leuten in pommern keinen der jhme an der groͤſſe vnd ſtatur gleichete gehabt ſondern fuͤr andern wie ein rieſe anzuſehen geweſen vnd nach der groͤſſe des leibes hat er auch ſo viele an eſſen vnd trincken bezwingen koͤnnen das er wenn er hungerig war ohne alle andere speiſe einen gantzen schincken oder gebratene gans mit luſt allein hat auffgeſſen vnd zu leſchung ſeines durſtes ſo viele getruncken das andere die jhme beſcheid thun ſolten druͤber truncken geworden ſeyn,ist sonst ein feiner wol proportionirter ansehenlicher her gewesen also das er unter uielen grossen leuten in pommern keinen der ihme an der grosse und statur gleichete gehabt sondern fur andern wie ein riese anzusehen gewesen und nach der grosse des leibes hat er auch so uiele an essen und trincken bezwingen konnen das er wenn er hungerig war ohne alle andere speise einen gantzen schincken oder gebratene gans mit lust allein hat auffgessen und zu leschung seines durstes so uiele getruncken das andere die ihme bescheid thun solten druber truncken geworden seyn
micraelius_pommernland03_1639,body,221,2,False,514,Vnd wie er ſelbſt von Perſon groß war/ alſo hat Er auch gemeiniglich gerne groſſe/ wollgewachſene/ ſtarcke Leute vmb ſich gehabt.,vnd wie er ſelbſt von perſon groß war alſo hat er auch gemeiniglich gerne groſſe wollgewachſene ſtarcke leute vmb ſich gehabt,und wie er selbst uon person gross war also hat er auch gemeiniglich gerne grosse wollgewachsene starcke leute umb sich gehabt
micraelius_pommernland03_1639,body,221,3,False,515,Vnd man weis noch anjetzo von dem Crockawen in Pommern viele zu ſagen/ der bey jhme am Hofe geweſen/ vnd ſich ſo ſtarck befunden/ das er nicht allein ein Huffeyſen mitten entzwey reiſſen/ ſondern auch zugleich auff einmahl drey Tonnen Bier aus den Kellern hat tragen koͤnnen.,vnd man weis noch anjetzo von dem crockawen in pommern viele zu ſagen der bey jhme am hofe geweſen vnd ſich ſo ſtarck befunden das er nicht allein ein huffeyſen mitten entzwey reiſſen ſondern auch zugleich auff einmahl drey tonnen bier aus den kellern hat tragen koͤnnen,und man weis noch anietzo uon dem crockawen in pommern uiele zu sagen der bey ihme am hofe gewesen und sich so starck befunden das er nicht allein ein huffeysen mitten entzwey reissen sondern auch zugleich auff einmahl drey tonnen bier aus den kellern hat tragen konnen
micraelius_pommernland03_1639,body,221,4,False,515,Denn zwo gantze Tonnen faſſete er in beyde Haͤnde oben am Spund/ vnd vnter jeglichem Arme hielt er eine halbe Tonne/ vñ gieng alſo mit ſeinem Schlafftruncke/ ſo offt jhme der zu Stettin/ zu Wolgaſt/ zu Schwerin/ vnd andern Fuͤrſtlichen Hoͤfen vergoͤnnet ward/ aus den tiefeſten Kellern herfuͤr.,denn zwo gantze tonnen faſſete er in beyde haͤnde oben am spund vnd vnter jeglichem arme hielt er eine halbe tonne vñ gieng alſo mit ſeinem schlafftruncke ſo offt jhme der zu stettin zu wolgaſt zu schwerin vnd andern fuͤrſtlichen hoͤfen vergoͤnnet ward aus den tiefeſten kellern herfuͤr,denn zwo gantze tonnen fassete er in beyde hande oben am spund und unter ieglichem arme hielt er eine halbe tonne und gieng also mit seinem schlafftruncke so offt ihme der zu stettin zu wolgast zu schwerin und andern furstlichen hofen uergonnet ward aus den tiefesten kellern herfur
micraelius_pommernland03_1639,body,221,5,False,515,Man ſagt/ das er an ſtatt der Zahnen einen gantzen Knochen im Munde gehabt.,man ſagt das er an ſtatt der zahnen einen gantzen knochen im munde gehabt,man sagt das er an statt der zahnen einen gantzen knochen im munde gehabt
micraelius_pommernland03_1639,body,221,6,False,515,Es hat jhm einmahl ein beruͤmbter Ringer zu Stettin ohne betrug mit jhme zu ringen angeboten.,es hat jhm einmahl ein beruͤmbter ringer zu stettin ohne betrug mit jhme zu ringen angeboten,es hat ihm einmahl ein berumbter ringer zu stettin ohne betrug mit ihme zu ringen angeboten
micraelius_pommernland03_1639,body,221,7,False,515,Als aber derſelbe der Abrede vngeachtet ein Stuͤcke gebrauchet/ vnd jhn geſtoſſen/ da er nicht ſolte/ hat er jhn im Grim̃ ſo gefaſſet/ das er jhn dermaſſen an den Boden warff/ das er alſo todt liegen blieb/ vnd man gnug an jhme zu kuͤhlen gehabt.,als aber derſelbe der abrede vngeachtet ein stuͤcke gebrauchet vnd jhn geſtoſſen da er nicht ſolte hat er jhn im grim̃ ſo gefaſſet das er jhn dermaſſen an den boden warff das er alſo todt liegen blieb vnd man gnug an jhme zu kuͤhlen gehabt,als aber derselbe der abrede ungeachtet ein stucke gebrauchet und ihn gestossen da er nicht solte hat er ihn im grimm so gefasset das er ihn dermassen an den boden warff das er also todt liegen blieb und man gnug an ihme zu kuhlen gehabt
micraelius_pommernland03_1639,body,221,8,False,515,Es hat auch Werner von der Schulenburg zur ſelben zeit/ einen Lauſenitzer Wend an den Hoff gebracht/ der ſonſt nicht mehr aß vnd tranck/ als ein ander Menſch/ aber wenn mans haben wolte/ einen gantzen Ochſen/ oder eine groſſe Ballie voll Fiſche im Tage auffreſſen konte.,es hat auch werner von der schulenburg zur ſelben zeit einen lauſenitzer wend an den hoff gebracht der ſonſt nicht mehr aß vnd tranck als ein ander menſch aber wenn mans haben wolte einen gantzen ochſen oder eine groſſe ballie voll fiſche im tage auffreſſen konte,es hat auch werner uon der schulenburg zur selben zeit einen lausenitzer wend an den hoff gebracht der sonst nicht mehr ass und tranck als ein ander mensch aber wenn mans haben wolte einen gantzen ochsen oder eine grosse ballie uoll fische im tage auffressen konte
micraelius_pommernland03_1639,body,221,9,True,515,Aber dieſen Freſſer wolte Kaͤyſer Friederich/ da er jhme von Churfuͤrſt Friederichen/ deme er geſchencket war/ nicht annehmen/ vnd ſagete/ Er dorfte des Wendes nicht/ als der ſchon zuvor vnnuͤtzes Geſindes/ das viele freſſe/ vnd wenig thete/ mehr als jhme gefaͤllig/ hette.,aber dieſen freſſer wolte kaͤyſer friederich da er jhme von churfuͤrſt friederichen deme er geſchencket war nicht annehmen vnd ſagete er dorfte des wendes nicht als der ſchon zuvor vnnuͤtzes geſindes das viele freſſe vnd wenig thete mehr als jhme gefaͤllig hette,aber diesen fresser wolte kayser friederich da er ihme uon churfurst friederichen deme er geschencket war nicht annehmen und sagete er dorfte des wendes nicht als der schon zuuor unnutzes gesindes das uiele fresse und wenig thete mehr als ihme gefallig hette
micraelius_pommernland03_1639,body,222,0,False,516,Zum Beſchluß dieſes erſten Theiles vnſers dritten Buches/ wil ich die Proſopographiam des Groſſen Bogislai/ aus vnſern Pommerſchen Annalibus Johannis Engelberti/ weil ſie mercklich iſt/ von Wort zu Wort herſetzen: Es hat Hertzog Bogislaff in der Jugend braunliche Haar/ auffs Alter aber eine Gleze gehabt/ daher er auch gemeinlich eine guͤldine Haube getragen/ eines braunlichen/ herꝛlichen/ wackeren/ lieblichen vnd manlichen Angeſichtes/ vnd alſo im anſehen/ das man jhn zugleich forchten vnd lieben muͤſſen/ hoher Stirn oder Vorhauptes/ brauner/ offenbahrer/ lebendiger Augen/ feiner ſubtilen Naſenwelche in der mitten ein wenig erhaben war/ vñ zimbliches Mundes/ zerſpaltenen Kinnes/ breiter vnd ſtarcker Bruſt/ ſchoͤnes Leibes/ vnd gerader Schenckel.,zum beſchluß dieſes erſten theiles vnſers dritten buches wil ich die proſopographiam des groſſen bogislai aus vnſern pommerſchen annalibus johannis engelberti weil ſie mercklich iſt von wort zu wort herſetzen es hat hertzog bogislaff in der jugend braunliche haar auffs alter aber eine gleze gehabt daher er auch gemeinlich eine guͤldine haube getragen eines braunlichen herꝛlichen wackeren lieblichen vnd manlichen angeſichtes vnd alſo im anſehen das man jhn zugleich forchten vnd lieben muͤſſen hoher stirn oder vorhauptes brauner offenbahrer lebendiger augen feiner ſubtilen naſenwelche in der mitten ein wenig erhaben war vñ zimbliches mundes zerſpaltenen kinnes breiter vnd ſtarcker bruſt ſchoͤnes leibes vnd gerader schenckel,zum beschluss dieses ersten theiles unsers dritten buches wil ich die prosopographiam des grossen bogislai aus unsern pommerschen annalibus iohannis engelberti weil sie mercklich ist uon wort zu wort hersetzen es hat hertzog bogislaff in der iugend braunliche haar auffs alter aber eine gleze gehabt daher er auch gemeinlich eine guldine haube getragen eines braunlichen herlichen wackeren lieblichen und manlichen angesichtes und also im ansehen das man ihn zugleich forchten und lieben mussen hoher stirn oder uorhauptes brauner offenbahrer lebendiger augen feiner subtilen nasenwelche in der mitten ein wenig erhaben war und zimbliches mundes zerspaltenen kinnes breiter und starcker brust schones leibes und gerader schenckel
micraelius_pommernland03_1639,body,222,1,False,516,Jn Summa er iſt nach ſeiner Laͤnge vnd Groͤſſe ſo wollgeſtalt vnd proportionieret geweſen/ als man zu der zeit einen Menſchen finden moͤgen/ hat durch ſein gantzes Leben gewuͤnſchete Geſundheit gehabt/ allein/ das er wegen angeheileter Lungen in der Wunden/ ſo jhme ein Hirſch geſtoſſen/ inmaſſen zuvor gedacht/ zu zeiten einen kurtzen Athem vnd ſchwere Bruſt hette.,jn summa er iſt nach ſeiner laͤnge vnd groͤſſe ſo wollgeſtalt vnd proportionieret geweſen als man zu der zeit einen menſchen finden moͤgen hat durch ſein gantzes leben gewuͤnſchete geſundheit gehabt allein das er wegen angeheileter lungen in der wunden ſo jhme ein hirſch geſtoſſen inmaſſen zuvor gedacht zu zeiten einen kurtzen athem vnd ſchwere bruſt hette,in summa er ist nach seiner lange und grosse so wollgestalt und proportionieret gewesen als man zu der zeit einen menschen finden mogen hat durch sein gantzes leben gewunschete gesundheit gehabt allein das er wegen angeheileter lungen in der wunden so ihme ein hirsch gestossen inmassen zuuor gedacht zu zeiten einen kurtzen athem und schwere brust hette
micraelius_pommernland03_1639,body,222,2,False,516,Hat zu allen frewdigen dingen/ zu bunten ſchoͤnen Kleidern/ guten Pferden/ zur Jagt/ zum Weidewerck/ zu ſchieſſen/ zu tornieren/ zu rennen/ zu ſtechen/ vnd inſonderheit zur Muſica groſſe Luſt vnd Zuneigung getragen.,hat zu allen frewdigen dingen zu bunten ſchoͤnen kleidern guten pferden zur jagt zum weidewerck zu ſchieſſen zu tornieren zu rennen zu ſtechen vnd inſonderheit zur muſica groſſe luſt vnd zuneigung getragen,hat zu allen frewdigen dingen zu bunten schonen kleidern guten pferden zur iagt zum weidewerck zu schiessen zu tornieren zu rennen zu stechen und insonderheit zur musica grosse lust und zuneigung getragen
micraelius_pommernland03_1639,body,222,3,False,516,Vnd weil er ſelbſt von Perſon ſtarck vnd gros war/ hatte er auch gemeiniglich gerne groſſe/ anſehenliche vnd vornehme Leute/ vnd viele Dienere vmb ſich/ welches jhme dann nicht ein geringes Anſehen gab.,vnd weil er ſelbſt von perſon ſtarck vnd gros war hatte er auch gemeiniglich gerne groſſe anſehenliche vnd vornehme leute vnd viele dienere vmb ſich welches jhme dann nicht ein geringes anſehen gab,und weil er selbst uon person starck und gros war hatte er auch gemeiniglich gerne grosse ansehenliche und uornehme leute und uiele dienere umb sich welches ihme dann nicht ein geringes ansehen gab
micraelius_pommernland03_1639,body,222,4,False,516,War eines behertzeten/ Heroiſchen vnd tapferen Gemuͤthes/ vnd doch dabey nicht frech vnd tyranniſch/ alſo das er in Gefahr vnd widerwertigen Zufaͤllen nicht verzagete/ noch im Gluͤck vnd Wollſtande ſich von Vbermuth oder Stoltz ließ einnehmen.,war eines behertzeten heroiſchen vnd tapferen gemuͤthes vnd doch dabey nicht frech vnd tyranniſch alſo das er in gefahr vnd widerwertigen zufaͤllen nicht verzagete noch im gluͤck vnd wollſtande ſich von vbermuth oder stoltz ließ einnehmen,war eines behertzeten heroischen und tapferen gemuthes und doch dabey nicht frech und tyrannisch also das er in gefahr und widerwertigen zufallen nicht uerzagete noch im gluck und wollstande sich uon ubermuth oder stoltz liess einnehmen
micraelius_pommernland03_1639,body,222,5,False,517,War nicht gerne an abgelegenen verborgenen oͤrtern/ ſondern hette luſt vnter Leuten zu ſein/ vnd geſehen zu werden.,war nicht gerne an abgelegenen verborgenen oͤrtern ſondern hette luſt vnter leuten zu ſein vnd geſehen zu werden,war nicht gerne an abgelegenen uerborgenen ortern sondern hette lust unter leuten zu sein und gesehen zu werden
micraelius_pommernland03_1639,body,222,6,False,517,Wañ er auch von Ehrlichen Zuſammenkunfften geladen/ ſchlug er es ſelten ab/ gemeinlich ſtellete er ſich in der Perſon/ vñ verehrete auch dazu ſo viele/ dz es die/ ſo jhn geladen/ keinen Schaden hetten/ hielt viele von ſeinen Rhaͤten vnd Dienern/ vñ ſahe gerne/ das ſie bey jhme Reich wurden/ ſo es nur nicht mit Jemandes Schaden zugieng/ hatte Gottes Wort vnd die Geiſtligkeit lieb/ beforderte dieſelbe in alle wege: Wo er konte/ hoͤrete er alle Morgen/ ehe er in weltlichen Sachen oder Haͤndeln etwas anfieng oder verrichtete/ eine Predigt oder Meſſe/ hielt auch ſeine Diener vnd Geſinde dazu/ dz ſie in Gottesfurchten leben/ vnd fleißig zur Kirchen gehen muͤſten.,wañ er auch von ehrlichen zuſammenkunfften geladen ſchlug er es ſelten ab gemeinlich ſtellete er ſich in der perſon vñ verehrete auch dazu ſo viele dz es die ſo jhn geladen keinen schaden hetten hielt viele von ſeinen rhaͤten vnd dienern vñ ſahe gerne das ſie bey jhme reich wurden ſo es nur nicht mit jemandes schaden zugieng hatte gottes wort vnd die geiſtligkeit lieb beforderte dieſelbe in alle wege wo er konte hoͤrete er alle morgen ehe er in weltlichen sachen oder haͤndeln etwas anfieng oder verrichtete eine predigt oder meſſe hielt auch ſeine diener vnd geſinde dazu dz ſie in gottesfurchten leben vnd fleißig zur kirchen gehen muͤſten,wann er auch uon ehrlichen zusammenkunfften geladen schlug er es selten ab gemeinlich stellete er sich in der person und uerehrete auch dazu so uiele dz es die so ihn geladen keinen schaden hetten hielt uiele uon seinen rhaten und dienern und sahe gerne das sie bey ihme reich wurden so es nur nicht mit iemandes schaden zugieng hatte gottes wort und die geistligkeit lieb beforderte dieselbe in alle wege wo er konte horete er alle morgen ehe er in weltlichen sachen oder handeln etwas anfieng oder uerrichtete eine predigt oder messe hielt auch seine diener und gesinde dazu dz sie in gottesfurchten leben und fleissig zur kirchen gehen musten
micraelius_pommernland03_1639,body,222,7,False,517,Gegen ſeine Vnterthanen hohes vnd nidriges Standes war er milde vnd guͤtig/ hoͤrete dieſelbe/ wenn ſie etwas zuklagen oder zuberichten hetten/ gerne/ vnd verhalff einem jeden/ was recht vnd billig war.,gegen ſeine vnterthanen hohes vnd nidriges standes war er milde vnd guͤtig hoͤrete dieſelbe wenn ſie etwas zuklagen oder zuberichten hetten gerne vnd verhalff einem jeden was recht vnd billig war,gegen seine unterthanen hohes und nidriges standes war er milde und gutig horete dieselbe wenn sie etwas zuklagen oder zuberichten hetten gerne und uerhalff einem ieden was recht und billig war
micraelius_pommernland03_1639,body,222,8,True,517,Jn Summa/ Er iſt ein Fuͤrſt geweſen/ deſſen Lob vnd Tugenden nicht gnugſam zubeſchreiben/ vnd wiewol etliche geringe Fehle vnd Gebrechen mit vnterlieffen/ wie dann kein Menſch auff Erden vollkom̃en befunden wird/ ſo ſein doch ſolche Maͤngel durch groſſe Tugend vnd loͤbliche Thaten dermaſſen obſcuriret vnd bedecket/ das dieſelbe jhme billig zu gute zuhalten.,jn summa er iſt ein fuͤrſt geweſen deſſen lob vnd tugenden nicht gnugſam zubeſchreiben vnd wiewol etliche geringe fehle vnd gebrechen mit vnterlieffen wie dann kein menſch auff erden vollkom̃en befunden wird ſo ſein doch ſolche maͤngel durch groſſe tugend vnd loͤbliche thaten dermaſſen obſcuriret vnd bedecket das dieſelbe jhme billig zu gute zuhalten,in summa er ist ein furst gewesen dessen lob und tugenden nicht gnugsam zubeschreiben und wiewol etliche geringe fehle und gebrechen mit unterlieffen wie dann kein mensch auff erden uollkommen befunden wird so sein doch solche mangel durch grosse tugend und lobliche thaten dermassen obscuriret und bedecket das dieselbe ihme billig zu gute zuhalten
micraelius_pommernland03_1639,body,223,0,True,517,Ende des dritten Buchs.,ende des dritten buchs,ende des dritten buchs
